11,99410309631331,0.063099,-0.03002,-0.516374,0.853506,3.0
10,99410309631331,0.8571718,-4.982745,-0.95528984
4,99410326093049,0.01571265,0.11371698,0.03542004
4,99410331093049,0.01571265,0.11371698,0.03542004
11,99410336432008,0.063099,-0.03002,-0.516374,0.853506,3.0
4,99410356065133,0.015180019,0.094808534,0.023702133
10,99410346432008,1.0884326,-4.922156,-0.5167246
11,99410356065133,0.059242,-0.028007,-0.516233,0.853936,3.0
10,99410336432008,1.0884326,-4.922156,-0.5167246
4,99410341432008,0.015180019,0.094808534,0.023702133
10,99410356065133,1.0884326,-4.922156,-0.5167246
4,99410347493779,0.010918961,0.09321064,0.027164243
4,99410366413466,0.061252706,0.101999074,0.040480047
10,99410366413466,0.9674386,-5.038275,-0.68077755
4,99410309631331,0.01571265,0.11371698,0.03542004
10,99410376650289,0.9674386,-5.038275,-0.68077755
4,99410369559820,0.061252706,0.101999074,0.040480047
4,99410376650289,0.061252706,0.101999074,0.040480047
4,99410381220654,0.061252706,0.101999074,0.040480047
11,99410376650289,0.055159,-0.02645,-0.524635,0.849126,3.0
4,99410361846331,0.061252706,0.101999074,0.040480047
11,99410366413466,0.055159,-0.02645,-0.524635,0.849126,3.0
10,99410323766331,0.90565294,-4.7289844,-0.58146286
10,99410404354976,0.90565294,-4.7289844,-0.58146286
4,99410317825601,0.015446335,0.08042747,0.03222425
4,99410323766331,0.015446335,0.08042747,0.03222425
11,99410323766331,0.049582,-0.024701,-0.543495,0.837582,3.0
11,99410385958518,0.049582,-0.024701,-0.543495,0.837582,3.0
11,99410393340758,0.049582,-0.024701,-0.543495,0.837582,3.0
11,99410404354976,0.049582,-0.024701,-0.543495,0.837582,3.0
10,99410393340758,0.90565294,-4.7289844,-0.58146286
4,99410398628310,0.015446335,0.08042747,0.03222425
4,99410393340758,0.015446335,0.08042747,0.03222425
4,99410404354976,0.015446335,0.08042747,0.03222425
4,99410389222633,0.015446335,0.08042747,0.03222425
10,99410385958518,0.90565294,-4.7289844,-0.58146286
4,99410412758622,-0.025033714,0.061519023,-0.0034621095
4,99410435320810,-0.004527374,0.03355583,-0.01304949
4,99410430320810,-0.004527374,0.03355583,-0.01304949
4,99410423784976,-0.004527374,0.03355583,-0.01304949
10,99410423784976,0.8403081,-4.821732,-0.29562664
11,99410433784976,0.041213,-0.020992,-0.553735,0.831406,3.0
10,99410414354976,0.8403081,-4.821732,-0.29562664
11,99410423784976,0.041213,-0.020992,-0.553735,0.831406,3.0
4,99410417758622,-0.004527374,0.03355583,-0.01304949
10,99410433784976,0.8403081,-4.821732,-0.29562664
4,99410440320810,0.018375812,0.026365295,-0.011451593
4,99410451949976,0.018375812,0.026365295,-0.011451593
4,99410446249872,0.018375812,0.026365295,-0.011451593
10,99410446249872,0.8403081,-4.821732,-0.29562664
11,99410446249872,0.041213,-0.020992,-0.553735,0.831406,3.0
4,99410385958518,0.018375812,0.026365295,-0.011451593
4,99410407758622,0.018375812,0.026365295,-0.011451593
4,99410463230185,0.02956109,0.019441076,-0.008788432
10,99410463230185,0.8252094,-4.7426605,-0.30274296
11,99410463230185,0.037197,-0.019817,-0.563257,0.825205,3.0
10,99410473901591,0.8547993,-4.428869,-0.39695358
4,99410473901591,0.010120012,0.008788432,-0.0034621095
11,99410473901591,0.035322,-0.019077,-0.563317,0.825264,3.0
4,99410467440289,0.010120012,0.008788432,-0.0034621095
4,99410456949976,0.010120012,0.008788432,-0.0034621095
11,99410482019872,0.033146,-0.018674,-0.571925,0.819422,3.0
4,99410482019872,-0.007456851,-0.0029294773,-0.008255799
10,99410482019872,0.87374693,-4.3526373,-0.36665535
4,99410490523987,-0.023169503,-0.015180019,-0.011451593
4,99410478082112,-0.023169503,-0.015180019,-0.011451593
10,99410495151435,0.8626427,-4.3105907,-0.3698311
11,99410495151435,0.031059,-0.017911,-0.572017,0.819457,3.0
4,99410495151435,-0.023169503,-0.015180019,-0.011451593
4,99410501086278,-0.025566347,-0.020240024,-0.011717909
10,99410506258466,0.85077447,-4.2682405,-0.3728361
11,99410506258466,0.028769,-0.017452,-0.580058,0.813879,3.0
4,99410506258466,-0.021837922,-0.022370555,-0.011185277
4,99410509446174,-0.021837922,-0.022370555,-0.011185277
10,99410516216174,0.8102455,-4.3224874,-0.37080288
11,99410516216174,0.026692,-0.016713,-0.580141,0.813906,3.0
4,99410516216174,-0.017310547,-0.025832662,-0.009321064
4,99410519976851,-0.010386328,-0.03195793,-0.011717909
10,99410523324403,0.7976987,-4.2819705,-0.37330914
11,99410523324403,0.024489,-0.016257,-0.58756,0.808646,3.0
4,99410523324403,-0.010386328,-0.03195793,-0.011717909
4,99410529577320,-0.0077231675,-0.03355583,-0.016511599
10,99410536033831,0.7847361,-4.241805,-0.37561226
4,99410536033831,-0.0029294773,-0.03781689,-0.02396845
4,99410540550862,0.0077231675,-0.04527374,-0.03222425
10,99410548419612,0.80692065,-4.291297,-0.384861
4,99410548419612,0.01438107,-0.0479369,-0.03568636
4,99410550160028,0.023702133,-0.0479369,-0.035153728
4,99410562533883,0.03195793,-0.050866377,-0.03355583
4,99410555160028,0.03195793,-0.050866377,-0.03355583
4,99410564886487,0.038615838,-0.06231797,-0.02396845
10,99410568970341,0.6177086,-4.1238527,-0.33072948
4,99410568970341,0.038615838,-0.06231797,-0.02396845
4,99410572478518,0.038615838,-0.06897587,-0.024767399
10,99410581075445,0.6490484,-4.0493827,-0.24828625
4,99410581075445,0.035153728,-0.07483483,-0.03195793
4,99410586480185,0.045007423,-0.08495484,-0.054062173
10,99410593140758,0.5843878,-3.955295,-0.13556862
4,99410593140758,0.0479369,-0.092944324,-0.05912218
4,99410596882737,0.04580637,-0.09986854,-0.05965481
10,99410602118883,0.55991256,-3.930567,-0.15079689
4,99410602118883,0.036751624,-0.10546118,-0.06018744
4,99410608678466,0.024501082,-0.114782244,-0.06098639
10,99410612275289,0.5411439,-3.8976693,-0.15153503
4,99410612275289,0.011451593,-0.124902256,-0.063116916
4,99410616178049,-2.663161E-4,-0.13342437,-0.06498113
10,99410623297372,0.58220476,-3.669553,-0.21437359
4,99410623297372,-0.012516857,-0.14141385,-0.06684534
4,99410626316799,-0.024767399,-0.14620754,-0.06364955
10,99410629248935,0.6899438,-3.6168807,-0.2550745
4,99410629248935,-0.024767399,-0.14620754,-0.06364955
4,99410635929195,-0.055926383,-0.15579493,-0.05539375
10,99410643173726,0.68164885,-3.5299864,-0.24620819
4,99410646218049,-0.06870956,-0.1635181,-0.0479369
11,99410649026226,2.79E-4,-0.011919,-0.631059,0.775643,3.0
4,99410654026226,-0.063116916,-0.180296,-0.04873585
4,99410669840080,-0.06178534,-0.19281286,-0.04181163
11,99410659026226,-0.004515,-0.011395,-0.637219,0.770585,3.0
4,99410674840080,-0.061252706,-0.20426446,-0.021571605
10,99410679840080,0.65882313,-3.4093044,-0.49865532
4,99410684386383,-0.049002163,-0.21092236,-0.0037284256
4,99410691673622,-0.042876896,-0.21411815,0.0018642128
10,99410701093622,0.63001394,-3.3732462,-0.49770164

11,99410701093622,-0.011765,-0.010985,-0.642163,0.766398,3.0
4,99410696673622,-0.04527374,-0.21944448,0.006657903
4,99410705470237,-0.06950851,-0.23089607,0.010386328
10,99410713360705,0.5390006,-3.3734393,-0.5764084
11,99410713360705,-0.016713,-0.010826,-0.642016,0.766432,3.0
4,99410713360705,-0.08628642,-0.23835292,0.01304949
2,99410718383258,-44.0,2.0,26.0
4,99410718383258,-0.10173275,-0.24341293,0.018109497
10,99410729184299,0.5911231,-3.5841331,-0.53863716
11,99410729184299,-0.01949,-0.010554,-0.645901,0.763099,3.0
4,99410723383258,-0.099069595,-0.24074976,0.027164243
4,99410737567737,-0.07243799,-0.23915187,0.035153728
10,99410744218830,0.56037414,-3.541513,-0.5365381
11,99410744218830,-0.02219,-0.01029,-0.647834,0.761388,3.0
4,99410744218830,-0.06178534,-0.23595607,0.038615838
4,99410748071330,-0.056459017,-0.23409186,0.040213734
11,99410755639508,-0.027251,-0.010041,-0.647408,0.761589,3.0
4,99410755639508,-0.054328486,-0.22743396,0.03888215
4,99410765609195,-0.060720075,-0.19387813,0.032756884
4,99410760639508,-0.060720075,-0.19387813,0.032756884
11,99410785639508,-0.034561,-0.00912,-0.64808,0.760732,3.0
4,99410770609195,-0.09720538,-0.15100123,0.005060006
4,99410795132476,-0.099069595,-0.13635385,-0.006657903
11,99410801420914,-0.039357,-0.007863,-0.648156,0.760448,3.0
4,99410800132476,-0.11451593,-0.08175905,-0.018375812
4,99410820531643,-0.11158645,-0.023435818,-0.029294772
4,99410815023153,-0.11158645,-0.023435818,-0.029294772
10,99410820023153,0.64459884,-3.4098177,-1.1416311
4,99410825531643,-0.11132014,-0.014913702,-0.03355583
4,99410839985757,-0.09267801,0.0053263223,-0.03355583
4,99410849985757,-0.06897587,0.013315806,-0.03542004
4,99410854916903,-0.06897587,0.013315806,-0.03542004
4,99410863942737,0.007989483,0.033822145,-0.051665325
4,99410873241747,0.02396845,0.03781689,-0.0561927
11,99410864916903,-0.051483,-0.001394,-0.647303,0.76049,3.0
4,99410877488362,0.045540057,0.054594804,-0.05912218
2,99410897075914,-39.0,11.0,22.0
-4,-0.647616,0.760089,3.0
4,99410882488362,0.03701794,0.07590009,-0.050866377
4,99410901017372,0.012516857,0.079095885,-0.045540057
4,99410921535601,-0.0061252704,0.07989483,-0.050866377
4,99410906017372,-0.0061252704,0.07989483,-0.050866377
4,99410926175810,-0.01571265,0.075101145,-0.05139901
11,99410931535601,-0.058908,0.004995,-0.646198,0.760876,3.0
4,99410955772685,-0.018375812,0.054328486,-0.054062173
4,99410966151643,-0.022903185,0.050866377,-0.0466054,994109611,99410954905966,-0.061265,0.006619,-0.643878,0.762642,3.0
4,99410974984351,-0.03089267,0.043942157,-0.032756884
11,99410976151643,-0.063724,0.00819,-0.642129,0.763894,99410979984351,-0.034088463,0.04474111,-0.02876214
4,99410992261330,-0.039414786,0.042077947,-0.026897928
4,99411002261330,-0.059921127,0.02956109,-0.026365295
4,99410997261330,-0.059921127,0.02956109,-0.026365295
4,99411019752580,-0.050333746,0.027696876,-0.02876214
10,99411028636747,0.40196782,-2.6833258,-0.49086952
4,99411028636747,-0.022104237,0.025033714,-0.029827405
4,99411033861174,-0.004527374,0.02263687,-0.02876214
11,99411044258934,-0.071198,0.012809,-0.639539,0.765346,3.0
4,99411047748830,0.015180019,0.014913702,-0.035153728
10,99411055261955,0.4405656,-2.6089492,-0.48053932
4,99411057206330,0.0039947415,0.015446335,-0.047137953
10,99411064692476,0.3897571,-2.4847674,-0.49382973
4,99411064692476,-0.0053263223,0.011185277,-0.051931642
4,99411066794872,-0.017576864,0.0077231675,-0.057257965
2,99411073555601,-38.0,8.0,23.0
4,99411073555601,-0.017576864,0.0077231675,-0.057257965
4,99411075720080,-0.038615838,0.0053263223,-0.06338324
4,99411085338414,-0.04474111,0.008522116,-0.06551377
4,99411087180914,-0.0479369,0.010652645,-0.066046394
4,99411153945497,0.0063915867,0.025832662,-0.09880310,4,99411186412632,0.0037284256,0.025832662,-0.0743022
10,99411211073414,0.4088791,-1.8766831,-0.75564003
11,99411211073414,-0.088372,0.020406,-0.635883,0.766437,3.0
4,99411211073414,7.9894834E-4,0.027696876,-0.060720075
4,99411213284872,7.9894834E-4,0.027696876,-0.060720075
11,99411160762632,-0.088372,0.020406,-0.635883,0.766437,3.0
4,99411160762632,7.9894834E-4,0.027696876,-0.060720075
10,99411160762632,0.4088791,-1.8766831,-0.75564003
4,99411168009820,7.9894834E-4,0.027696876,-0.060720075
4,99411163009820,7.9894834E-4,0.027696876,-0.060720075
11,99411172026487,-0.089267,0.020776,-0.635623,0.766538,3.0
4,99411222360549,0.002130529,0.0314253,-0.050866377
10,99411222360549,0.49236065,-1.8896681,-0.6708193
11,99411222360549,-0.089267,0.020776,-0.635623,0.766538,3.0
4,99411224076434,0.002130529,0.0314253,-0.050866377
4,99411218284872,0.002130529,0.0314253,-0.050866377
4,99411232227789,0.033822145,0.036485307,-0.04527374
11,99411242172632,-0.090926,0.021436,-0.634951,0.766882,3.0
4,99411243988414,0.07483483,0.03488741,-0.03355583
2,99411250604716,-40.0,6.0,22.0
4,99411252333101,0.10439592,0.046871636,-0.019707393
10,99411261907528,0.7094289,-2.005972,-0.3825493
4,99411263627216,0.10013486,0.14168017,-0.006657903
10,99411269452632,0.6990193,-2.4671693,0.002193451
4,99411271775809,0.014114754,0.36005938,0.057257965
4,99411281728361,-0.0727043,0.5185175,0.12170646
4,99411283449455,-0.18482338,0.69801456,0.20985709
10,99411289566643,0.1554209,-2.6048694,0.76811314
4,99411291552841,-0.42397526,0.99442434,0.45380265
4,99411306201851,-0.5022722,1.1089402,0.7121293
4,99411309182893,-0.47137952,1.0594054,0.8266452
10,99411313262684,-0.44817442,-2.086167,-0.0070266724
4,99411321684143,-0.26551718,0.53529537,0.69029135
10,99411326319820,-0.3707195,-2.0249147,0.0024328232
4,99411329453153,-0.20479709,0.25752768,0.43223104
10,99411331374143,0.20149472,-3.523685,2.190733
4,99411341478101,-0.06977482,-0.3864247,-0.37097836
10,99411347739351,0.18154669,-3.434616,2.2102785
4,99411350745653,-0.012250541,-0.46152583,-0.49135324
10,99411354086695,0.13235828,-3.4037247,2.2189503
4,99411361248882,0.10146644,-0.44048685,-0.3155846
10,99411365776851,0.08318311,-3.388403,2.2245207
4,99411368747528,0.1470065,-0.41918156,-0.23116238
10,99411370910132,0.018539637,-2.014131,-1.5631065
4,99411381027424,0.1818939,-0.41305628,-0.23728766
10,99411386996539,-0.08786753,-2.0182166,-1.558403
4,99411389975549,0.14327806,-0.4261058,-0.2958772
10,99411393122945,-0.14421597,-2.0206044,-1.55548
4,99411400819768,0.049534798,-0.5227785,-0.41785
10,99411405326070,-0.20885244,-2.0128918,-1.5494032
4,99411408294976,-0.07749799,-0.5118596,-0.50173956
10,99411410851486,0.2388612,-0.93789434,-1.463212
4,99411420568049,-0.12463594,-0.38029942,-0.48735848
10,99411426486903,0.1322785,-0.8972032,-1.4459171
2,99411429503726,-37.0,7.0,21.0
10,99411431388934,0.1322785,-0.8972032,-1.4459171
4,99411440333049,0.020772656,-0.18375812,-0.34967306
10,99411446251643,0.067629755,-0.8728075,-1.4348106
4,99411449230341,0.13502227,-0.116912775,-0.31931302
10,99411451095705,0.067629755,-0.8728075,-1.4348106
4,99411460104195,0.17257284,-0.05912218,-0.26631612
10,99411465974559,0.0332762,-0.8837521,-1.4341898
4,99411468958830,0.13502227,-0.010120012,-0.19547603
10,99411470808518,0.0332762,-0.8837521,-1.4341898
4,99411475808518,0.082025364,0.027696876,-0.12969595
10,99411485792841,0.020874023,-0.88294935,-1.432847
4,99411488801486,0.05219796,0.045540057,-0.08548747
10,99411490724038,0.020874023,-0.88294935,-1.432847
4,99411499677736,0.05539375,0.05352954,-0.05885586
10,99411505608934,0.017926574,-0.8716366,-1.4299774
4,99411508618622,0.06924219,0.06657903,-0.039947417
11,99411511113726,-0.116645,0.033643,-0.617194,0.777388,3.0
4,99411516113726,0.061519023,0.06578008,0.020506341
4,99411538833830,0.054328486,0.051931642,0.061252706
4,99411557965497,0.057257965,0.045540057,0.077231675
4,99411563519716,-0.007989483,0.028229509,0.13369069
4,99411594441486,-0.016777916,0.01784318,0.12463594
4,99411601064143,-0.02130529,0.026365295,0.12117383
2,99411605033570,-36.0,5.0,22.0
10,99411609323726,-0.030426562,-1.4197271,-0.4311447
4,99411614204611,-0.08229168,0.033023197,0.12543489
10,99411620861434,-0.012284279,-1.4812536,-0.31834888
4,99411624798101,-0.13741912,0.046072688,0.1272991
10,99411629110497,0.011356056,-1.6676288,-0.2733078
4,99411633988466,-0.19627498,0.05752428,0.13768543
10,99411640661747,-0.068011105,-1.7161696,-0.32021332
4,99411644569455,-0.21172132,0.06231797,0.14460965
10,99411648897788,-0.025181293,-1.6758893,-0.45011044
4,99411654166955,-0.20612867,0.08841695,0.15020229
10,99411660409455,0.11897111,-1.588876,-0.43655586
4,99411666078934,-0.20985709,0.124902256,0.15792546
10,99411669686174,0.18496996,-1.5669677,-0.2508688
4,99411674404351,-0.23568976,0.12942964,0.16271915
10,99411681667632,0.16413414,-1.629065,-0.13162518
4,99411686345341,-0.24048345,0.09374327,0.15819177
10,99411690265236,0.039353013,-1.6922419,-0.0045747757
4,99411694166643,-0.20080236,0.013582122,0.1304949
10,99411701679038,-0.15086246,-1.666667,-0.41138363
4,99411706255653,-0.17470337,-0.04261058,0.087085366
10,99411709754924,0.17967379,-1.3829036,-0.7754736
4,99411713093882,-0.170176,-0.02263687,0.0479369
10,99411720577268,0.18131196,-1.1526337,-0.62791824
4,99411725257580,-0.14833808,-0.047137953,0.035153728
10,99411728708309,-0.20449042,-1.3284559,-0.081092834
4,99411733402007,-0.11851067,-0.14247912,0.011451593
10,99411740410393,-0.11763966,-1.6440701,0.22208977
4,99411744291486,-0.083889574,-0.1984055,-0.054594804
10,99411748070184,0.10278773,-1.7140386,0.25474644
4,99411753235445,-0.049002163,-0.19574234,-0.09454222
10,99411759306538,0.053076863,-1.7655232,0.21257591
4,99411764311226,-0.048203215,-0.17470337,-0.052996907
10,99411768059768,0.103159904,-1.7365215,0.10065746
4,99411772980080,-0.07163903,-0.1222391,0.018908445
10,99411780523413,0.29626667,-1.5409758,-0.17157745
2,99411785421382,-44.0,5.0,21.0
10,99411788993518,0.4279971,-1.3243225,-0.23060894
4,99411792219455,-0.14141385,-0.019973708,0.104928546
10,99411799136018,0.43380308,-1.2106097,-0.19842148
4,99411806807476,-0.16085494,0.0058589545,0.11371698
10,99411817736226,0.69103426,-0.9594629,-0.3202591
4,99411820710757,-0.12117383,0.039947417,0.10359697
10,99411828177268,0.71158224,-0.9047439,-0.37098503
4,99411830590913,-0.08894958,0.072171666,0.10173275
11,99411848965236,-0.150244,0.056341,-0.606638,0.778615,3.0
4,99411852190653,-0.14061491,0.09454222,0.10173275
10,99411860858101,0.508883,-1.0579758,-0.24851704
4,99411864554299,-0.17949706,0.07483483,0.08362326
10,99411869463934,0.51143605,-1.0287459,-0.23931313
4,99411873364768,-0.1355549,0.07243799,0.086020105
10,99411878440497,0.46199155,-1.3511837,-0.020079613
4,99411882242059,-0.09560748,0.07536746,0.09321064
10,99411887654820,0.37818068,-1.3687332,-0.03046608
4,99411892472684,-0.025300032,0.08575379,0.11664646
10,99411899162111,0.3941639,-1.3567245,-0.040680885
4,99411904137580,0.032756884,0.10759171,0.13768543
10,99411907776382,0.304999,-1.2432811,-0.117069244
4,99411910991278,0.02743056,0.10892329,0.1419465
10,99411918933517,0.28596598,-1.2062802,-0.15753078
4,99411923781851,-0.020240024,0.099069595,0.12650016
10,99411927427320,0.24463707,-1.1284647,-0.13959503
4,99411930693101,-0.038615838,0.09667275,0.11638014
10,99411938706955,0.19589955,-1.1490622,-0.20626354
4,99411943597840,-0.11664646,0.08522116,0.07829694
10,99411947232892,0.076842606,-1.2297788,-0.11803341
4,99411950495236,-0.12836437,0.080960095,0.06178534
10,99411958486382,0.026344657,-1.2365239,-0.06722355
2,99411963381486,-48.0,2.0,22.0
10,99411967636695,-0.07855129,-1.3158016,0.067370415
4,99411972444299,-0.11025487,0.046072688,-0.0031957934
10,99411977515705,-0.112096965,-1.3206272,0.081832886
4,99411981361122,-0.077231675,0.02396845,-0.03701794
10,99411986547424,-0.10859454,-1.3147678,0.028352737
4,99411991346590,-0.03914847,7.9894834E-4,-0.070307456
10,99411998089299,-0.06769669,-1.2746327,-0.0046625137
4,99412003045184,-0.011451593,-0.019707393,-0.092944324
10,99412006768622,-0.005509436,-1.1776388,-0.012131691
4,99412010017111,0.011984225,-0.033289514,-0.09933591
10,99412017812424,-0.0028541088,-1.201705,-0.084508896
4,99412022662372,0.01571265,-0.03542004,-0.096939065
10,99412026324820,0.14015871,-1.145644,-0.12132168
4,99412029572736,0.022104237,-0.022104237,-0.09773801
10,99412037588101,0.20806694,-0.9656701,-0.11623192
4,99412042709038,0.04447479,0.0026631611,-0.09853696
10,99412046364195,0.1939475,-0.7832236,-0.08819103
4,99412049610809,0.041545313,0.0063915867,-0.094808534
10,99412057396747,0.17346084,-0.75540566,-0.09577942
4,99412062332163,0.011717909,0.010918961,-0.087884314
10,99412066027736,0.13887072,-0.7652712,-0.19328213
4,99412070851695,-0.012516857,0.008255799,-0.08442221
10,99412076071851,0.18337232,-0.7310591,-0.18508434
4,99412079872267,-0.006657903,0.01571265,-0.08042747
10,99412085417059,0.12434691,-0.6882887,-0.031380653
4,99412090179663,0.005060006,0.004261058,-0.06684534
10,99412096938986,-0.0075284243,-0.70573497,-0.13148022
4,99412101723465,0.0010652645,-0.020772656,-0.060720075
10,99412105423257,0.08071774,-0.656435,-0.1356535
4,99412108691903,0.006924219,-0.023702133,-0.06844324
10,99412116722372,0.10012567,-0.6557183,0.025069237
4,99412121571330,0.009054748,-0.029294772,-0.058589544
10,99412125231955,-0.0329777,-0.7332661,0.15726948
4,99412128473517,-0.0031957934,-0.0396811,-0.03488741
10,99412136507059,-0.06037897,-0.8253398,0.18970203
2,99412141364090,-50.0,2.0,23.0
10,99412145632580,-0.1499452,-0.93950605,0.10071182
4,99412148870028,-0.00479369,-0.05885586,0.004261058
10,99412156282528,-0.13469762,-0.99240136,-0.026871681
4,99412161098153,0.018109497,-0.052996907,0.009321064
10,99412164825444,-0.094828725,-0.92131615,-0.059818268
4,99412169612476,0.039414786,-0.051132694,0.0037284256
10,99412174692632,-0.11493367,-0.8160138,-0.062246323
4,99412178541903,0.02130529,-0.049801115,-0.0029294773
10,99412183080288,-0.105348885,-0.78727174,-0.10055065
4,99412188918413,-0.006657903,-0.05006743,-0.0055926386
10,99412197146174,-0.1061604,-0.7530749,-0.21153736
4,99412201939507,-0.06258429,-0.06338324,-0.008522116
10,99412205606694,-0.11448091,-0.7386184,-0.20524406
4,99412208854299,-0.05539375,-0.055127434,-0.007190535
10,99412214328205,0.017198741,-0.8846681,-0.24355125
4,99412219135392,-0.037284255,-0.04926848,-0.0053263223
10,99412223103153,0.023867369,-0.9306469,-0.20877934
4,99412228033413,-0.026631612,-0.041545313,-0.00479369
10,99412235219142,0.024305701,-0.9494636,-0.12199974
4,99412240032528,0.0063915867,-0.017044231,-0.009853696
10,99412243763622,0.0757066,-0.8772483,-0.18459892
4,99412247074819,0.018908445,-0.00958738,-0.011717909
10,99412254868361,0.054512978,-0.8194325,-0.26025677
4,99412259793205,0.025566347,0.022903185,0.0034621095
10,99412263591799,0.004364848,-0.7441468,-0.2697506
4,99412268361017,0.015978966,0.036218993,0.008522116
10,99412273331174,-0.01419127,-0.71155286,-0.3033476
4,99412277452788,-0.016245283,0.0561927,0.014913702
10,99412283389976,-0.080085814,-0.6314237,-0.2766323
4,99412286667476,-0.038615838,0.061519023,0.018109497
10,99412294350757,-0.12806809,-0.5992081,-0.3736267
4,99412299186642,-0.066046394,0.0777643,0.031158986
10,99412302896538,-0.108238876,-0.72683096,-0.27322388
4,99412307739819,-0.06524745,0.08149273,0.030360037
10,99412314317215,-0.16775346,-0.7507813,-0.18231869
2,99412319154559,-48.0,2.0,25.0
10,99412322739872,-0.18004566,-0.81459737,-0.19486618
4,99412326696069,-0.008788432,0.052996907,-0.012250541
10,99412334101069,-0.13548303,-0.8449602,-0.23914719
4,99412338930653,0.0034621095,0.064182185,-0.029028457
10,99412343562892,-0.14884984,-0.8170769,-0.22413635
4,99412346782944,0.0034621095,0.07829694,-0.018109497
10,99412353872996,-0.16750479,-0.71415067,-0.18599415
4,99412358691434,0.0031957934,0.08149273,-0.0039947415
10,99412363326121,-0.0971486,-0.59493613,-0.21032238
4,99412368159090,-0.010652645,0.08948222,0.0018642128
10,99412373073257,-0.0834921,-0.6040995,-0.2247858
4,99412376871903,-0.04447479,0.08894958,0.007456851
10,99412382332267,-0.23583955,-0.6080675,-0.23351574
4,99412385582424,-0.07163903,0.080960095,0.01784318
10,99412393426590,-0.30861646,-0.5074508,-0.09079933
4,99412398281174,-0.07536746,0.057790596,0.027963191
10,99412402901382,-0.37014353,-0.44014406,-0.026906967
4,99412406146799,-0.07962852,0.019973708,0.039947417
10,99412413179507,-0.36029452,-0.3968985,0.049225807
4,99412418014246,-0.09880328,-0.017576864,0.050600063
10,99412422641955,-0.27539718,-0.26240134,0.04449463
4,99412425891486,-0.12197278,-0.057257965,0.066046394
10,99412432980340,-0.30335575,-0.2525475,-0.009308815
4,99412437866486,-0.1555286,-0.09534117,0.10439592
10,99412442461382,-0.2548824,-0.38925695,-0.010806084
4,99412445699246,-0.16431704,-0.12676647,0.15579493
10,99412452796330,-0.13434434,-0.58290243,0.2261877
4,99412457612319,-0.10705908,-0.13768543,0.18855181
10,99412461327788,-0.057363212,-0.75784135,0.46452332
4,99412466189715,-0.03888215,-0.14088123,0.19361182
10,99412471119194,0.04743129,-0.7094307,0.42739105
4,99412475225184,0.009853696,-0.12516858,0.17496969
10,99412480796017,0.23701441,-0.5328853,0.25629997
4,99412485703049,0.010386328,-0.09161274,0.13901702
10,99412492310601,0.3526063,-0.52733994,0.015349388
2,99412497123986,-48.0,2.0,25.0
10,99412501407684,0.3148399,-0.70684123,-0.041182518
4,99412504655965,-0.14620754,-0.06258429,0.07403588
10,99412512092684,0.2980821,-0.92996573,0.016283035
4,99412516863726,-0.15659387,-0.054328486,0.045007423
10,99412521490184,0.28541887,-1.1040127,0.041882515
4,99412524726642,-0.10546118,-0.019707393,0.039947417
10,99412531866851,0.2679274,-1.1851141,-0.024869919
4,99412536731121,-0.03834952,0.012516857,0.03701794
10,99412541360132,0.25845814,-1.0718863,-0.02059555
4,99412544605028,0.0063915867,0.02956109,0.018908445
10,99412551645288,0.2598207,-0.94983935,-0.054721832
4,99412556467684,0.025300032,0.025566347,-0.011451593
10,99412561079403,0.2978953,-0.9070096,-0.14962578
4,99412566060444,0.039947417,0.032756884,-0.040480047
10,99412571035288,0.3631723,-0.87083197,-0.15895748
4,99412574896226,0.057257965,0.04527374,-0.0561927
10,99412580091746,0.27639794,-0.76074314,-0.08338928
4,99412583370548,0.064182185,0.047404267,-0.060720075
10,99412591188205,0.12866318,-0.69743514,-0.1617508
4,99412596182215,0.03914847,0.047137953,-0.06364955
10,99412599831434,0.10077715,-0.5903635,-0.14407158
4,99412603100809,0.019441076,0.054062173,-0.061519023
10,99412610967423,0.09303093,-0.54974985,-0.101281166
4,99412615920184,-0.028495824,0.060720075,-0.0396811
10,99412620503830,0.07930136,-0.4854796,0.01650238
4,99412623736903,-0.047137953,0.071106404,-0.016777916
10,99412630741746,0.10536826,-0.4579835,0.108449936
4,99412635661903,-0.053263225,0.06391586,-0.008255799
10,99412639355809,0.07716656,-0.3683281,0.20985508
4,99412642625601,-0.046339005,0.056991648,-0.0077231675
10,99412650520288,0.036033154,-0.34433198,0.22235107
4,99412655355705,-0.060453758,0.029294772,-0.0034621095
10,99412659938517,0.02930975,-0.31445432,0.20916462
4,99412664897892,-0.064182185,0.022104237,0.0031957934
10,99412669780340,0.04547751,-0.26484275,0.1436882
2,99412673578465,-45.0,2.0,26.0
10,99412677515861,0.14703286,-0.19974852,0.065784454
4,99412683690184,-0.043942157,0.016777916,0.052996907
10,99412690060444,0.19721079,-0.14479232,0.016225815
4,99412694949351,-0.052996907,0.025832662,0.10066749
10,99412699525861,0.066278696,-0.20777464,-0.09277344
4,99412702772059,-0.061252706,0.021837922,0.11797804
10,99412709855705,0.072066545,-0.22786641,-0.097872734
4,99412714816955,-0.04580637,0.05912218,0.1685781
10,99412719432632,0.35191858,-0.286237,-0.3329115
4,99412722638361,-0.03169162,0.10759171,0.18002969
10,99412729630913,0.5218215,-0.27805734,-0.3018875
4,99412734460496,-0.0055926386,0.262854,0.20772657
10,99412738144767,0.43997014,-0.551538,-0.16716957
4,99412741522944,-0.05273059,0.49481535,0.3139867
10,99412749453830,0.30341864,-0.69583035,-0.052895546
4,99412758232944,-0.31185618,0.88017476,0.6892261
10,99412764345132,-0.80644995,-0.8032322,0.7307129
4,99412766713986,-0.31638354,0.95634115,0.9962886
4,99412781039871,-0.25699505,0.9057411,1.2399678
4,99412784352371,-0.03009372,0.78589886,1.2487563
10,99412789662684,-0.42089376,-0.69882536,0.7521248
4,99412798471225,0.52810484,0.44741106,0.8072041
10,99412806055444,-2.381161,0.27852058,1.3602018
4,99412806055444,0.70440614,0.1555286,0.4348942
4,99412808010653,0.6098639,-0.17789917,0.05139901
4,99412820696642,-0.21678132,-0.6737798,-0.5270396
4,99412824032319,-0.7933557,-0.83010733,-0.61385864
10,99412831086434,-2.4694023,0.2950287,1.371356
4,99412839941121,-0.2625877,-0.757403,-0.34834146
10,99412846092163,-0.55470836,-2.4544625,0.2604208
4,99412846092163,-0.2625877,-0.757403,-0.34834146
4,99412848089455,0.046339005,-0.7126619,-0.30253512
4,99412853089455,0.5009406,-0.61838603,-0.26764768
4,99412864201694,0.62557656,-0.5592638,-0.2759035
10,99412872854715,-0.3161254,1.7848268,-2.7263575
4,99412872854715,0.4708469,-0.53982276,-0.30280143
4,99412874824663,0.18935075,-0.5110606,-0.34301516
4,99412889822163,-0.5001417,-0.4247742,-0.44235107
4,99412893089559,-0.711863,-0.36085832,-0.48948902
10,99412899011017,-0.49579322,1.8351893,-2.6868143
4,99412908173882,-0.6498113,-0.21145499,-0.5273059
10,99412914242371,0.3484193,-0.7737398,-1.0752625
4,99412916068934,-0.3752394,-0.095074855,-0.4530037
4,99412926756173,0.016777916,0.0127831735,-0.3355583
4,99412929961903,0.20373182,0.052996907,-0.28149614
10,99412938811850,0.44275755,-0.057206154,-1.0459065
4,99412947575861,0.43729106,0.11345066,-0.1834918
10,99412953550184,0.3696978,0.87405634,-1.2553358
11,99412953550184,-0.209542,0.089065,-0.577628,0.783903,3.0
4,99412955521694,0.39574575,0.12250541,-0.18722023
4,99412965521694,0.28868666,0.14514229,-0.2031992
4,99412972381850,0.23169503,0.16085494,-0.19947077
10,99412978867371,0.36446905,0.7818866,-1.2985106
4,99412987633621,0.11771172,0.18722023,-0.1123854
10,99412995030132,0.10847747,-0.042158604,0.040388107
4,99412997571694,0.05912218,0.19867182,-0.03195793
4,99413009647684,0.007989483,0.23222765,0.045007423
4,99413012341746,-0.020506341,0.25326663,0.090281166
10,99413019659298,0.17230713,-0.1858387,0.23004436
4,99413029014246,-0.15126756,0.29241508,0.24421188
2,99413033955027,-41.0,1.0,29.0
4,99413036324715,-0.19627498,0.2828277,0.31771514
4,99413041324715,-0.17656758,0.24873926,0.32810146
4,99413054668413,-0.13688648,0.20479709,0.27856666
4,99413059668413,-0.11930962,0.17656758,0.24261399
4,99413065926694,-0.10333065,0.15339808,0.20852552
4,99413070926694,-0.091080114,0.08282431,0.14567491
4,99413082431694,-0.094808534,0.043675844,0.10918961
4,99413090582944,-0.09081379,0.0031957934,0.06471482
4,99413092557267,-0.07856325,-0.038083203,0.015180019
4,99413106019663,-0.03834952,-0.098004326,-0.07084008
4,99413109266902,-0.011717909,-0.124902256,-0.09933591
10,99413114527059,-0.21082014,-0.9684248,0.6034546
4,99413123085705,0.076965354,-0.18429075,-0.14114754
4,99413130632423,0.09933591,-0.1984055,-0.14940333
4,99413132677267,0.109988555,-0.20692763,-0.15499598
4,99413140002111,0.1206412,-0.21038973,-0.16058862
4,99413141971902,0.12756541,-0.21385184,-0.16271915
4,99413155296538,0.14620754,-0.22184132,-0.1669802
4,99413158513205,0.15020229,-0.22264028,-0.16884442
10,99413164348361,-0.08324969,-0.2017641,0.2580862
4,99413173523257,0.10546118,-0.19707392,-0.15233281
10,99413181092163,-0.18171042,0.16004944,0.13585854
4,99413183049871,0.054594804,-0.16644756,-0.12516858
4,99413190107736,0.035952676,-0.1488707,-0.10466223
4,99413192049975,0.015180019,-0.14114754,-0.08362326
4,99413200871590,-0.0053263223,-0.13156016,-0.06258429
4,99413202902736,-0.022104237,-0.12010857,-0.046339005
2,99413210671434,-48.0,-4.0,29.0
4,99413213009663,-0.051931642,-0.114782244,-0.019973708
4,99413223363725,-0.06364955,-0.103064336,-0.00958738
4,99413227296538,-0.080960095,-0.0793622,0.008255799
10,99413232519454,-0.6390054,0.18439817,-0.14793491
4,99413235981538,-0.08575379,-0.05539375,0.021571605
10,99413244040132,-0.6996717,0.20276022,-0.22738743
4,99413248843517,-0.09986854,-0.061519023,0.031158986
10,99413252067163,-0.7473533,0.1269536,-0.20082855
4,99413255750132,-0.11638014,-0.075101145,0.03488741
10,99413262562944,-0.6627271,0.046129227,-0.2112999
4,99413266395079,-0.10972224,-0.07536746,0.034088463
10,99413270666329,-0.6835302,0.08692598,-0.12381458
4,99413275949871,-0.07829694,-0.08149273,0.04314321
10,99413282170392,-0.77294576,0.18677855,-0.061912537
4,99413286111850,-0.060453758,-0.10013486,0.062051654
10,99413290446590,-0.7529224,0.29320908,-0.003786087
4,99413295319038,-0.06791061,-0.12783173,0.06897587
10,99413301963100,-0.67321384,0.3445487,-0.055501938
4,99413305896434,-0.09081379,-0.15659387,0.066312715
10,99413310209350,-0.61346614,0.36426306,-0.14181519
4,99413316274350,-0.11664646,-0.17949706,0.07376956
10,99413323152319,-0.60370916,0.41475487,-0.19811916
4,99413327910652,-0.14407702,-0.20852552,0.09560748
10,99413331578361,-0.64063096,0.30826426,-0.16875744
4,99413334844194,-0.16564862,-0.24900557,0.11371698
10,99413342929767,-0.5867827,-0.056947708,-0.11038971
4,99413347725132,-0.16538231,-0.27377295,0.10892329
10,99413351361173,-0.34347343,-0.45540333,0.09359169
4,99413354624350,-0.14753912,-0.27696875,0.09720538
10,99413362703361,-0.23627925,-0.67384624,0.20118046
4,99413367522059,-0.05885586,-0.27084348,0.07190535
10,99413371146954,-0.2346561,-0.71810627,0.2726469
4,99413376125913,-0.029028457,-0.26738137,0.068176925
10,99413381226746,-0.14010596,-0.66672516,0.21485233
2,99413385120392,-49.0,-3.0,27.0
10,99413390918882,-0.005796194,-0.62872696,0.20409298
4,99413394245444,-0.011984225,-0.2034655,0.068176925
10,99413402265965,0.04909706,-0.57173634,0.25288582
4,99413407044038,-0.02876214,-0.180296,0.06551377
10,99413410684142,0.22157049,-0.50015116,0.3041935
4,99413414010652,-0.036485307,-0.17576863,0.060720075
10,99413422028829,0.291044,-0.5104308,0.2775383
4,99413426843413,-0.07163903,-0.15819177,0.05139901
10,99413430609611,0.2253511,-0.6833439,0.3645916
4,99413433917059,-0.08282431,-0.15339808,0.053795855
10,99413441817736,0.16605258,-0.76070213,0.36879635
4,99413446609194,-0.08974853,-0.13582122,0.068176925
10,99413450257631,0.29421008,-0.799067,0.45231724
4,99413453495600,-0.07643273,-0.11930962,0.070307456
10,99413461596329,0.31622887,-0.7111378,0.46227264
4,99413466385704,-0.03888215,-0.07350325,0.08069378
10,99413470079454,0.29866707,-0.5131674,0.27172756
4,99413475003204,-0.035952676,-0.06391586,0.086020105
10,99413480171121,0.34241128,-0.45246506,0.17633438
4,99413483971121,-0.04261058,-0.051665325,0.07989483
10,99413489628881,0.37383258,-0.3012786,0.037657738
4,99413493068777,-0.04660532,-0.034621093,0.05965481
10,99413501132319,0.46754718,-0.13894892,0.0015039444
4,99413506026277,-0.036485307,-0.0013315806,0.03009372
10,99413509643361,0.42657518,-0.25949764,0.11573601
4,99413512878621,-0.040213734,0.0039947415,0.028495824
10,99413520918986,0.37306213,-0.27393293,0.14152431
4,99413525752059,-0.044208474,0.0026631611,0.021571605
10,99413529399819,0.23823369,-0.31492138,0.12888908
4,99413532651902,-0.019973708,0.0015978967,0.008522116
10,99413540694350,0.24146926,-0.23234749,0.08827782
4,99413545536746,0.025033714,0.0055926386,0.0
10,99413549166329,0.25687623,-0.18496037,0.11970711
4,99413552446850,0.047670584,0.016245283,-0.004527374
10,99413560473725,0.19718623,-0.18947744,0.18117428
2,99413565374871,-50.0,3.0,24.0
10,99413569585392,0.093810916,-0.13855219,0.26686954
4,99413574456694,0.026897928,-0.0034621095,-2.663161E-4
10,99413579554142,0.18755424,-0.046417713,0.16394043
4,99413583364663,0.02396845,0.0013315806,-0.011717909
10,99413587443829,0.17682862,0.017569065,0.04442501
4,99413592325809,0.016245283,0.008522116,-0.013848438
10,99413600029871,0.021471977,-0.12731075,0.13395405
4,99413604854298,-0.014647386,-0.0034621095,-0.019441076
10,99413608501902,-0.041644216,-0.17376041,0.2681656
4,99413611778881,-0.046871636,-0.01917476,-0.037550572
10,99413619798934,-0.077602625,-0.24635267,0.31780624
4,99413624627215,-0.04926848,-0.025033714,-0.040213734
10,99413628334350,-0.09920144,-0.36697292,0.3147087
4,99413631560600,-0.015180019,-0.020772656,-0.03169162
10,99413639581434,-0.07253778,-0.39280176,0.27624702
4,99413644500652,0.025033714,-0.010386328,-0.030626353
10,99413648149715,-0.043294907,-0.24728537,0.18086529
4,99413651363777,0.04660532,-0.013315806,-0.052464273
10,99413659359402,-0.03956902,-0.18235731,0.09925842
4,99413664206069,0.027164243,-0.015180019,-0.07643273
10,99413667849038,-0.020535946,-0.1535821,0.0214262
4,99413672616694,-0.018908445,-0.017044231,-0.094009586
10,99413677707215,-0.045146942,-0.230412,0.08735561
4,99413681664038,-0.053263225,-0.009853696,-0.101999074
10,99413686195079,0.012291789,-0.3166027,0.16397381
4,99413692003829,-0.041012682,0.0031957934,-0.103863284
10,99413700188881,-0.08374119,-0.39832687,0.25116062
4,99413705029246,-0.007456851,0.012250541,-0.100933805
10,99413708660183,-0.08884382,-0.39672232,0.25284004
4,99413711892944,0.03888215,0.02743056,-0.10892329
10,99413718690236,0.0022324324,-0.2683363,0.16803932
4,99413723529350,0.06977482,0.041012682,-0.12330436
10,99413727151173,-0.018167377,-0.1997695,0.15124512
4,99413730419350,0.058589544,0.04926848,-0.12756541
10,99413738464506,-0.043025613,-0.09206438,0.13963223
2,99413743352423,-48.0,2.0,24.0
10,99413747556121,-0.062243223,-0.0927515,0.21739864
4,99413750775444,0.025832662,0.05672533,-0.12463594
10,99413758241277,-0.14233172,-0.083330154,0.2018528
4,99413763089194,0.036751624,0.05885586,-0.111852765
10,99413765206277,-0.18543565,-0.03782797,0.2377739
4,99413771774611,0.051931642,0.05539375,-0.10546118
10,99413778122527,-0.20316672,-0.0109472275,0.26298428
4,99413782349402,0.07989483,0.035153728,-0.103064336
10,99413784457163,-0.2462591,0.06566334,0.25340462
4,99413791156017,0.081226416,0.026365295,-0.104928546
10,99413797613413,-0.28162837,0.13865376,0.2205162
4,99413802469767,0.06897587,0.008522116,-0.0974717
10,99413807086538,-0.2820735,0.166224,0.25008774
4,99413810327527,0.06471482,0.007456851,-0.092944324
10,99413817389767,-0.2804216,0.1542654,0.17738533
4,99413822204506,0.032490566,0.0010652645,-0.071106404
10,99413825878517,-0.25972462,0.22502613,0.20595741
4,99413830640496,0.030626353,0.0018642128,-0.06364955
10,99413837166746,-0.24843657,0.21611166,0.17316914
4,99413841961746,0.01438107,-0.0015978967,-0.03169162
10,99413846586017,-0.2982266,0.12212753,0.1719017
4,99413849825548,0.0010652645,-0.0034621095,-0.021571605
10,99413856954819,-0.29698205,0.08121538,0.092972755
4,99413861905965,-0.015978966,-0.0061252704,-0.0010652645
10,99413866534350,-0.37364924,-0.005645752,0.13937569
4,99413871350965,-0.013848438,-0.007190535,0.0061252704
10,99413876225183,-0.38729203,-0.08137894,0.11703682
4,99413880033517,-0.015180019,-0.011984225,0.016511599
10,99413885561121,-0.32462955,-0.19685173,0.10243988
4,99413888802788,-0.00479369,-0.002396845,0.014114754
10,99413896508569,-0.31652486,-0.22420454,0.13540268
4,99413901362788,0.0055926386,2.663161E-4,0.0058589545
10,99413905021902,-0.3892479,-0.32396746,0.12247181
4,99413908409558,-0.016245283,-0.0018642128,-5.326322E-4
10,99413916294246,-0.3832277,-0.34553623,0.08169079
2,99413921124194,-47.0,2.0,28.0
10,99413924654923,-0.41328156,-0.35606432,0.17100143
4,99413924654923,-0.037284255,-0.0015978967,-0.020772656
11,99413924654923,-0.232874,0.091888,-0.60636,0.754753,3.0
4,99413929280183,-0.03435478,-7.9894834E-4,-0.026365295
10,99413936062892,-0.43655384,-0.35904074,0.1456585
4,99413940842683,-0.03195793,0.0077231675,-0.03355583
10,99413944543829,-0.44783378,-0.32179785,0.06978226
4,99413947968152,-0.04234426,0.009321064,-0.039947417
10,99413955848152,-0.4400859,-0.2054677,0.008341789
4,99413960656121,-0.028495824,0.0055926386,-0.049002163
10,99413964355652,-0.38779354,-0.12173939,0.032464027
4,99413969109871,-0.017044231,0.0063915867,-0.05219796
10,99413974178569,-0.37904394,-0.09670782,-0.0062446594
4,99413978320131,-0.006657903,0.0013315806,-0.055926383
10,99413984263517,-0.35191083,-0.011012077,0.042916298
4,99413987504558,0.0,0.0039947415,-0.05486112
10,99413995397996,-0.37013996,0.097130775,0.009854317
4,99414000219194,-0.0029294773,0.010120012,-0.041012682
10,99414003991798,-0.36142433,0.1834526,-0.037817955
4,99414007267579,-0.01917476,0.023169503,-0.022370555
10,99414015163829,-0.3081274,0.24186325,-0.0062885284
4,99414020005756,-0.042876896,0.028229509,-0.0013315806
10,99414023677006,-0.34380817,0.20204926,0.04291439
4,99414027072579,-0.064182185,0.035153728,0.01784318
10,99414035077683,-0.34666455,0.09076595,0.09331322
4,99414039887683,-0.059388492,0.047670584,0.03169162
10,99414043711590,-0.26508725,0.011546612,0.098629
4,99414046959975,-0.046871636,0.056991648,0.046072688
10,99414054730131,-0.2681477,0.020341873,0.019598007
4,99414059557683,-0.033023197,0.066046394,0.0644485
10,99414063330808,-0.12715769,0.013895512,-0.02644062
4,99414068100652,-0.026897928,0.080960095,0.07163903
10,99414073067788,-0.06414485,0.049601555,0.02262497
4,99414077204610,-0.024767399,0.08681905,0.0727043
10,99414083152840,-0.076731324,0.063328266,0.042572975
4,99414086427215,-0.032490566,0.09347696,0.080960095
10,99414094288100,-0.057563663,0.07483959,0.09844208
2,99414099109662,-46.0,-1.0,27.0
10,99414103384558,-0.15327632,0.023339272,0.15003395
4,99414106608725,-0.04926848,0.11558119,0.10439592
10,99414114062944,-0.16813004,-0.075549126,0.3452797
4,99414118887683,-0.038083203,0.124902256,0.10173275
10,99414123509715,-0.17949855,-0.10323334,0.40118027
4,99414126715704,-0.035153728,0.11611383,0.096939065
10,99414133836902,-0.2507137,-0.14516926,0.2704258
4,99414138666798,-0.04474111,0.10892329,0.083889574
10,99414143287110,-0.2087729,-0.069536686,0.24545097
4,99414146534767,-0.03781689,0.099069595,0.0644485
10,99414153618725,-0.19959402,0.016516685,0.34679604
4,99414158363985,-0.029294772,0.072171666,0.051132694
10,99414162064662,-0.22839785,-0.060936928,0.38344002
4,99414166825392,-0.029294772,0.055926383,0.043942157
10,99414171951277,-0.240973,-0.08564615,0.43014526
4,99414176093360,-0.036485307,0.021038974,0.022104237
10,99414182038412,-0.350313,-0.022108555,0.43886566
4,99414185303308,-0.03781689,-0.006924219,0.008255799
10,99414193169506,-0.3356046,-0.0069699287,0.45490837
4,99414197112319,-0.025566347,-0.020240024,0.018375812
10,99414201769246,-0.3355319,0.03839779,0.47289944
4,99414205033621,-0.023169503,-0.02130529,0.029028457
10,99414212945965,-0.3938136,0.023931026,0.48349476
4,99414217766537,-0.020772656,-0.045007423,0.055127434
10,99414222359819,-0.55931777,-0.025865078,0.42490768
4,99414225609506,-0.021038974,-0.056459017,0.06231797
10,99414232725704,-0.6228342,-0.029511929,0.31654453
4,99414237660756,-0.010120012,-0.08442221,0.08681905
10,99414242282527,-0.57502776,0.22373438,0.23616886
4,99414245522787,0.010386328,-0.09134643,0.092145376
10,99414252552892,-0.57373816,0.32462978,0.22802258
4,99414257340496,0.038083203,-0.12144015,0.0892159
10,99414261930287,-0.5434848,0.31689215,0.08563137
4,99414266677267,0.023169503,-0.13342437,0.07989483
10,99414271557267,-0.55228984,0.25936127,0.031475067
4,99414271557267,0.006657903,-0.1470065,0.06844324
2,99414275583673,-47.0,-1.0,27.0
10,99414280738725,-0.4970737,0.19014454,0.048675537
4,99414284173621,-0.03169162,-0.16964336,0.05219796
10,99414292058569,-0.50481814,0.11383581,0.057780266
4,99414296844350,-0.01917476,-0.17789917,0.075101145
10,99414300533204,-0.35235745,-0.062633514,-0.17466545
4,99414303957267,-0.011451593,-0.15952335,0.11345066
10,99414311307110,-0.26220596,-0.03908968,-0.19975948
4,99414316143464,0.0077231675,-0.1307612,0.14114754
10,99414320761069,-0.22602212,0.078186035,-0.13551998
4,99414324097996,0.009054748,-0.123038046,0.16005598
10,99414331613673,-0.18212783,0.07416487,-0.07809639
4,99414336460756,-0.0061252704,-0.12650016,0.16564862
10,99414340154298,-0.15454257,-0.040465355,0.028202057
4,99414343499194,-0.0037284256,-0.12809806,0.17390442
10,99414351390756,-0.24770999,-0.14154005,0.069208145
4,99414356220496,0.043942157,-0.12916331,0.19387813
10,99414360827631,-0.2590444,-0.21124554,0.13876247
4,99414365721589,0.103064336,-0.12463594,0.21092236
10,99414370619037,-0.1223644,-0.18551874,0.17921543
4,99414374421798,0.14727281,-0.12756541,0.2066613
10,99414379914662,-0.07589769,-0.024682045,0.122089386
4,99414383148152,0.14993598,-0.15739283,0.1898834
10,99414390938777,-0.042711854,0.072502136,0.025398254
4,99414395760496,0.108124346,-0.20719394,0.1768339
10,99414400341329,-0.16188157,0.021178246,-0.101584435
4,99414403560600,0.0644485,-0.27537087,0.16644756
10,99414410707162,-0.22082877,-0.10806227,-0.06753445
4,99414415607214,0.06364955,-0.32996565,0.14274544
10,99414420192058,-0.1086663,-0.18392563,0.0025281906
4,99414423405235,0.10359697,-0.36325517,0.09827065
10,99414430495964,-0.047020555,-0.21966648,0.24532795
4,99414435390964,0.16937704,-0.39068574,0.033289514
10,99414439071642,-0.055369735,-0.29669523,0.3162136
4,99414442387996,0.1949434,-0.40746364,-0.04261058
10,99414450266485,9.0301037E-4,-0.37610054,0.42271805
2,99414455185392,-46.0,5.0,26.0
10,99414459479610,0.07634735,-0.38462877,0.40245152
4,99414464284402,0.19361182,-0.38269624,-0.13502227
10,99414469188673,0.09498453,-0.2692423,0.26227188
4,99414472991537,0.1933455,-0.37257624,-0.12357068
10,99414476600756,0.035120368,-0.16151953,0.12340164
4,99414483397058,0.1784318,-0.38562572,-0.08628642
10,99414491311746,-0.0032817125,-0.10636139,0.15756702
4,99414496198621,0.17097494,-0.41252366,-0.052996907
10,99414500783152,-0.044660687,-0.12399912,0.1562376
4,99414504089610,0.19947077,-0.39707732,-0.017576864
10,99414510008725,0.24436057,0.50487995,0.31207466
4,99414514910392,0.24074976,-0.34754252,0.0628506
10,99414519571173,0.031061292,0.4985609,0.5494633
4,99414522787839,0.2647182,-0.23409186,0.18695392
10,99414529381381,0.4899373,0.16964388,0.8048763
4,99414534212058,0.21145499,0.06364955,0.3225088
10,99414536326589,0.67190385,-0.34272718,1.2070942
4,99414542711173,0.12436963,0.25060347,0.42983422
10,99414549383152,-0.17133653,-0.16243076,1.4839411
4,99414554230756,-0.10652645,0.6426208,0.91452956
10,99414557867839,-0.17877984,-0.15784836,1.4745798
4,99414562745808,-0.14141385,0.7094661,1.0887003
10,99414567858152,-0.049917817,-0.45057058,0.9648094
4,99414571702371,-0.20612867,0.8364989,1.3747238
10,99414577388569,0.3329488,-0.3264408,0.44169903
4,99414582143725,-0.016511599,0.78323567,1.365669
10,99414588903777,-0.05774188,-0.35831404,1.5639181
4,99414593797423,-0.018642128,-0.13289174,0.2213087
10,99414597405496,-0.23479414,-1.3178377,1.6836338
4,99414600665912,-0.39627838,-0.39707732,-0.26019084
10,99414608701746,-0.080985785,-1.4934225,1.1308966
4,99414613539037,-1.2186625,-0.474309,-0.68389976
10,99414616958048,-1.5368876,-1.9418616,1.8321514
4,99414620993985,-1.1922972,-0.44421527,-0.56911755
10,99414628452579,-1.4717401,-2.3245826,1.7371492
2,99414633348933,-45.0,10.0,25.0
10,99414637589610,0.38590395,-1.6690149,-0.2782936
4,99414640833308,-0.18482338,-0.41252366,-0.46472162
10,99414648233725,0.4319409,-0.4749894,-0.88372564
4,99414653126433,0.4498079,-0.3635215,-0.5121259
10,99414656820912,-0.092013955,2.0726678,-1.8649778
4,99414661584766,0.37071204,-0.3603257,-0.53929013
10,99414666652631,-0.14621353,2.251881,-2.1470952
4,99414670547579,-0.13528858,-0.3997405,-0.65673554
10,99414676312058,-0.0029894114,1.9598951,-2.1510987
4,99414679726016,-0.48522797,-0.39121836,-0.74275565
10,99414687815808,-0.023135066,0.8950119,-1.0985827
4,99414692596954,-0.45167214,-0.3358246,-0.691623
10,99414696221277,-0.39973807,-0.30245352,-0.12137413
4,99414699477996,-0.11345066,-0.25379926,-0.5861618
10,99414707619089,-0.36294723,-0.3947549,-0.12033272
4,99414712449923,0.24714136,-0.16484967,-0.49454904
10,99414716112527,-0.041530848,0.30060673,-0.34292603
4,99414719354350,0.46978164,-0.08894958,-0.43089947
10,99414727398621,-0.067849874,0.5173626,-0.5117297
4,99414732167891,0.484429,-0.0314253,-0.3787015
10,99414735872475,-0.029616594,0.785439,-0.53928137
4,99414739111016,0.40053943,0.043675844,-0.33422673
10,99414747132006,0.021065831,0.91452503,-0.40756273
4,99414752000235,0.314253,0.09267801,-0.27883297
10,99414755651641,-0.3766657,0.7618985,-0.55492353
4,99414760406798,0.25859293,0.114782244,-0.21065605
10,99414765593204,-0.22222388,0.4509077,-0.76972437
4,99414769421329,0.21065605,0.17736652,-0.16245283
10,99414775177058,0.05903387,0.40291595,-0.4731388
4,99414778608933,0.20532973,0.2479403,-0.10918961
10,99414786691798,-0.09470463,0.5631499,-0.0808115
4,99414791460235,0.19387813,0.27004454,-0.035153728
10,99414795085183,-0.12671292,0.6566992,0.09711838
4,99414798367266,0.12942964,0.2892193,0.01571265
10,99414806460391,-0.04006982,0.676054,0.29128456
2,99414811219714,-38.0,7.0,25.0
10,99414815577527,-0.198964,0.41159344,0.52700806
4,99414818812631,-0.036218993,0.36005938,0.09454222
10,99414826244610,-0.2918538,0.29034328,0.48148537
4,99414830189141,-0.0777643,0.42690474,0.11638014
10,99414834294923,-0.31573737,0.34835482,0.5711231
4,99414839140912,-0.082558,0.5110606,0.1206412
10,99414846006902,-0.21620762,0.33588552,0.52631474
4,99414850881277,-0.072970614,0.556867,0.112119086
10,99414854570183,-0.27416098,0.20895481,0.40909863
4,99414859318673,-0.072970614,0.5203817,0.109988555
10,99414864426173,-0.62976444,-0.12005997,-0.06517506
4,99414868295131,-0.07643273,0.4167847,0.10439592
10,99414874055079,-0.6223507,-0.33901787,-0.15079117
4,99414878835600,-0.05566007,0.3368899,0.061519023
10,99414885616016,-0.55521286,-0.009727955,0.02883625
4,99414890466902,-0.029294772,0.27696875,0.030626353
10,99414894228568,-0.61921036,0.36596298,0.13941097
4,99414897448100,-0.109988555,0.22690132,0.0055926386
10,99414905352787,-0.4459747,0.36932993,0.2030325
4,99414910161173,-0.2695119,0.18002969,-0.044208474
10,99414913939818,-0.3772143,0.014976978,0.39968586
4,99414917176277,-0.33822146,0.16138756,-0.06764429
10,99414925126121,-0.38469958,-0.28887463,0.56803226
4,99414930001068,-0.39814258,0.15446335,-0.042876896
10,99414933692318,-0.41801226,-0.26564693,0.44650555
4,99414936930808,-0.37630466,0.17310548,7.9894834E-4
10,99414944911173,-0.31181753,-0.037176132,0.25305557
4,99414949703516,-0.29667616,0.2511361,0.17949706
10,99414953537475,-0.09661806,0.01294899,0.34597778
4,99414958312475,-0.27856666,0.26711506,0.22956449
10,99414963388933,-0.03709209,-0.03656149,0.45378113
4,99414967228516,-0.23915187,0.24367924,0.2860235
10,99414972953360,-0.09276128,-0.30009985,0.682044
4,99414977724089,-0.16112125,0.19813919,0.29800773
10,99414984470131,-0.09389305,-0.3156066,0.5653057
2,99414989297631,-45.0,3.0,25.0
10,99414993659662,-0.07507634,0.1423502,0.037462234
4,99414996869193,-0.006924219,0.18961707,0.28176245
10,99415004290287,-0.12860322,0.4021182,0.12228298
4,99415009111693,0.041012682,0.12676647,0.18136127
10,99415012901120,-0.29941082,0.09463501,0.27369118
4,99415016144402,0.015978966,0.07084008,0.10626013
10,99415024026329,-0.28300333,-0.20971155,0.4811344
4,99415028859089,-0.1323591,-0.052464273,-0.09560748
10,99415032815235,-0.21082366,-0.56464005,0.6803198
4,99415036027787,-0.13502227,-0.050866377,-0.10892329
10,99415043407735,-0.36890846,-0.5608659,0.83827305
4,99415048230600,-0.06737798,-0.04474111,-0.06364955
10,99415051857943,-0.7126894,-0.69838,0.8875561
4,99415056720183,0.029028457,-0.08069378,-0.01571265
10,99415062154610,-0.54014474,-0.6374564,0.681983
4,99415066081798,0.09560748,-0.11504856,-0.05006743
10,99415071880756,-0.237558,-0.21141768,0.38876534
4,99415075275027,0.1587244,-0.13209279,-0.10173275
10,99415083385287,-0.23843062,0.12569332,0.14355755
4,99415088158204,0.14327806,-0.1717739,-0.11531488
10,99415091781329,-0.15761793,0.41412592,-0.016129494
4,99415095050756,0.073236935,-0.20106867,-0.13502227
10,99415103122735,-0.18227744,0.40115166,0.076592445
4,99415107944245,0.029294772,-0.2197108,-0.17204021
10,99415111602423,-0.3359257,0.13144493,0.13626957
4,99415114864506,0.006924219,-0.22796659,-0.1834918
10,99415122920391,-0.3295126,0.06876516,0.18237782
4,99415127704870,0.033023197,-0.20186761,-0.14247912
10,99415131428308,-0.2341609,0.018336296,0.2719469
4,99415134668100,0.07243799,-0.15339808,-0.060453758
10,99415142692214,-0.2033422,0.053343296,0.28664494
4,99415147561068,0.11132014,-0.103863284,0.0039947415
10,99415151210756,-0.09069669,0.23621559,0.23889065
4,99415156117423,0.1025317,-0.060453758,0.0314253
10,99415161253568,0.006683588,0.40742064,0.108213425
2,99415165124141,-47.0,2.0,26.0
10,99415170922006,-0.012968183,0.3818593,-0.002327919
4,99415174225235,-0.014114754,-0.009321064,0.033822145
10,99415182251641,-0.0064759254,0.20719242,-0.005560875
4,99415187039558,-0.01917476,0.019707393,0.033289514
10,99415190655131,-0.06917393,0.1478982,0.012537003
4,99415193983204,0.014647386,0.021038974,0.027164243
10,99415202012266,-0.14216173,0.03186989,-0.23833752
4,99415206833985,0.025033714,0.029827405,0.011185277
10,99415210021381,-0.090072274,0.0048098564,-0.059509277
4,99415214025860,0.03355583,0.022104237,-0.0058589545
10,99415221807735,-0.26574647,-0.0019159317,0.15938282
4,99415226592527,0.046339005,-0.018375812,-0.02263687
10,99415230249141,-0.34234858,-0.11288071,0.30161762
4,99415233491172,0.06684534,-0.040746365,-0.03781689
10,99415250216225,-0.32304084,-0.18792391,0.41572285
1,3.0
4,99415253655808,0.12410331,-0.056991648,-0.036751624
10,99415260217787,-0.34282947,-0.20991945,0.3942423
4,99415264564193,0.1323591,-0.05965481,-0.029827405
10,99415268159193,-0.35720003,0.02711153,0.3056574
4,99415274271068,0.10652645,-0.05965481,-0.026365295
10,99415282160600,-0.27818382,0.22702265,0.1741991
4,99415286759818,0.03781689,-0.05219796,-0.026897928
10,99415290242162,-0.22967494,0.33809757,0.11575985
4,99415293323881,-0.010120012,-0.052464273,-0.040480047
10,99415300311902,-0.17246997,0.3992982,0.10455418
4,99415305252943,-0.006924219,-0.06977482,-0.055127434
10,99415307228100,-0.2682407,0.29394245,0.19313622
4,99415307228100,-0.006924219,-0.06977482,-0.055127434
4,99415313788360,0.0010652645,-0.08655274,-0.05832323
10,99415321724610,-0.28355348,0.021296978,0.25311756
4,99415326325235,0.027963191,-0.09614012,-0.050333746
10,99415329804193,-0.17369115,-0.04010296,0.4682064
4,99415332886641,0.051665325,-0.053795855,-0.020506341
10,99415338911277,-0.19284475,0.07721281,0.4490528
2,99415343579454,-49.0,2.0,27.0
10,99415348394870,-0.27566004,0.13188505,0.37980843
4,99415353142318,0.037284255,-0.017310547,0.051931642
10,99415358633464,-0.2510985,0.10938883,0.37063122
4,99415363578672,0.019973708,-0.02396845,0.043409526
10,99415368445547,-0.2053014,-0.13067627,0.4180975
4,99415373186381,0.024501082,-0.052996907,0.0055926386
10,99415379568047,-0.25110257,-0.21658087,0.34693813
4,99415384352527,0.043675844,-0.0892159,-0.019441076
10,99415388606381,-0.26218188,-0.26770163,0.34525013
4,99415391727370,0.047137953,-0.08841695,-0.022370555
10,99415399340547,-0.31994092,-0.25996494,0.3384428
4,99415404106016,0.022903185,-0.10146644,-0.038615838
10,99415408397995,-0.28759217,-0.12559032,0.37954903
4,99415411516797,0.009853696,-0.10040118,-0.050333746
10,99415419128568,-0.22860801,-0.08621979,0.41191864
4,99415423824922,-0.00958738,-0.10679276,-0.07243799
10,99415428090339,-0.41383862,-0.20528316,0.3400669
4,99415431246589,-0.021571605,-0.13182648,-0.08282431
10,99415438906329,-0.38381433,-0.21452427,0.22441578
4,99415443603933,-0.018375812,-0.1355549,-0.10226539
10,99415447829870,-0.2868657,-0.13816833,0.35315514
4,99415451427162,0.021571605,-0.13262543,-0.12144015
10,99415457518829,-0.350026,-0.18742657,0.42721558
4,99415462115912,0.04660532,-0.15792546,-0.13315806
10,99415467449974,-0.32707286,-0.10850859,0.41363716
4,99415470822422,0.03089267,-0.16618125,-0.14913702
10,99415478709402,-0.12385738,0.06773758,0.36215305
4,99415483705131,0.0053263223,-0.13475595,-0.1587244
10,99415488314558,-0.16871345,0.16826773,0.45708752
4,99415491535808,-0.029827405,-0.10226539,-0.13502227
10,99415498499506,-0.28709674,0.13571787,0.3948269
4,99415503411537,-0.046339005,-0.07749799,-0.09267801
10,99415507071849,-0.26054132,-0.003004074,0.33883762
4,99415510360495,-0.036218993,-0.022104237,-0.05006743
10,99415518273047,-0.09808707,0.031137466,0.20324516
2,99415523215495,-49.0,2.0,29.0
10,99415527472943,-0.11121178,0.29253054,0.15294647
4,99415530699245,-0.006924219,0.11984225,0.05965481
10,99415538085339,-0.0520972,0.47379827,0.064520836
4,99415543023516,-0.0479369,0.16085494,0.095074855
10,99415547617631,-0.052137613,0.5885911,-0.08801079
4,99415552429506,-0.087618,0.14354439,0.107858025
10,99415557334766,-0.33828855,0.52643967,-0.09956837
4,99415561133777,-0.044208474,0.06338324,0.10066749
10,99415566123881,-0.37351608,0.22013187,-0.06928253
4,99415570877579,0.037284255,-0.0018642128,0.063116916
10,99415577608985,-0.13085687,0.108029366,0.10986614
4,99415582380079,0.13528858,-0.018375812,0.02743056
10,99415587001797,-0.17198157,0.19183159,0.30806732
4,99415590205495,0.17204021,-0.029294772,0.024234766
10,99415597389974,-0.33733737,0.13431025,0.40055275
4,99415602280964,0.10279802,-0.045540057,0.028495824
10,99415605947266,-0.2604457,0.15486097,0.30887222
4,99415609277214,0.023702133,-0.025832662,0.018109497
10,99415617163464,-0.08895588,0.17517757,0.22850513
4,99415622033412,-0.04314321,0.02130529,0.041545313
10,99415626625808,-0.18068194,0.009003162,0.15847492
4,99415629859193,-0.09054748,0.040213734,0.06737798
10,99415636940235,-0.25571418,-0.063173294,0.2748785
4,99415641712526,-0.07376956,0.033023197,0.049002163
10,99415645427579,-0.23079777,-0.066373825,0.31454754
4,99415650188985,-0.03488741,0.01438107,0.014114754
10,99415655293308,-0.25931048,-0.019892693,0.08503151
4,99415659400443,0.011451593,0.0015978967,-0.0061252704
10,99415665338724,-0.28520024,-0.03475046,0.016579628
4,99415668606329,0.031158986,-0.019973708,-0.024234766
10,99415676499193,-0.26328135,-0.104617596,0.07899189
4,99415681355287,0.04447479,-0.05539375,-0.0628506
10,99415684979974,-0.24549103,-0.10508108,0.2629776
4,99415688383047,0.05539375,-0.09321064,-0.095074855
10,99415696279193,-0.19255006,-0.15457869,0.2032423
2,99415701070079,-50.0,2.0,29.0
10,99415705422631,-0.041273832,-0.15616941,0.27088737
4,99415708662318,0.005060006,-0.027696876,-0.094009586
10,99415716052214,-0.16731489,-0.055396557,0.3624382
4,99415720898151,-0.017044231,0.02130529,-0.035952676
10,99415724677266,-0.19065487,0.14978266,0.41746998
4,99415727960547,-0.01917476,0.051132694,-0.004527374
10,99415735826589,0.15259767,0.1480074,0.34771252
4,99415740600131,-0.054062173,0.2396845,0.082558
10,99415744341954,0.18109083,0.098805904,0.41331005
4,99415749221537,-0.09720538,0.3422162,0.12942964
10,99415754177995,0.1866405,0.119407654,0.5983753
4,99415758295287,-0.18668759,0.59601545,0.29561087
10,99415764280026,-0.30590618,-0.52215767,0.91472435
4,99415767536693,-0.33156356,0.8423579,0.5813681
10,99415775376745,-0.43565583,-0.69211435,1.1082077
4,99415780150443,-0.41598576,0.953678,0.9531454
10,99415783899870,-0.27945614,-0.46042395,0.25017357
4,99415787255131,-0.37257624,0.88496846,1.0077401
10,99415795172422,-0.06739783,0.25104713,-0.66969633
4,99415799995547,0.1587244,0.3720436,0.48522797
10,99415804645860,-0.42107975,-0.018553734,1.1908875
4,99415807857631,0.08548747,0.0958738,0.13662016
10,99415814944193,-0.96054804,-0.7890229,0.9796934
4,99415819774089,-0.773382,-0.4889564,-0.54461646
10,99415823507579,-0.97764504,-0.69546604,0.8794832
4,99415826807266,-0.8412926,-0.5163869,-0.5629923
10,99415834720912,-1.007546,-0.61227655,1.1280746
4,99415839540131,-0.3933489,-0.49774483,-0.3584615
10,99415843225183,-0.4220596,-1.0807724,0.4074421
4,99415848060391,-0.14594123,-0.5028048,-0.3254383
10,99415853070756,-0.0497849,-0.84943056,0.1459961
4,99415857206537,0.29614353,-0.5238438,-0.38109836
10,99415861737006,0.3204403,0.023806095,-0.031597137
4,99415861737006,0.41225734,-0.5355617,-0.46365637
4,99415866369349,0.40959418,-0.5470133,-0.5486112
10,99415872849870,-0.02168703,0.77556324,-0.7465944
2,99415877003464,-48.0,2.0,26.0
10,99415881511797,-0.1608305,0.81389666,-0.73943424
4,99415886184193,-0.17257284,-0.5472796,-0.6279734
10,99415892665287,-0.18417239,0.6091113,-0.23203087
4,99415896782683,-0.20905815,-0.4663195,-0.5422196
10,99415901357006,-0.09933758,-0.0067710876,0.040670395
4,99415908173412,-0.08335695,-0.34514567,-0.45007423
10,99415914395026,-0.08117378,-0.33585596,0.25039196
4,99415919179922,0.11558119,-0.24074976,-0.350472
10,99415922895912,0.0038567781,0.46816015,0.2286787
4,99415926135703,0.27377295,-0.17150758,-0.24927188
10,99415933604714,0.04273224,0.658545,0.11279106
4,99415938403464,0.29294774,-0.11584751,-0.1555286
10,99415943025495,0.12851346,0.9427347,0.019345284
4,99415947849193,0.23462449,-0.05219796,-0.072970614
10,99415952807266,0.16746092,1.0020623,0.12907124
4,99415956601797,0.17896444,0.012516857,0.02396845
10,99415962117474,-0.15072572,0.8788738,-0.23016834
4,99415965339714,0.123038046,0.06338324,0.1272991
10,99415973165964,-0.16935837,0.97100353,-0.540503
4,99415977961276,0.107858025,0.12117383,0.180296
10,99415982591016,-0.08787203,1.1642354,-0.51205015
4,99415985802422,0.09667275,0.1438107,0.19600865
10,99415992946953,-0.15760827,1.1553681,-0.34909296
4,99415997722266,0.0628506,0.12863068,0.18801917
10,99416001361433,-0.06961119,1.034632,-0.13104248
4,99416004818047,0.029294772,0.12250541,0.16618125
10,99416012713776,-0.039830565,0.81380844,0.13623047
4,99416017506120,0.019973708,0.14753912,0.1834918
10,99416022099610,-0.34771645,0.38934326,0.39511395
4,99416025335651,0.015978966,0.1571265,0.24474451
10,99416032158933,-0.6739894,-0.07276535,0.38889313
4,99416037022162,0.040213734,0.17150758,0.29507825
10,99416040806641,-0.65274346,-0.23078728,0.4478712
4,99416046045912,0.10466223,0.1882855,0.3043993
10,99416050959089,-0.5764731,-0.22186613,0.4631529
2,99416054975131,-46.0,2.0,27.0
10,99416058169297,-0.4519744,-0.14047146,0.33146858
4,99416065706901,0.11638014,0.17230652,0.25646242
10,99416073512526,-0.26637793,0.07416248,0.22069359
4,99416078334558,0.045540057,0.16884442,0.22716765
10,99416082957422,-0.2420839,0.076058865,0.21699429
4,99416086165755,-0.047137953,0.18588865,0.21145499
10,99416092150078,-0.15082276,-0.013335228,0.258958810,99416098371901,-0.3639022,-0.32698584,0.2757101
4,99416103695808,-0.16751283,0.20106867,0.22556975
10,99416111629818,-0.40188754,-0.34042215,0.049930573
4,99416116370026,-0.11797804,0.14514229,0.19707392
10,99416118452422,-0.18401277,-0.22310019,-0.04344082
4,99416118452422,-0.11797804,0.14514229,0.19707392
4,99416124660078,-0.06524745,0.12516858,0.1667139
10,99416131316068,-0.16946638,-0.18118048,0.15460682
4,99416135963516,0.056991648,0.029028457,0.060720075
10,99416139428724,-0.19763887,-0.27408552,0.3838272
4,99416144101589,0.06018744,-0.010918961,0.026631612
10,99416149958047,-0.19230974,-0.30024433,0.45382214
4,99416154613255,0.040213734,-0.06231797,-0.03009372
10,99416159242474,-0.2615211,-0.37931347,0.63278675
4,99416163897630,0.021571605,-0.07989483,-0.057257965
10,99416170845443,-0.24335861,-0.35908222,0.66224575
4,99416175543308,-0.017044231,-0.07829694,-0.04873585
10,99416179010391,-0.17835093,-0.19176006,0.6901207
4,99416183651745,-0.02956109,-0.0727043,-0.038083203
10,99416190626120,-0.18424237,-0.15922022,0.6852989
4,99416195386589,-0.09534117,-0.05566007,-0.006924219
10,99416198864974,-0.1762402,0.06075239,0.54067135
4,99416203644141,-0.114782244,-0.044208474,-0.0037284256
10,99416210404505,-0.14780152,0.18525076,0.4979458
4,99416215078464,-0.14487597,0.023435818,0.017576864
10,99416218551328,-0.092267275,0.19956541,0.43207645
4,99416223261328,-0.15606125,0.046871636,0.02956109
10,99416230183308,-0.07766652,0.18989325,0.357172
2,99416234844662,-49.0,2.0,28.0
10,99416238887162,-0.044012785,0.21104622,0.2658968
4,99416243586276,-0.15579493,0.12436963,0.06950851
10,99416248792995,0.03567207,0.203444,0.20761108
4,99416252728620,-0.1307612,0.16058862,0.06711166
10,99416258207943,0.096300006,0.18223858,0.11920738
4,99416262854766,-0.099069595,0.18109496,0.06178534
10,99416269735860,-0.029177547,0.09713459,0.06521225
4,99416274482735,-0.066046394,0.17417073,0.059921127
10,99416278019714,-0.08242631,-0.1327467,0.027279854
4,99416282616172,-0.041279,0.17656758,0.046072688
10,99416289517318,0.020790935,-0.23289728,0.057926178
4,99416294161693,-0.0026631611,0.1917476,0.019973708
10,99416297616224,-0.04781151,-0.18106127,0.09590149
4,99416301479662,0.051931642,0.20213392,0.0061252704
10,99416309570651,-0.0043104887,-0.103270054,0.104537964
4,99416314516432,0.077231675,0.2146508,-0.007190535
10,99416318133307,0.15797758,-0.045433044,0.05877781
4,99416321359245,0.073236935,0.24154872,-0.025300032
10,99416329317995,0.16080582,-0.0075654984,0.050699234
4,99416334384922,0.075101145,0.26072347,-0.03888215
10,99416338002943,0.15501726,0.05611229,0.09724522
4,99416342838724,0.09534117,0.27403927,-0.0479369
10,99416347943307,0.02182579,0.025119305,0.06133938
4,99416351755964,0.08974853,0.2862898,-0.03888215
10,99416357422682,-0.11838603,-0.038748264,0.0565691
4,99416360800339,0.0892159,0.27696875,-0.018642128
10,99416368900235,-0.21386993,-0.047299385,0.118777275
4,99416373752943,0.103863284,0.257794,-0.0029294773
10,99416377403255,-0.34699702,-0.0376606,0.18516731
4,99416380637943,0.12783173,0.24181503,0.015180019
10,99416388654662,-0.44377375,-0.022856712,0.2623434
4,99416393552891,0.11930962,0.22370553,0.03169162
10,99416396775391,-0.51180094,0.018170834,0.26770687
4,99416401563932,0.08229168,0.19760656,0.034621093
10,99416408429610,-0.52165604,0.12590313,0.2554598
2,99416413525287,-50.0,-1.0,29.0
10,99416417720391,-0.44585925,0.13514137,0.3430872
4,99416420965651,0.043675844,0.16085494,-0.004527374
10,99416428212526,-0.4872173,0.097812176,0.3025694
4,99416433022839,0.05752428,0.13262543,-0.012250541
10,99416436684193,-0.5427857,0.057557106,0.32195663
4,99416441444297,0.07962852,0.12197278,-0.0053263223
10,99416446573307,-0.49448025,0.020473957,0.36937046
4,99416450507839,0.092944324,0.13289174,0.0031957934
10,99416456243047,-0.46000504,0.20350218,0.37215328
4,99416461009453,0.11025487,0.14940333,0.0077231675
10,99416467775860,-0.46458268,0.31963205,0.42370892
4,99416472537318,0.08841695,0.1669802,0.0314253
10,99416476183880,-0.4763915,0.122124195,0.3638487
4,99416479451745,0.01784318,0.180296,0.04261058
10,99416487563047,-0.45012587,-0.011985779,0.47716045
4,99416492394193,-0.017310547,0.17576863,0.026631612
10,99416496047995,-0.43630654,-0.020081997,0.49467754
4,99416499299245,-0.011451593,0.16618125,0.016777916
10,99416507344193,-0.45089585,-0.042957783,0.33748817
4,99416512184818,0.033289514,0.15606125,0.014913702
10,99416515900026,-0.43050426,0.022602081,0.21728992
4,99416519117787,0.043675844,0.15233281,0.014114754
10,99416527122891,-0.46357465,0.16247416,0.15335655
4,99416532010703,0.06231797,0.10466223,0.013848438
10,99416535651641,-0.46588683,0.328969,0.11731529
4,99416540415339,0.059388492,0.092944324,0.013582122
10,99416545516901,-0.4112121,0.41393995,0.1318655
4,99416549369557,0.03195793,0.06897587,0.010652645
10,99416555194297,-0.4587046,0.41497898,0.25087547
4,99416558599297,-0.008255799,0.046871636,0.0063915867
10,99416566673307,-0.44185984,0.38600683,0.25971222
4,99416571466016,-0.0479369,0.039947417,-0.0031957934
10,99416575116432,-0.33710843,0.18512821,0.41632938
4,99416578382214,-0.053795855,0.038083203,-0.0013315806
10,99416586449349,-0.41123283,0.053410053,0.45916462
2,99416591245182,-50.0,-3.0,29.0
10,99416595584349,-0.31987476,0.05203533,0.35065842
4,99416598828412,7.9894834E-4,0.008522116,0.023702133
10,99416606228516,-0.24426216,0.12239075,0.28260326
4,99416611068047,0.06657903,0.011717909,0.03195793
10,99416614787891,-0.15197992,0.33017445,-0.024664879
4,99416618006328,0.06231797,0.010918961,0.032490566
10,99416626000755,-0.103710115,0.36118937,-0.11850071
4,99416630845859,0.008255799,0.002396845,0.020240024
10,99416634570912,-0.01626432,0.4023342,-0.12905979
4,99416639399401,-0.008255799,0.0029294773,0.018642128
10,99416644470912,0.011332393,0.28681993,-0.080005646
4,99416648301589,-0.01917476,0.016511599,0.025566347
10,99416654028307,-0.004455447,-0.006397724,0.108727455
4,99416657481328,-0.011717909,0.020506341,0.03568636
10,99416665570859,-0.022367,-0.19952679,0.1750555
4,99416670349245,0.019707393,0.019973708,0.032490566
10,99416674137526,0.078665376,-0.29989433,0.27566338
4,99416677381120,0.06950851,0.025832662,0.022104237
10,99416685353932,0.074620485,-0.3231573,0.25166607
4,99416690190182,0.113983296,0.03435478,0.016245283
10,99416693921016,0.04959297,-0.19746971,0.25387955
4,99416697177057,0.14913702,0.046072688,-0.006657903
10,99416705117734,0.057287574,-0.1303215,0.22788334
4,99416709958672,0.14780544,0.04580637,-0.040746365
10,99416713689401,0.019020438,-0.048816204,0.29294014
4,99416716906745,0.116912775,0.035952676,-0.062051654
10,99416724890495,-0.12602133,-0.01728487,0.32859707
4,99416729736224,0.064182185,0.008255799,-0.066312715
10,99416733542266,-0.1301195,0.055903435,0.40480042
4,99416738389036,0.03222425,-0.0018642128,-0.061519023
10,99416743484714,-0.118517816,0.055538177,0.48976517
4,99416747285807,0.0,-0.0037284256,-0.043942157
10,99416752091536,-0.37034005,-0.09895468,0.5000334
4,99416756946849,-0.029827405,-0.030360037,-0.03488741
10,99416764449818,-0.44333768,-0.06812763,0.5327797
2,99416769289661,-50.0,-4.0,28.0
10,99416773571380,-0.30381203,0.051425934,0.44490433
4,99416776818203,0.009054748,-0.04314321,-0.06950851
10,99416784226484,-0.257559,0.105106354,0.27491856
4,99416789000547,-7.9894834E-4,-0.033289514,-0.06018744
10,99416792786224,-0.26322955,0.15034819,0.18450165
4,99416796029974,-0.019973708,-0.033289514,-0.054328486
10,99416803999401,-0.23769516,0.16141462,0.21477318
4,99416808850286,-0.030626353,-0.033822145,-0.058589544
10,99416812507370,-0.26926035,0.11112404,0.18565369
4,99416815752578,-0.03009372,-0.025566347,-0.0628506
10,99416823771589,-0.32551157,0.05598879,0.18981647
4,99416828597995,0.0,-0.0396811,-0.06258429
10,99416832235703,-0.5587411,-0.06893253,0.3168974
4,99416837079661,0.05752428,-0.090014845,-0.05539375
10,99416842165703,-0.7056303,-0.13623428,0.2982893
4,99416846037057,0.11797804,-0.13209279,-0.044208474
10,99416849277214,-0.48776543,0.0026350021,0.24322605
4,99416856669453,0.15020229,-0.114782244,-0.036751624
10,99416864620234,-0.36363852,0.28444147,0.26667404
4,99416869449349,0.13688648,-0.09374327,-0.030626353
10,99416873148568,-0.37148297,0.2695341,0.25931835
4,99416876395703,0.071106404,-0.09853696,-0.027963191
10,99416883109089,-0.4563809,0.70233345,0.2680416
4,99416887901693,-0.01571265,-0.112918034,-0.029294772
10,99416891556797,-0.4110254,0.3777609,0.310606
4,99416894820234,-0.04314321,-0.11744541,-0.03009372
10,99416902882370,-0.4057665,0.10228157,0.5070095
4,99416907632318,0.013315806,-0.109988555,-0.010386328
10,99416909738359,-0.4704128,0.052013874,0.62193775
4,99416916130495,0.06657903,-0.09827065,0.006657903
10,99416922476745,-0.48861474,0.084023476,0.3763771
4,99416927323516,0.099069595,-0.06471482,0.058589544
10,99416931005703,-0.30104887,0.29294825,0.22346783
4,99416935959401,0.08149273,-0.049534798,0.06098639
10,99416940841016,-0.234011,0.40881968,0.13757706
2,99416944961484,-50.0,-5.0,29.0
10,99416950137213,-0.06636751,0.5063052,0.027112007
4,99416955081641,-0.029028457,-0.029028457,0.03542004
10,99416962018776,-0.08332157,0.4676795,0.032073975
4,99416966844661,-0.10519487,-0.030360037,0.016245283
10,99416971444609,-0.20496523,0.12703323,0.08863449
4,99416974681016,-0.11132014,-0.028495824,0.009853696
10,99416981858099,-0.19532585,-0.015686512,0.123547554
4,99416986631120,-0.05832323,-0.017310547,-0.0015978967
10,99416991158984,-0.16202319,0.0581851,0.10273075
4,99416994528151,-0.029028457,-0.010652645,0.0013315806
10,99417001575078,-0.13789082,0.14884996,-0.038110733
4,99417006400234,-0.0039947415,-0.009321064,0.010918961
10,99417010986380,-0.12025261,0.2220931,0.008382797
4,99417014286901,-0.010120012,-0.010652645,0.00479369
10,99417021361068,-0.13637745,0.23954058,0.009009361
4,99417026112786,-0.02956109,-0.030360037,0.0013315806
10,99417029532995,-0.22512215,0.2239089,0.15364647
4,99417033971380,-0.040746365,-0.03222425,0.0063915867
10,99417039713307,-0.25640255,0.18626785,0.110227585
4,99417044849297,-0.052464273,-0.032756884,0.019973708
10,99417049526849,-0.2370215,0.1166687,0.19692421
4,99417054365130,-0.051132694,-0.024767399,0.029028457
10,99417060897109,-0.15506911,0.0025129318,0.2410078
4,99417065780338,-0.03914847,-0.023702133,0.025832662
10,99417070365286,-0.18745148,-0.07886219,0.33966827
4,99417073605130,-0.016511599,-0.028229509,0.019973708
10,99417080678568,-0.18669474,-0.1302743,0.28928852
4,99417085566588,0.0010652645,-0.02876214,0.008522116
10,99417089257266,-0.038890958,-0.13762093,0.22153854
4,99417092559036,0.015180019,-0.016511599,-0.010386328
10,99417100455911,-0.02604711,-0.12733603,0.21051502
4,99417105334297,0.028495824,-0.006924219,-0.026897928
10,99417109944922,-0.0012708902,-0.08063698,0.22955036
4,99417113175338,0.02956109,-0.010386328,-0.043942157
10,99417120241432,-0.03927958,-0.09663391,0.26995945
2,99417125138307,-50.0,-5.0,29.0
10,99417129435807,-0.09048164,-0.14665604,0.26716423
4,99417134278203,0.048469532,-7.9894834E-4,-0.09241169
10,99417139180807,-0.07734203,-0.25236797,0.31194782
4,99417142979036,0.05965481,0.014647386,-0.087085366
10,99417148831172,-0.12684464,-0.20645094,0.43455696
4,99417152065391,0.09081379,0.016245283,-0.08016115
10,99417159789557,-0.13721645,-0.18685865,0.47191334
4,99417164726640,0.11611383,0.028495824,-0.082558
10,99417169335026,-0.12292886,-0.08412838,0.42845345
4,99417172550130,0.13129385,0.03701794,-0.098004326
10,99417179603620,-0.23884487,0.016211987,0.47204304
4,99417184440495,0.128897,0.015180019,-0.114782244
10,99417188086745,-0.34156513,0.07492161,0.48657417
4,99417191466276,0.10652645,-0.01917476,-0.1504686
10,99417199346068,-0.29825526,0.10374546,0.42829037
4,99417204243880,0.091080114,-0.04181163,-0.1898834
10,99417208842526,-0.30223924,0.062441826,0.33566952
4,99417212076328,0.0628506,-0.053795855,-0.18855181
10,99417218135963,-0.41930532,0.037661552,0.3137846
4,99417223002786,0.029827405,-0.06764429,-0.16325177
10,99417227592370,-0.43792778,0.04439354,0.35566616
4,99417232413568,0.0026631611,-0.07536746,-0.12996227
10,99417237479661,-0.4320569,-0.007977009,0.3800707
4,99417241604193,-0.00958738,-0.07057377,-0.094808534
10,99417247539505,-0.4173962,0.0417161,0.38592625
4,99417250775911,0.006924219,-0.054594804,-0.06524745
10,99417258676953,-0.37434405,0.1667366,0.39795494
4,99417263576901,0.02956109,-0.038615838,-0.042077947
10,99417268156953,-0.36710602,0.23460007,0.3701458
4,99417271379818,0.02609898,-0.03169162,-0.024767399
10,99417278442682,-0.32039607,0.2715454,0.22257042
4,99417282387526,0.018642128,-0.02956109,-0.01571265
10,99417286869713,-0.2781427,0.36629295,0.17808628
4,99417291644505,0.014647386,-0.025300032,-0.012250541
10,99417298227318,-0.25925672,0.45874405,0.16230297
2,99417303218203,-50.0,-6.0,27.0
10,99417307419713,-0.25095856,0.49714565,0.13250446
4,99417310631484,-0.020240024,-0.016245283,0.040213734
10,99417318052005,-0.16797113,0.47041845,0.14677715
4,99417322932734,-0.032490566,-0.008255799,0.051931642
10,99417326600807,-0.16031098,0.4067583,0.26695538
4,99417331381745,-0.036751624,-0.0037284256,0.05885586
10,99417336361849,-0.19115138,0.37311697,0.31089115
4,99417340494036,-0.046871636,0.0018642128,0.08894958
10,99417346396849,-0.24916542,0.18057346,0.42006588
4,99417349662838,-0.050600063,0.004527374,0.098004326
10,99417357560338,-0.2865677,0.12158823,0.36485863
4,99417362504765,-0.045007423,0.0010652645,0.09347696
10,99417366227265,-0.34060735,0.036073685,0.34305382
4,99417369503307,-0.042077947,-0.0010652645,0.083090626
10,99417377348620,-0.32443404,0.019282818,0.35223198
4,99417382223620,-0.040480047,0.0015978967,0.055127434
10,99417386943515,-0.29714286,-8.773804E-5,0.32792282
4,99417390363255,-0.04474111,0.0010652645,0.04314321
10,99417397120234,-0.29501307,-0.021044254,0.24199677
4,99417401899713,-0.04314321,-0.017310547,0.0018642128
10,99417406489713,-0.23841166,-0.13497686,0.23575497
4,99417409723672,-0.036485307,-0.018908445,-0.009853696
10,99417416904505,-0.23385024,-0.21122265,0.16958237
4,99417421705390,0.020240024,-0.0037284256,-0.027963191
10,99417425437995,-0.12879312,-0.21896124,0.13509464
4,99417430181536,0.043942157,0.0029294773,-0.032756884
10,99417435255390,-0.10540843,-0.17188072,0.07151222
4,99417439382422,0.094808534,0.013848438,-0.051665325
10,99417445313932,7.0106983E-4,0.0027208328,0.04515934
4,99417448595390,0.15952335,0.022370555,-0.08655274
10,99417456489036,0.029339671,0.18858719,-0.048727036
4,99417461357057,0.18801917,0.036485307,-0.11771172
10,99417465973255,-0.10878682,0.21387482,-0.3510933
4,99417469220390,0.13662016,0.06551377,-0.14061491
10,99417476236797,-0.13719332,0.20755196,-0.26350498
2,99417481021692,-49.0,-5.0,26.0
10,99417485411015,-0.25877428,-0.017901897,0.06673241
4,99417488664713,0.036751624,0.054594804,-0.19228023
10,99417496022682,-0.25265265,-0.16465998,0.08508015
4,99417500797630,0.06178534,0.02876214,-0.22663501
10,99417505450026,-0.13109875,-0.22675991,0.094763756
4,99417508693984,0.11717909,0.02130529,-0.26684874
10,99417515796640,-0.13597405,-0.06821489,0.069937706
4,99417520661953,0.16085494,0.013848438,-0.29161614
10,99417524358984,-0.23788738,0.1008029,0.07915497
4,99417529120495,0.14088123,-0.011717909,-0.29933932
10,99417534142526,-0.18472826,0.21172237,0.15210533
4,99417538271328,0.07989483,-0.038615838,-0.30306774
10,99417544211901,-0.17206216,0.35495853,0.25851917
4,99417547476640,0.042876896,-0.06551377,-0.3121225
10,99417555345703,-0.22404516,0.37858343,0.3715086
4,99417560121640,0.03009372,-0.08868326,-0.30972564
10,99417563841953,-0.22462475,0.35503674,0.4157238
4,99417567238880,0.018642128,-0.091080114,-0.28895298
10,99417575119661,-0.22333324,0.3827057,0.40991116
4,99417579941588,0.017044231,-0.10066749,-0.24980451
10,99417584536797,-0.4613588,0.4134426,0.50704
4,99417587777265,0.017044231,-0.14247912,-0.2066613
10,99417594951640,-0.5550361,0.34013844,0.49506855
4,99417599738047,0.014114754,-0.17443706,-0.16990969
10,99417603462630,-0.5220349,0.34082127,0.49981308
4,99417606790234,0.02263687,-0.17736652,-0.13262543
10,99417614686380,-0.60817593,0.3839388,0.5899286
4,99417619482942,0.022370555,-0.19973709,-0.075101145
10,99417623173567,-0.70394677,0.4397254,0.7091894
4,99417627990026,-5.326322E-4,-0.23196134,-0.03089267
10,99417633037682,-0.5672703,0.5148864,0.6866169
4,99417637156849,-0.03568636,-0.24607609,-0.015978966
10,99417641677526,-0.47390532,0.48855305,0.56690884
4,99417647426119,-0.09081379,-0.25859293,2.663161E-4
10,99417655744817,-0.48937285,0.32928085,0.51390934
2,99417660528411,-51.0,-8.0,26.0
10,99417664862265,-0.5091927,0.3405218,0.5236006
4,99417668114297,-0.13315806,-0.24660872,0.028495824
10,99417674051484,-0.33809447,-0.09219837,0.51699734
4,99417678832161,-0.11584751,-0.23995082,0.03701794
10,99417682548307,-0.3646865,-0.20269966,0.5193033
4,99417685899974,-0.09241169,-0.23116238,0.0396811
10,99417693785130,-0.30529714,-0.27343607,0.43022346
4,99417698599244,-0.0777643,-0.21252026,0.043675844
10,99417700686328,-0.17600119,-0.34286833,0.39191437
4,99417707125494,-0.07084008,-0.2034655,0.0479369
10,99417715086536,-0.11114168,-0.3129325,0.25688648
4,99417719854453,-0.024767399,-0.16724652,0.06524745
10,99417723543880,-0.12364519,-0.30786133,0.26213932
4,99417728343828,0.013315806,-0.13342437,0.06791061
10,99417733240859,0.0106265545,-0.2654438,0.25538635
4,99417737040026,0.03781689,-0.09534117,0.073236935
10,99417740304401,0.017804861,-0.18163538,0.29369736
4,99417746477057,0.040746365,-0.07829694,0.07989483
10,99417753312734,-0.004799366,-0.11272049,0.22516727
4,99417758076432,0.0314253,-0.04234426,0.10652645
10,99417761699505,-0.057103395,0.007037163,-0.009026527
4,99417764985911,0.026631612,-0.037550572,0.10705908
10,99417773085494,-0.010169983,0.01770544,-0.08245945
4,99417777845911,0.0058589545,0.0029294773,0.08735169
10,99417781518932,0.07580948,0.093670845,-0.12456322
4,99417784787265,2.663161E-4,0.016245283,0.08016115
10,99417792869244,0.0701133,0.081572056,-0.047017097
4,99417797678359,-0.035153728,0.046339005,0.06364955
10,99417801309869,-0.06490862,0.07499647,0.1501627
4,99417804605026,-0.05352954,0.05672533,0.06471482
10,99417812656640,-0.121037364,0.02333355,0.13772297
4,99417817409661,-0.06524745,0.10679276,0.083090626
10,99417821018255,-0.045513272,-0.12131882,0.3298397
4,99417825930390,-0.038083203,0.124902256,0.08868326
10,99417831048984,-0.090204835,-0.14299536,0.37663364
2,99417834958671,-50.0,-4.0,26.0
10,99417840647161,-0.16098654,-0.13642406,0.24047565
4,99417844124296,0.08042747,0.14514229,0.095074855
10,99417852204921,-0.13824272,0.03730631,0.11103439
4,99417856974401,0.08948222,0.15632756,0.0793622
10,99417860617317,-0.10606599,0.32903862,0.19489288
4,99417863953984,0.06950851,0.1536644,0.07882957
10,99417871990911,-0.1240958,0.34838915,0.19528198
4,99417876815442,0.014114754,0.14407702,0.07856325
10,99417880485026,-0.31200957,0.24008417,0.32477474
4,99417885394401,-0.041012682,0.09960223,0.08468852
10,99417891756484,-0.38366616,0.1856575,0.32368088
4,99417896584921,-0.03089267,0.057790596,0.092944324
10,99417901145338,-0.3889835,0.07468033,0.5870476
4,99417904442994,0.03435478,0.03888215,0.091080114
10,99417911519817,-0.3866235,0.04999113,0.58726025
4,99417916356067,0.08042747,0.018908445,0.09187906
10,99417920046328,-0.36919296,0.14188337,0.64225197
4,99417924917890,0.08149273,0.0013315806,0.09986854
10,99417929993411,-0.27961457,0.24401712,0.66797066
4,99417933826015,0.06018744,-0.009853696,0.105727494
10,99417939565651,-0.18960726,0.32099295,0.5989361
4,99417943011536,0.021038974,-0.004527374,0.123038046
10,99417951070390,-0.19215131,0.3174677,0.5913935
4,99417955925026,-0.015180019,-0.018109497,0.13848437
10,99417959571119,-0.27975798,0.4529767,0.64249706
4,99417962835494,-0.00958738,-0.03781689,0.15073492
10,99417970874557,-0.33001387,0.45064926,0.50040245
4,99417975769296,-0.0029294773,-0.048469532,0.15526229
10,99417979427682,-0.28576624,0.38637495,0.36109638
4,99417982671849,5.326322E-4,-0.05539375,0.14407702
10,99417990633515,-0.19081938,0.3698964,0.3106842
4,99417995541640,-0.014647386,-0.07590009,0.13369069
10,99417999160234,-0.13195467,0.36131334,0.24915123
4,99418002397369,-0.06524745,-0.09134643,0.12410331
10,99418010405859,-0.094370365,0.25880575,0.2333889
2,99418015332161,-49.0,-1.0,25.0
10,99418019604661,-0.14367163,0.10567331,0.31833267
4,99418024459453,-0.10066749,-0.08894958,0.123038046
10,99418029579453,-0.17977417,-0.1527195,0.34456253
4,99418033386796,-0.06791061,-0.08868326,0.13662016
10,99418038441015,-0.2550006,-0.27043915,0.2050085
4,99418041910703,-0.009321064,-0.087884314,0.13315806
10,99418050559036,-0.16134942,-0.26286888,0.046728134
4,99418054534401,0.036751624,-0.07456851,0.11318435
10,99418059682265,-0.12302339,-0.12913322,0.0051937103
4,99418062929713,0.033822145,-0.0727043,0.086020105
10,99418069741380,-0.16634429,-0.059350014,0.020230293
4,99418074652734,0.011451593,-0.06764429,0.05352954
10,99418078301171,-0.13219965,-0.02493143,0.07894993
4,99418081546380,-0.033023197,-0.05139901,0.037550572
10,99418089938880,-0.21447778,-0.17994547,-0.039593697
4,99418093909609,-0.07856325,-0.042077947,0.043409526
10,99418099108828,-0.25460517,-0.24827528,-0.20816422
4,99418102355338,-0.07749799,-0.038083203,0.033023197
10,99418109298515,-0.123892784,-0.13169336,-0.30189896
4,99418114253307,-0.034088463,-0.029827405,-0.0034621095
10,99418117905859,-0.04717946,-0.03390932,-0.25895882
4,99418122723307,-0.015978966,-0.025300032,-0.02396845
10,99418127791380,-0.2002567,-0.0021834373,-0.12236023
4,99418131616067,-0.05832323,-0.039947417,-0.0743022
10,99418137337057,-0.24030602,0.03303528,0.015203476
4,99418140794348,-0.08841695,-0.041545313,-0.08655274
10,99418148891276,-0.2383945,0.06807423,0.031056404
4,99418153799713,-0.17630127,-0.0053263223,-0.08681905
10,99418157424088,-0.25602984,-0.01840496,0.035182953
4,99418160676953,-0.19441076,0.015180019,-0.06870956
10,99418168632057,-0.26671457,-0.04420948,0.06901169
4,99418173482265,-0.16724652,0.03781689,-0.011451593
10,99418177022369,-0.26453686,0.036692142,-0.008444786
4,99418180992786,-0.13182648,0.0314253,-0.0034621095
10,99418188406119,-0.2775265,0.08293724,-0.04357624
2,99418193345130,-47.0,1.0,27.0
10,99418197562526,-0.18833292,0.2956791,-0.058836937
4,99418200796328,0.03169162,-0.002396845,-0.022370555
10,99418208229869,-0.15713477,0.32688713,0.010770798
4,99418213126744,0.039414786,0.01438107,7.9894834E-4
10,99418216853984,-0.14571929,0.41482496,0.098786354
4,99418221687213,0.013848438,0.020772656,0.007989483
10,99418226753151,-0.12566876,0.45342922,0.12137604
4,99418230552630,-0.040213734,0.029294772,0.022903185
10,99418236249140,-0.08313012,0.40199566,0.18053818
4,99418239694348,-0.08735169,0.04314321,0.040480047
10,99418247753880,-0.0055111647,0.3592658,0.085995674
4,99418252602005,-0.087618,0.040746365,0.06258429
10,99418256260911,-0.030183554,0.26469278,-0.0034065247
4,99418259500494,-0.077231675,0.038083203,0.06338324
10,99418267530650,-0.03848648,0.17366123,0.050225258
4,99418272386432,-0.03542004,0.02876214,0.04926848
10,99418276012994,0.040014744,0.022821426,0.4199314
4,99418279263775,0.021571605,0.022370555,0.016511599
10,99418287326223,0.02861464,-0.008862972,0.51152134
4,99418292157890,0.0644485,0.023169503,-0.011984225
10,99418295814453,-0.08840978,-0.104961395,0.5612364
4,99418299064713,0.033023197,0.021571605,-0.01917476
10,99418307083411,-0.07477367,-0.14646387,0.47951603
4,99418311934296,-0.03195793,0.022370555,-0.019973708
10,99418315670078,0.046084404,-0.13093424,0.4697981
4,99418320491067,-0.06098639,0.031158986,-0.033822145
10,99418325585286,0.054589033,-0.13770151,0.5399914
4,99418329413567,-0.06551377,0.03488741,-0.040746365
10,99418335117213,-0.003150463,-0.18481588,0.59827137
4,99418338560130,-0.06338324,0.0314253,-0.03488741
10,99418346633307,-0.0487051,-0.21975899,0.5632553
4,99418351494609,-0.05006743,0.026365295,-0.034088463
10,99418355119244,-0.09684563,-0.1894188,0.4746065
4,99418358404140,-0.028495824,0.023435818,-0.033822145
10,99418366422369,-0.1372472,-0.11572456,0.46364403
2,99418371198255,-51.0,1.0,27.0
10,99418375563411,-0.27593088,-0.09896183,0.47079468
4,99418378775911,0.012516857,-0.014913702,-0.0314253
10,99418386365286,-0.32402313,-0.08817625,0.44188118
4,99418391211171,0.017576864,-0.026365295,-0.044208474
10,99418394977578,-0.26298535,-0.052114487,0.5059252
4,99418398218098,0.01571265,-0.025033714,-0.05352954
10,99418405968255,-0.33115494,0.02219057,0.48373032
4,99418410781432,0.007456851,-0.034621093,-0.049801115
10,99418414821536,-0.36161864,0.066214085,0.4238243
4,99418419617630,-0.006657903,-0.040480047,-0.05006743
10,99418424705963,-0.34006178,0.06594944,0.4988079
4,99418428504921,-0.017044231,-0.04234426,-0.06578008
10,99418432688046,-0.42626572,-0.08248758,0.57542515
4,99418438553307,-0.010386328,-0.033289514,-0.06098639
10,99418446807057,-0.52614117,-0.07762146,0.5982628
4,99418451647682,0.015978966,-0.03169162,-0.04580637
10,99418455299921,-0.5290607,-0.08015108,0.59738255
4,99418458510390,0.022104237,-0.024501082,-0.045540057
10,99418465308775,-0.3813225,0.13925457,0.36628056
4,99418470109817,0.0013315806,-0.02609898,-0.05273059
10,99418473882630,-0.41401172,0.26215887,0.31585884
4,99418477123567,-0.025300032,-0.03888215,-0.05352954
10,99418485077473,-0.39241457,0.28220558,0.25503445
4,99418489916171,-0.04527374,-0.040213734,-0.049534798
10,99418493782213,-0.42974222,0.17310762,0.20984173
4,99418497023411,-0.05566007,-0.044208474,-0.049534798
10,99418504852890,-0.45329154,0.15257692,0.22461224
4,99418509692786,-0.05832323,-0.041012682,-0.050600063
10,99418511798255,-0.38145113,0.18131304,0.33953667
4,99418516954609,-0.05672533,-0.03834952,-0.047670584
4,99418524637057,-0.049801115,-0.028495824,-0.04234426
10,99418524637057,-0.4122435,0.10671759,0.33278942
4,99418528463775,-0.032490566,-0.019441076,-0.024501082
10,99418530454661,-0.41943622,0.09714794,0.28730392
4,99418536348515,-0.020240024,-0.019441076,-0.015446335
10,99418542822369,-0.41805518,0.09433079,0.25511074
2,99418546965494,-50.0,-2.0,28.0
10,99418551446015,-0.3787322,0.048637867,0.24329281
4,99418556145390,0.03888215,-0.026365295,-0.008255799
10,99418562592577,-0.36610234,0.06299639,0.19198322
4,99418566717734,0.043942157,-0.021837922,0.0018642128
10,99418572012317,-0.3121972,0.22918367,0.16849327
4,99418576795077,0.036751624,-0.019707393,0.009054748
10,99418583767734,-0.28715456,0.2470355,0.14030457
4,99418588531744,-0.014913702,-0.01784318,0.006657903
10,99418593128411,-0.25521898,0.20985222,0.13270473
4,99418596365807,-0.03089267,-0.012516857,0.0077231675
10,99418603556275,-0.2538848,0.16880083,0.15084076
4,99418608309921,-0.04873585,-0.007456851,0.020240024
10,99418612021640,-0.1777091,0.11114597,0.15833855
4,99418616820442,-0.047670584,0.0029294773,0.021837922
10,99418621933046,-0.15868759,0.14202404,0.14419651
4,99418626028984,-0.04447479,0.01438107,0.01917476
10,99418631965494,-0.17670739,0.1368351,0.11536121
4,99418635238255,-0.046339005,0.019707393,0.017310547
10,99418643107525,-0.23422849,0.11028862,0.1318922
4,99418647934400,-0.042077947,0.008522116,0.0127831735
10,99418652551171,-0.21539259,0.05537176,0.12234402
4,99418655791952,-0.03089267,0.00958738,0.0127831735
10,99418662885077,-0.16454375,0.01892662,0.15101433
4,99418667648202,-2.663161E-4,0.022104237,0.014913702
10,99418671327213,-0.15104437,0.025666714,0.27393818
4,99418674775859,0.014114754,0.033023197,0.01784318
10,99418682660598,-0.1557374,0.05403757,0.25887775
4,99418687434609,0.0037284256,0.041012682,0.011185277
10,99418692054088,-0.15505815,0.2015872,0.25297642
4,99418695282890,-0.01784318,0.04447479,0.0029294773
10,99418702439661,-0.14977348,0.21867704,0.22387123
4,99418707248984,-0.03781689,0.060453758,0.0
10,99418711864400,-0.1270088,0.16120863,0.2628479
4,99418716640859,-0.049534798,0.07190535,0.011185277
10,99418721511692,-0.19294071,0.08105612,0.44575596
2,99418725336744,-47.0,-1.0,29.0
10,99418730684817,-0.33578527,0.067364216,0.48667622
4,99418734109557,-0.0077231675,0.058589544,0.023435818
10,99418741999921,-0.37126172,0.099565506,0.4499159
4,99418746824869,0.02263687,0.049801115,0.027164243
10,99418751450754,-0.4165038,0.06250095,0.44782925
4,99418754705754,0.037550572,0.02396845,0.025033714
10,99418761778515,-0.34222984,0.16443205,0.44015026
4,99418766622629,0.05832323,0.006657903,0.009054748
10,99418770920390,-0.28517783,0.21614742,0.45562267
4,99418774270442,0.05139901,-7.9894834E-4,2.663161E-4
10,99418781551379,-0.25860524,0.16502905,0.38531017
4,99418786341067,0.013582122,-0.0037284256,0.01304949
10,99418790931379,-0.24878848,0.1340003,0.34324932
4,99418794235754,-0.0015978967,-0.004261058,0.025300032
10,99418801332838,-0.1932931,0.11471462,0.40055275
4,99418806102265,0.0015978967,-0.0031957934,0.025832662
10,99418810725702,-0.057602525,0.07169771,0.35046577
4,99418815613359,0.0061252704,-0.0031957934,0.026631612
10,99418820512942,-0.12466884,0.07159567,0.33365536
4,99418824312213,0.008788432,-0.023702133,0.039414786
10,99418829366744,-0.17283809,-0.016457558,0.30288887
4,99418834257577,0.010918961,-0.030626353,0.05486112
10,99418840883567,-0.14489114,-0.06808376,0.27011967
4,99418845755546,0.007456851,-0.023169503,0.06737798
10,99418850370286,-0.064225435,0.011998177,0.22059727
4,99418853613411,0.0,-0.006924219,0.077231675
10,99418860660807,-0.02291882,-0.0050086975,0.13073158
4,99418865499869,-0.050600063,0.021571605,0.090281166
10,99418869173775,0.07280207,-0.20133162,0.017093658
4,99418872559713,-0.12650016,0.050866377,0.09720538
10,99418880432838,0.08073723,-0.3642416,0.09608269
4,99418885269348,-0.15233281,0.090014845,0.09667275
10,99418889879869,0.09664667,-0.5634103,0.1986227
4,99418893113307,-0.13901702,0.13981596,0.083090626
10,99418900200911,0.20357287,-0.84255123,0.09808922
2,99418905016327,-46.0,-1.0,28.0
10,99418909317890,0.33371198,-0.7795491,-0.09423351
4,99418914186015,-0.14141385,0.3057309,0.025300032
10,99418919096692,0.4655701,-0.53946686,-0.010966301
4,99418922894036,-0.1304949,0.36645097,-0.0127831735
10,99418927972734,0.6308341,-0.58736277,-0.15348339
4,99418932812994,-0.12650016,0.39814258,-0.039947417
10,99418939794296,0.71118665,-0.6045699,-0.34188223
4,99418944695911,-0.14807177,0.47031426,-0.11158645
10,99418949302681,0.57182705,-0.52124834,-0.28172302
4,99418952546431,-0.14407702,0.48203218,-0.15925704
10,99418959551640,0.61836517,-0.4725089,-0.18602276
4,99418964425859,-0.087085366,0.47271112,-0.20879184
10,99418969035442,0.6522411,-0.46690512,-0.027941704
4,99418972239452,-0.03834952,0.47297743,-0.23036344
10,99418979315754,0.56249976,-0.47222996,0.14689445
4,99418984222161,0.06791061,0.46552056,-0.27377295
10,99418988842369,0.36027384,-0.29410267,0.3600273
4,99418992055390,0.09773801,0.46259108,-0.28442562
10,99418999089088,0.35735488,-0.031847,0.41859627
4,99419003947629,0.15526229,0.45380265,-0.32437304
10,99419008562317,0.33376193,0.18433285,0.5030346
4,99419013450442,0.1635181,0.45833004,-0.32996565
10,99419018312890,0.30451512,0.19311953,0.53137875
4,99419022130911,0.15978967,0.45726478,-0.31824777
10,99419027274140,-0.10032296,0.08128214,0.62253666
4,99419030779817,0.14407702,0.42557314,-0.29348037
10,99419038646171,-0.15994608,0.07293177,0.64941406
4,99419043575286,0.18642128,0.38242993,-0.23861924
10,99419048188359,-0.33666867,0.3100853,0.8251867
4,99419051429661,0.21331921,0.36298886,-0.21598236
10,99419058469036,-0.4218654,0.42639685,0.8395996
4,99419063314296,0.2593919,0.3153183,-0.16218652
10,99419067016900,-0.6750271,0.87486076,0.69929886
4,99419070308254,0.23835292,0.26338664,-0.09614012
10,99419078199817,-0.6731955,0.9627137,0.61152935
2,99419083038984,-43.0,-7.0,26.0
10,99419087247213,-0.68455625,1.1155751,0.56631947
4,99419090487161,0.06924219,0.2066613,0.087085366
10,99419098018254,-0.68657005,1.1546776,0.49655628
4,99419102853931,0.008522116,0.24261399,0.21678132
10,99419106547109,-0.48496068,1.008527,0.581316
4,99419111365494,-0.063116916,0.35340148,0.37364152
10,99419116323202,-0.41770518,0.6424651,0.5712738
4,99419120496223,-0.1669802,0.5275722,0.55340487
10,99419126442525,-0.36543036,0.56152916,1.1038656
4,99419129703463,-0.2282329,0.7576693,0.7664578
10,99419137547681,-0.54964435,0.3751135,1.5443583
4,99419141504504,-0.26418558,0.90973586,0.9720538
10,99419146085702,-1.1038779,0.13078785,1.459425
4,99419149446431,-0.25406557,0.89615375,1.0511497
10,99419157320546,-1.002896,0.13375998,0.004281044
4,99419162148879,-0.13981596,0.67697555,0.8831042
10,99419166751952,-1.1269231,1.3631783,-0.15742207
4,99419169957108,0.272974,0.24554345,0.42397526
10,99419177089713,-2.3314648,0.79101324,1.1541357
4,99419181912161,0.00958738,-0.27057716,-0.14674018
10,99419186500546,-3.0313735,-0.5802455,0.36540604
4,99419189739088,-0.7374293,-0.5454154,-0.50360376
10,99419196867942,-2.4928463,0.19667196,0.90543175
4,99419201644348,-0.8721853,-0.57550913,-0.51771855
10,99419206254921,-1.9162596,-0.14034224,0.6909208
4,99419211081379,-0.566987,-0.59122175,-0.41092578
10,99419216095702,-0.7775255,-1.1254234,-0.39989758
4,99419219919244,-0.09773801,-0.6069344,-0.42370895
10,99419223516692,-0.14066654,-1.0511904,-1.1277289
4,99419229933202,0.2825614,-0.5544701,-0.4775048
10,99419237883983,-0.41907984,-0.046435833,-1.5126934
4,99419242800650,0.170176,-0.46232477,-0.4596616
10,99419247391900,-0.47487992,-0.055817127,-1.5128574
4,99419250629973,-0.23169503,-0.3784352,-0.40213734
10,99419256516275,-0.77152944,1.1156368,-0.7322812
2,99419261319400,-37.0,-7.0,27.0
10,99419265515911,-0.63294196,0.56185293,-0.27546787
4,99419268754973,-0.41438788,-0.36724994,-0.4261058
10,99419275984140,-0.3780071,-0.3781395,-0.15204144
4,99419280819036,-0.18562233,-0.28149614,-0.36671728
10,99419284610858,-0.46899658,-0.3596878,0.11966419
4,99419287849556,-0.0037284256,-0.22770028,-0.29667616
10,99419295771536,-0.4950425,0.043618202,0.14423656
4,99419300538202,0.38456047,-0.12942964,-0.082558
10,99419302652733,-0.4184394,0.534431,-0.09039593
4,99419309482108,0.3800331,-0.11717909,-0.043942157
10,99419315839661,-0.30644518,1.2248366,-0.26491642
4,99419320204296,0.19760656,-0.14008227,-0.05539375
10,99419322317994,-0.1436482,1.615088,-0.29604244
4,99419328853411,0.11851067,-0.14247912,-0.06737798
10,99419335596692,-0.14640826,1.3735678,-0.28019238
4,99419340518671,-0.104928546,-0.15792546,-0.03169162
10,99419344304921,-0.32499152,0.95140886,-0.07313824
4,99419347556119,-0.14434333,-0.17257284,-0.010918961
10,99419355294765,-0.25128472,0.74532175,-0.17950535
4,99419360081535,-0.1387507,-0.20080236,0.0077231675
10,99419363617994,-0.14895236,0.78757095,-0.07472992
4,99419367586900,-0.09827065,-0.20133498,0.0127831735
10,99419375066796,-0.21406144,0.7965183,-0.03730488
4,99419379895754,0.037284255,-0.2314287,0.052464273
10,99419383675077,-0.0894593,0.5902238,0.24730587
4,99419386919765,0.07403588,-0.24234766,0.04527374
10,99419394897890,-0.0037635565,0.43521976,0.30122757
4,99419399677525,0.09640643,-0.2644519,0.0
10,99419403403358,-0.074046016,0.079059124,0.41399956
4,99419408174400,0.07829694,-0.2625877,-0.0031957934
10,99419413265963,-0.1540966,0.016162872,0.53714657
4,99419417110181,0.048203215,-0.25566345,0.016245283
10,99419422878463,-0.4077108,-0.28583717,0.53357315
4,99419427652838,0.010120012,-0.25300032,0.034088463
10,99419434401796,-0.30904067,-0.31617022,0.44111347
2,99419439173098,-35.0,-4.0,23.0
10,99419443765963,0.016291857,-0.014590263,0.44884777
4,99419446986067,0.042876896,-0.18935075,-0.006657903
10,99419454179504,0.042993188,-0.03682232,0.4331932
4,99419458997473,0.0127831735,-0.19148129,-0.025832662
10,99419462623463,0.1454699,-0.02483511,0.46602058
4,99419465874400,-0.070307456,-0.21731395,-0.05752428
10,99419473958306,0.14159966,-0.040800095,0.5099554
4,99419478794244,-0.13502227,-0.24847293,-0.08495484
10,99419482427317,0.0051249266,-0.27071142,0.5894184
4,99419485688983,-0.16058862,-0.2775014,-0.079095885
10,99419493735129,-0.08689499,-0.35274124,0.52805614
4,99419498560181,-0.1603223,-0.28655612,-0.058056913
10,99419502217994,0.14991045,-0.27828503,0.5202942
4,99419507039504,-0.1222391,-0.27483824,-0.05219796
10,99419512138619,0.19020188,-0.23100805,0.508358
4,99419515996327,-0.087884314,-0.2660498,-0.06231797
10,99419520847525,0.18092728,-0.052131653,0.5676813
4,99419525752525,-0.081226416,-0.27989823,-0.08069378
10,99419533283410,0.20786858,0.17915106,0.49180794
4,99419538109296,-0.10333065,-0.29534456,-0.10546118
10,99419541762317,0.25561702,0.34370708,0.35698414
4,99419545029348,-0.12330436,-0.30652985,-0.13795175
10,99419553056015,0.17952704,0.37292337,0.38613892
4,99419557866223,-0.11638014,-0.31931302,-0.1667139
10,99419561521171,0.10161674,0.18241167,0.43052197
4,99419564801483,-0.09187906,-0.33076462,-0.17763285
10,99419572864452,0.056391478,-0.113639355,0.47992802
4,99419577707942,-0.04873585,-0.34141725,-0.17736652
10,99419581362994,0.046207786,-0.246871,0.52106094
4,99419584599504,0.015180019,-0.34168357,-0.17230652
10,99419592614087,0.109651566,-0.14177132,0.537344
4,99419597447369,0.054328486,-0.31478566,-0.16218652
10,99419601104608,0.15546513,0.0064959526,0.49312592
4,99419606035546,0.017576864,-0.28842035,-0.14594123
10,99419611158046,0.099218845,0.068152905,0.2652197
2,99419615047108,-36.0,-3.0,22.0
10,99419620694608,0.03352201,0.078401566,0.16751385
4,99419624101067,-0.12197278,-0.25086978,-0.11504856
10,99419632159400,0.05634868,0.0017437935,0.17634869
4,99419636936171,-0.14620754,-0.20692763,-0.09560748
10,99419640544556,0.052566886,-0.042856216,0.30602837
4,99419643867056,-0.120907515,-0.16964336,-0.077231675
10,99419651943358,0.03168273,-0.047713757,0.32642746
4,99419656784244,-0.081226416,-0.1323591,-0.06924219
10,99419660424817,0.06651592,0.023216724,0.2651577
4,99419663700702,-0.070307456,-0.096939065,-0.07643273
10,99419671723879,-0.027029157,0.17580271,0.18026066
4,99419676558358,-0.063116916,-0.07643273,-0.07803062
10,99419680175494,-0.080151916,0.18201256,0.06354427
4,99419683451275,-0.06764429,-0.061519023,-0.07163903
10,99419691536796,-0.12187755,0.160357,-0.07459259
4,99419696328202,-0.055127434,-0.04580637,-0.06657903
10,99419700058619,-0.10736346,0.14823055,-0.122050285
4,99419704950390,-0.045007423,-0.03009372,-0.06338324
10,99419710032837,-0.09962821,0.08674383,-0.05379486
4,99419713851587,-0.02130529,0.011185277,-0.036751624
10,99419719541535,-0.24292397,0.09828758,0.05328846
4,99419723004973,-0.013315806,0.020240024,-0.027696876
10,99419731045025,-0.28304172,0.1658802,0.0822258
4,99419735966848,0.008522116,0.040213734,-0.013315806
10,99419739614660,-0.21230638,0.2441082,0.014374733
4,99419742859660,0.010120012,0.051931642,-0.006657903
10,99419750827473,-0.18482721,0.29102945,-0.058926582
4,99419755655025,-0.008255799,0.095074855,0.038083203
10,99419759297056,-0.21537292,0.34179258,-0.05335045
4,99419762565025,-0.022903185,0.10333065,0.057790596
10,99419770603254,-0.24207544,0.3024292,-0.070599556
4,99419775416275,-0.054594804,0.1304949,0.09054748
10,99419779065442,-0.27504623,0.19813967,0.17366028
4,99419782330442,-0.047670584,0.12916331,0.09534117
10,99419790384192,-0.29754257,0.15317106,0.16361427
2,99419795227837,-36.0,-2.0,23.0
10,99419799481431,-0.3339026,0.24516678,0.11397743
4,99419804393358,-0.014114754,0.12436963,0.12330436
10,99419809483514,-0.3521738,0.26490116,0.145195
4,99419813278046,-0.023169503,0.1304949,0.13768543
10,99419818425806,-0.4572965,0.24516726,0.2797737
4,99419821881483,-0.047404267,0.11851067,0.14221281
10,99419829946171,-0.5220207,0.2467475,0.24345112
4,99419834858410,-0.057790596,0.0974717,0.12863068
10,99419838557108,-0.5668858,0.20087624,0.22220516
4,99419841801014,-0.054062173,0.099069595,0.12357068
10,99419849715181,-0.5450194,0.18357992,0.1818161
4,99419854619400,-0.027696876,0.09880328,0.118776985
10,99419858236535,-0.5686871,0.06943512,0.2126236
4,99419863126223,-0.018109497,0.09347696,0.11824436
10,99419869491848,-0.5599822,0.056685925,0.19485283
4,99419874399139,-0.008788432,0.07989483,0.11158645
10,99419878018827,-0.44581985,0.21672535,0.2697296
4,99419881257004,-0.0039947415,0.07669904,0.10333065
10,99419889290337,-0.41608655,0.23675537,0.30334663
4,99419894130546,-0.0010652645,0.07856325,0.11025487
10,99419897775389,-0.36226237,0.269495,0.2991085
4,99419902612108,-0.034088463,0.08016115,0.12436963
10,99419907705494,-0.33160782,0.26992035,0.24912548
4,99419911538931,-0.07243799,0.081226416,0.13848437
10,99419917306744,-0.3718102,0.16174412,0.2780733
4,99419922069608,-0.10279802,0.07856325,0.14727281
10,99419928827108,-0.3951025,0.09363842,0.27463531
4,99419933674192,-0.1025317,0.07376956,0.13981596
10,99419937418254,-0.3069948,0.0698657,0.4215727
4,99419940655337,-0.068176925,0.06524745,0.12809806
10,99419948603358,-0.29931426,-0.07769632,0.443264
4,99419953443931,-0.039947417,0.048469532,0.11424961
10,99419956812733,-0.2351737,-0.18486547,0.47114086
4,99419960783931,-0.017576864,0.025300032,0.0892159
10,99419968374400,-0.16019642,-0.09397936,0.5025892
2,99419973282369,-40.0,-3.0,23.0
10,99419977528671,-0.14910185,-0.054115295,0.49166107
4,99419980751639,0.022903185,0.016511599,0.05539375
10,99419988154712,-0.12933648,0.0120511055,0.4282341
4,99419993002108,0.008522116,0.007989483,0.051931642
10,99419996673775,-0.074962735,0.07428408,0.37998676
4,99420001457004,-0.005060006,0.002130529,0.04660532
10,99420006699139,-0.035544872,0.027447224,0.4235258
4,99420010504452,-0.013582122,-0.00479369,0.042077947
10,99420014946014,-0.07864773,0.068143845,0.44985962
4,99420020740650,-0.0058589545,-0.008788432,0.037550572
10,99420028968931,-0.15147698,0.07454777,0.4506073
4,99420033978098,-0.0018642128,-0.013848438,0.041012682
10,99420037616483,-0.1516316,0.075035095,0.45095444
4,99420040860233,-0.0026631611,-0.013848438,0.041545313
10,99420047486431,-0.056542873,0.09156656,0.33841896
4,99420052345285,0.00479369,-0.010120012,0.046339005
10,99420055971066,-0.034542203,0.20768929,0.4022045
4,99420059242941,0.00958738,-0.008255799,0.057790596
10,99420067274139,-0.11906695,0.14649534,0.2995882
4,99420072121431,-0.020240024,-0.00958738,0.070041135
10,99420075762421,-0.13652682,0.08534098,0.18894958
4,99420079010285,-0.039414786,0.00479369,0.07084008
10,99420087060285,-0.026371002,0.13926601,0.27219868
4,99420091937316,-0.018109497,0.025033714,0.0743022
10,99420095567577,0.013973236,0.051297665,0.3522358
4,99420100381223,-0.011984225,0.031158986,0.07829694
10,99420105457733,-0.06438172,-0.12944221,0.3486576
4,99420109328566,-0.013315806,0.023435818,0.06977482
10,99420113961327,-0.033248186,-0.16775417,0.3247118
4,99420118801119,-0.0013315806,0.021571605,0.05885586
10,99420126426171,0.0679245,-0.17928743,0.30437088
4,99420131256483,0.03834952,0.05219796,0.04926848
10,99420135121952,-0.05095887,-0.22177124,0.29213715
4,99420138360441,0.04314321,0.058056913,0.052464273
10,99420146201744,-0.12598085,-0.20331478,0.30236244
2,99420151064400,-41.0,-1.0,23.0
10,99420155404244,-0.15253091,-0.070884705,0.29749966
4,99420158638046,0.04474111,0.06870956,0.01304949
10,99420165976796,-0.14212489,-0.018136501,0.23023033
4,99420170831587,0.04926848,0.083889574,-0.015180019
10,99420174518775,-0.21532845,-0.006843567,0.2869444
4,99420177870233,0.05006743,0.07590009,-0.015978966
10,99420185761744,-0.2644558,-0.010346413,0.26195908
4,99420190545389,0.06471482,0.054328486,-0.014114754
10,99420194384139,-0.27635932,0.0045518875,0.36600494
4,99420199150285,0.07243799,0.05352954,-0.016777916
10,99420204087941,-0.269974,0.07494974,0.4139042
4,99420208231796,0.08335695,0.050866377,-0.016511599
10,99420214187525,-0.28533065,0.2387271,0.5058136
4,99420217440858,0.07483483,0.041545313,-0.010386328
10,99420225307993,-0.3152119,0.28322935,0.38257313
4,99420230172837,0.027963191,0.02743056,-0.0053263223
10,99420233900233,-0.3028766,0.3109784,0.36878204
4,99420237177473,0.020772656,0.02396845,-0.008255799
10,99420245091952,-0.30792165,0.33842516,0.29419708
4,99420257038566,0.04474111,0.019973708,0.02609898
11,99420263724243,-0.267334,0.108607,-0.605857,0.741399,3.0
4,99420267851379,0.04873585,0.016511599,0.046339005
10,99420273325181,-0.44044852,0.23668623,0.34832954
4,99420278072473,0.051665325,0.016245283,0.056991648
10,99420284378775,-0.47495735,0.23510075,0.2847538
4,99420289041900,0.05219796,0.020240024,0.06498113
10,99420293310858,-0.3852644,0.15536785,0.18348217
4,99420297956900,0.055127434,0.023435818,0.07376956
10,99420302990181,-0.30284393,0.1119771,0.13996315
4,99420307119243,0.06950851,0.03355583,0.07829694
10,99420312806118,-0.24864626,0.20144272,0.03333664
4,99420317397993,0.06711166,0.05566007,0.07563378
10,99420323940389,-0.21980679,0.19283247,-0.03989315
2,99420328540077,-42.0,-1.0,24.0
10,99420332598931,-0.2672664,0.077456474,-0.0947485
4,99420337182941,-0.03568636,0.09560748,0.06578008
10,99420343714243,-0.3701421,0.024956226,-0.10586834
4,99420348372368,-0.04474111,0.07590009,0.050866377
10,99420352653410,-0.39075112,-0.08001137,-0.11982918
4,99420355871796,-0.01917476,0.061252706,0.049002163
10,99420363495702,-0.32733572,-0.20987129,-0.12918186
4,99420368100077,0.037550572,0.056991648,0.07536746
10,99420372373931,-0.30215573,-0.09549093,-0.057744026
4,99420376956118,0.09986854,0.051931642,0.105993815
10,99420383276743,-0.21678829,0.17246675,0.014117241
4,99420387061379,0.10865697,0.06498113,0.12144015
10,99420391915077,-0.059491754,0.45106125,-0.0073547363
4,99420396558046,0.053263225,0.08495484,0.12197278
10,99420401874660,0.024616241,0.6430292,0.06321907
4,99420407228618,-0.008788432,0.094808534,0.12117383
10,99420411541223,0.04734671,0.6266475,0.1893053
4,99420416208723,-0.06551377,0.086020105,0.13901702
10,99420422833566,-0.10507178,0.3275795,0.17340088
4,99420427480337,-0.107858025,0.077231675,0.18269286
10,99420431083462,-0.114673376,0.11771774,0.3234539
4,99420435975806,-0.06364955,0.06711166,0.21891184
10,99420442608202,0.012593389,7.247925E-5,0.5182352
4,99420447211743,0.030626353,0.073236935,0.24021713
10,99420451473670,0.1233896,-0.12606144,0.43621635
4,99420456037889,0.049534798,0.06844324,0.26365295
10,99420461637941,-0.064359546,-0.20927858,0.48374844
4,99420466501066,0.018908445,0.025832662,0.2806972
10,99420471498098,-0.15010023,-0.34218836,0.46871662
4,99420474836118,-0.027164243,-0.0058589545,0.27510455
10,99420482419504,0.022767782,-0.34952688,0.5141716
4,99420487248670,-0.02956109,5.326322E-4,0.25220135
10,99420490990077,0.112517,-0.30406523,0.6366272
4,99420495853410,-0.018908445,0.009853696,0.23915187
10,99420500784243,0.10374606,-0.30152512,0.6931124
2,99420504917212,-44.0,-1.0,24.0
10,99420510925545,0.21541023,-0.28387785,0.6582489
4,99420514291118,0.007989483,-0.009321064,0.15925704
10,99420521968983,0.2878219,-0.26970148,0.551424
4,99420526786327,0.011185277,0.02609898,0.114782244
10,99420531414973,0.106206894,-0.3583784,0.5400791
4,99420534659139,0.014647386,0.037550572,0.11664646
10,99420541750962,0.010645866,-0.44150496,0.46661186
4,99420546695441,0.034621093,0.052464273,0.1073254
10,99420551152160,0.21064186,-0.41351032,0.39486122
4,99420554467473,0.055127434,0.06764429,0.099069595
10,99420561526691,0.21568024,-0.26045227,0.43273926
4,99420566339608,0.11611383,0.11771172,0.08974853
10,99420570949868,0.07127559,-0.035794735,0.44768715
4,99420574328723,0.12836437,0.12117383,0.09081379
10,99420581309191,0.03788328,0.1619854,0.3816576
4,99420586163983,0.12703279,0.124902256,0.053263225
10,99420590776223,-0.072220564,0.17030525,0.39448833
4,99420595601691,0.118776985,0.118776985,0.03435478
10,99420600510025,-0.19753504,0.044906616,0.3828869
4,99420604315598,0.0974717,0.08468852,0.011984225
10,99420609290129,-0.307155,-0.18660402,0.43271923
4,99420614173150,0.10759171,0.06018744,0.007190535
10,99420620846223,-0.32007176,-0.11216879,0.45462894
4,99420625809816,0.16618125,0.041545313,0.019973708
10,99420630412212,-0.40725052,0.21829224,0.48784924
4,99420633645129,0.17763285,0.031158986,0.023435818
10,99420640624139,-0.4005221,0.3329382,0.47419834
4,99420645455337,0.180296,-0.007989483,0.011451593
10,99420650068566,-0.51484215,0.3738098,0.35849
4,99420653291691,0.15765914,-0.07163903,-0.021571605
10,99420660403097,-0.53971815,0.29077387,0.32701492
4,99420665302681,0.13022858,-0.11930962,-0.050333746
10,99420669920858,-0.6477827,0.14248562,0.34039497
4,99420673135597,0.14940333,-0.16431704,-0.048469532
10,99420680181691,-0.72490686,0.07639027,0.35082722
2,99420685027212,-43.0,-1.0,27.0
10,99420689213566,-0.6624893,0.073969364,0.24699306
4,99420694125441,0.21118867,-0.18908444,0.0055926386
10,99420699045129,-0.48673433,0.26346588,0.16821098
4,99420702844139,0.20373182,-0.1784318,0.02263687
10,99420707930702,-0.40812796,0.46170807,0.1190176
4,99420712778202,0.15286545,-0.1882855,0.039947417
10,99420719732472,-0.44461417,0.48142147,-0.05347061
4,99420724709452,0.068176925,-0.18375812,0.057790596
10,99420728377525,-0.3913539,0.4578457,-0.09262848
4,99420731612056,0.0061252704,-0.15606125,0.06737798
10,99420739559295,-0.3776865,0.47183418,-0.024551392
4,99420744442525,0.0034621095,-0.1272991,0.087618
10,99420748132264,-0.41051334,0.4335642,-0.033444405
4,99420751403462,0.025300032,-0.104928546,0.12197278
10,99420759292368,-0.44955462,0.3404932,-0.2151022
4,99420764169816,0.026631612,-0.09534117,0.16245283
10,99420767869764,-0.4336434,0.34288836,-0.21774673
4,99420771199347,0.049801115,-0.064182185,0.21598236
10,99420779076431,-0.23825264,0.353086,-0.12644577
4,99420783935910,0.061519023,0.057790596,0.29933932
10,99420788546066,0.09502709,0.23180294,0.19710922
4,99420793358775,0.023435818,0.26551718,0.4135889
10,99420798267212,0.117988944,0.1938529,0.7814207
4,99420802081743,-0.06178534,0.5137238,0.54435015
10,99420805650650,0.23291218,0.36624193,1.3464537
4,99420812202212,-0.12996227,0.7912252,0.6487461
10,99420820125650,0.4113437,0.13100672,1.2460442
4,99420825039295,-0.14407702,0.9571401,0.7976168
10,99420828728827,0.5360704,0.1535716,1.2442846
4,99420831966483,0.10333065,0.7488809,0.8386294
10,99420838449035,-1.11747,-0.5781865,0.87929726
4,99420843311327,0.5928197,0.21624869,0.49002165
10,99420847006900,-1.2764289,-1.280704,1.240058
4,99420850276535,0.47058058,-0.2910835,-0.02743056
10,99420858215441,-1.2340622,-1.3579736,0.60088634
2,99420863134712,-42.0,2.0,29.0
10,99420867390389,-1.3049647,-0.9878483,0.8769407
4,99420870600285,-0.16751283,-0.49055427,-0.25007084
10,99420877960389,-1.0422925,-1.0259361,1.1311207
4,99420882832472,-0.11984225,-0.5302354,-0.19148129
10,99420884935910,0.39661127,-1.2222514,0.20457172
4,99420891693097,-0.010652645,-0.5454154,-0.23382555
10,99420898128149,1.070159,-0.70467234,-0.8140316
4,99420902367316,0.41172472,-0.45992792,-0.40533313
10,99420904472160,0.8690407,0.42539644,-1.0845752
4,99420911058045,0.48309743,-0.4135889,-0.4396879
10,99420917725702,0.930156,1.233208,-1.2321129
4,99420922498254,0.13289174,-0.24740767,-0.644485
10,99420926120858,1.3682594,1.3806438,-1.778254
4,99420929400545,-0.07163903,-0.13901702,-0.75420725
10,99420937559452,1.310982,1.1502383,-1.5049801
4,99420942360233,-0.42797,0.16192019,-0.81545997
10,99420945985181,0.29316068,-0.33563948,-0.82864094
4,99420949231483,-0.43755737,0.23728766,-0.73796195
10,99420957263983,0.22397792,-0.7539058,-0.5145159
4,99420962049920,-0.13262543,0.48735848,-0.4111921
10,99420965732524,0.3534472,-0.6786308,0.23277187
4,99420968996222,0.033822145,0.57817227,-0.29481193
10,99420977046327,0.25870883,-0.23219681,0.29917717
4,99420981833097,0.2695119,0.8098673,0.04314321
10,99420985462681,-0.09241521,0.7750764,0.20158386
4,99420990247056,0.21145499,0.8695221,0.16192019
10,99420995390493,-0.2285639,1.0851922,0.16113472
4,99420999354087,0.061252706,0.9504822,0.38962048
10,99421005133566,-0.59993094,1.3605278,0.8045368
4,99421008518045,-0.023169503,0.96140116,0.61199445
10,99421016610702,-0.823554,0.38528967,0.95372486
4,99421020572785,-0.010120012,0.74754936,0.73609775
10,99421024702524,-1.1206455,0.84699535,2.774434
4,99421029507004,0.18242654,0.5411543,0.58456385
10,99421036403097,-1.0296749,0.31813574,3.1444502
2,99421040527004,-37.0,2.0,28.0
10,99421043875806,-1.2093426,-1.1693201,2.1733246
4,99421048666118,-0.6348976,-0.23915187,-0.3435478
10,99421056189504,-1.490211,-1.2256317,2.6909533
4,99421061043983,-0.7701862,-0.4133226,-0.32410672
10,99421064769556,-0.47872576,-2.529922,1.76968
4,99421068021743,-0.40506682,-0.50333744,-0.30120352
10,99421075977108,0.2194503,-2.7694435,0.84772015
4,99421080853983,0.09720538,-0.48975533,-0.3818973
10,99421084659608,0.67234933,-0.5526843,-1.2717724
4,99421089456222,0.5566007,-0.4016047,-0.42264366
4,99421098721535,0.60746706,-0.3289004,-0.4135889
10,99421102539504,0.41731942,2.43221,-1.8973355
4,99421107722004,0.34194988,-0.2942793,-0.56006277
10,99421115347785,0.6451683,3.1623485,-2.0329552
4,99421120077004,-0.104928546,-0.23702134,-0.84848315
10,99421123667785,0.39933515,1.7679842,-2.124374
4,99421128303201,-0.5219796,-0.07536746,-0.9331717
10,99421135050233,-0.09310365,0.33801413,-0.8853092
4,99421139625285,-0.4993427,0.12463594,-0.7299725
10,99421143019608,-0.25812304,-0.21788025,-0.053258896
4,99421148143618,-0.123836994,0.3190467,-0.44501424
10,99421154827316,-0.26345336,-0.27862358,0.10514355
4,99421159460024,0.22050974,0.47217846,-0.15579493
10,99421162996118,-0.67566025,0.19299841,-0.10655308
4,99421167583618,0.33981937,0.566987,0.11744541
10,99421174627160,-0.91176325,1.2240369,-0.03775692
4,99421179330024,0.35153726,0.58056915,0.3089267
10,99421182853358,-1.0478436,1.8659148,-0.393857
4,99421187465545,0.2559298,0.5723133,0.479369
10,99421193165858,-1.2340609,1.9373116,-0.18157959
4,99421197139191,0.1818939,0.5581986,0.6689861
11,99421202356483,-0.238043,0.110567,-0.571353,0.777601,3.0
4,99421202356483,0.1736381,0.5294364,0.74275565
4,99421206292212,0.18242654,0.49641323,0.76272935
10,99421212957056,-1.2213448,2.3682704,0.30576515
2,99421216931795,-31.0,-4.0,28.0
10,99421221237316,-1.2679209,2.086919,-0.32614517
4,99421226105701,-0.28043085,0.17603496,0.18775286
10,99421232792264,-2.031263,1.114187,0.2609644
4,99421236676899,-0.8924253,-0.096939065,-0.08042747
10,99421240996639,-2.407476,-0.11274576,0.4348154
4,99421246669556,-1.1789814,-0.3257046,-0.23382555
10,99421253713722,-1.753387,-0.7341509,0.9520445
4,99421258314712,-0.8024104,-0.45007423,-0.2548645
10,99421261789504,-1.4881656,-1.3669758,0.9168682
4,99421266350701,-0.21704763,-0.5589975,-0.12650016
10,99421272996639,-1.4076427,-1.0264282,0.37830067
4,99421277578931,0.25646242,-0.7107977,-0.01304949
10,99421281044920,-1.0775241,0.038839817,-0.41722012
4,99421286947941,0.35659727,-0.76938725,0.020240024
10,99421292049660,-0.08998644,1.3134592,-0.4551468
4,99421296024451,0.2282329,-0.59601545,0.087884314
10,99421301694451,1.0341911,0.99616003,0.6236229
4,99421305611222,-0.252734,-0.17496969,0.15472966
10,99421313372420,4.7409534E-4,-0.048722744,1.5370789
4,99421318285233,-0.6854977,0.18295917,0.31718248
10,99421322004347,-0.15992284,-0.17922974,2.4363909
4,99421325244972,-0.70493877,0.34328148,0.37630466
10,99421333079920,1.0467601,-1.3488088,1.056592
4,99421337870753,-0.4165184,0.7571367,0.5520733
10,99421341496014,1.3548046,-1.1475053,-0.36055517
4,99421344769920,-0.1667139,0.80347574,0.6348976
10,99421352895233,1.2812474,-0.4780631,-0.847198
4,99421357676899,0.6079997,0.5885586,0.59628177
10,99421361334764,0.55993974,0.4845028,-0.8197379
4,99421364581274,0.5784386,0.47510794,0.43116578
10,99421372654920,-0.14902323,-0.11272669,-0.53623915
4,99421377415962,-0.76592517,-0.047404267,-0.21518342
10,99421381055337,-1.7864141,0.34843922,0.8619232
4,99421385969035,-1.037035,-0.21012342,-0.38269624
10,99421391077316,-1.4770358,0.20283556,1.3009157
2,99421394972785,-37.0,-3.0,28.0
10,99421400629399,-0.5342713,-1.3232865,0.8895998
4,99421404082837,-0.8364989,-0.42797,-0.59228706
10,99421412246378,-0.15473479,-2.208775,0.36890125
4,99421417018931,-0.06018744,-0.5454154,-0.5110606
10,99421420667212,-0.6662397,-1.3785686,0.15558815
4,99421423981274,0.09853696,-0.61226076,-0.50147325
10,99421431930285,-0.8356755,-0.9801221,-0.46218348
4,99421436746222,-0.09054748,-0.7621967,-0.46392268
10,99421440364660,-0.37564892,1.0788226,-0.4761033
4,99421443626899,-0.22290659,-0.7819041,-0.4511395
10,99421451706222,-0.4153359,1.3523073,-0.27832985
4,99421456462264,-0.5273059,-0.7864315,-0.44208476
10,99421460085337,-0.3031357,0.8133416,0.893857
4,99421463398253,-0.79069257,-0.7435546,-0.4892227
10,99421471483358,-0.34984303,0.49650908,1.4001098
4,99421476264347,-0.8692558,-0.71346086,-0.5994776
10,99421479908826,-0.37801194,-1.0828958,1.3599863
4,99421484795910,-0.70680296,-0.6601977,-0.69109035
10,99421489946743,-0.46191788,-1.3830557,1.2279587
4,99421493788722,-0.33156356,-0.5651228,-0.5584649
10,99421499637420,-0.47881913,-0.94799185,1.1139398
4,99421502970858,0.21225394,-0.45034054,-0.34301516
10,99421511090493,-0.025009394,-0.1062274,0.4186616
4,99421515933670,0.4854943,-0.33316147,-0.2066613
10,99421519584764,0.09819031,0.74593973,-0.13009834
4,99421522806326,0.38748994,-0.25832662,-0.13848437
10,99421530810805,0.09661853,1.5875793,-0.24756432
4,99421535676535,0.16005598,-0.2282329,-0.122771725
10,99421539346951,0.12930119,1.705791,-0.27866888
4,99421542583670,-0.07376956,-0.22397186,-0.09933591
10,99421550596795,0.034454346,1.4208808,-0.6156144
4,99421555449555,-0.16644756,-0.20532973,-0.07243799
10,99421559095285,0.16261077,1.4623408,-0.57016945
4,99421562342576,-0.08868326,-0.16271915,-0.05965481
10,99421570376066,0.08325505,1.3113208,-0.4748931
2,99421575192264,-35.0,-3.0,25.0
10,99421579401014,0.024945498,1.1540761,-0.2670803
4,99421584250285,0.056459017,-0.17097494,-0.01571265
10,99421589364139,0.12518692,1.1202736,0.08792734
4,99421593167785,0.1123854,-0.1768339,-0.015180019
10,99421598537785,0.13508987,0.92977095,0.40872908
4,99421601829868,0.14594123,-0.15419704,0.026365295
10,99421609930493,-0.26442313,0.56679726,0.63558054
4,99421614816743,0.14940333,-0.15313177,0.101999074
10,99421618458462,-0.6968256,0.29917288,0.47949505
4,99421621689087,0.17417073,-0.12756541,0.17124127
10,99421629717108,-0.5639496,0.3880396,0.37548208
4,99421634621535,0.24980451,-0.05352954,0.23995082
10,99421638273253,-0.46204352,0.46956825,0.38553476
4,99421641514555,0.29454562,-0.01784318,0.31185618
10,99421649495233,-0.5034586,0.51110315,0.44603205
4,99421654338305,0.26232138,-0.036218993,0.35340148
10,99421657982212,-0.4878626,0.5950103,0.48799324
4,99421661238878,0.16564862,-0.053263225,0.35633096
10,99421669253983,-0.48175526,0.53354263,0.4508171
4,99421674106483,0.01438107,-0.03435478,0.36645097
10,99421677730545,-0.6623361,0.33796978,0.41519785
4,99421682494608,-0.11744541,-0.07536746,0.41065946
10,99421687633722,-0.9791267,0.14409685,0.2729144
4,99421691548670,-0.14620754,-0.14674018,0.43888897
10,99421695819503,-0.5577543,-0.049827576,0.07180834
4,99421702024608,-0.13209279,-0.16777915,0.42690474
10,99421710111222,-0.22143853,-0.10816479,-0.026042461
4,99421714940024,-0.04926848,-0.2247708,0.3422162
10,99421718552055,-0.22231436,-0.0963254,-0.017647266
4,99421721801587,-0.023702133,-0.32277513,0.2876214
10,99421727295649,-0.21273756,-0.14899826,-0.17327023
4,99421732137785,-0.011717909,-0.38908786,0.21917816
10,99421736727524,0.27744234,-0.075026035,-0.25208902
4,99421741652055,-0.0018642128,-0.39760995,0.18242654
10,99421748209087,0.44231522,-0.05643654,-0.2654996
2,99421753154191,-41.0,1.0,25.0
10,99421757370128,0.67421997,-0.40630293,-0.10737562
4,99421760616170,0.0127831735,-0.28575718,0.14168017
10,99421767992107,0.7049707,-0.6715183,0.05037403
4,99421772865910,-0.063116916,-0.17869811,0.1272991
10,99421777491951,0.6538398,-0.6881609,0.19534445
4,99421782345805,-0.06018744,-0.14327806,0.11851067
10,99421788782003,0.6676613,-0.7383976,0.21999073
4,99421793034607,0.00479369,-0.006924219,0.17443706
10,99421795147368,0.6604763,-0.98739195,0.052397728
4,99421801151639,0.022104237,0.046072688,0.21837921
10,99421807550545,0.63960433,-1.0207691,0.010108471
4,99421812328149,0.08681905,0.15819177,0.31318775
10,99421816922316,0.6825783,-0.5710535,0.24085617
4,99421820160545,0.123836994,0.18056233,0.3187804
10,99421827500232,0.6794958,-0.38694048,0.24006319
4,99421832329868,0.1438107,0.21438447,0.29321405
10,99421836947680,0.42308986,0.059923172,0.08882856
4,99421841760493,0.10865697,0.22423817,0.27510455
10,99421847932993,0.31214666,0.1269927,0.07677555
4,99421852845649,-0.03914847,0.21065605,0.18908444
10,99421857476899,-0.007350683,0.02064848,0.29189157
4,99421860724868,-0.07882957,0.19041602,0.15393071
10,99421866897160,-0.16991436,-0.349185,0.5607333
4,99421871692316,-0.12250541,0.14327806,0.087618
10,99421876321014,-0.4161824,-0.6666889,0.841002
4,99421881091274,-0.070307456,0.08681905,0.050866377
10,99421886065128,-0.4280759,-0.75172186,0.9125786
4,99421889863878,0.045007423,0.052996907,0.039947417
10,99421894886118,-0.36338055,-0.65460634,0.9905062
4,99421899663357,0.17816548,0.030360037,0.033023197
10,99421906449451,-0.37533164,-0.26864576,0.976048
4,99421911215180,0.26205507,-0.008522116,0.009853696
10,99421914986795,-0.28704917,0.078914165,0.7858815
4,99421918269399,0.2511361,-0.046072688,-0.0314253
10,99421926178618,-0.23099685,0.30176926,0.66464615
2,99421930959607,-48.0,2.0,25.0
10,99421935240910,-0.29427826,0.420722,0.65485525
4,99421938474243,0.0892159,-0.1041296,-0.06950851
10,99421945963878,-0.35020053,0.32418776,0.5931282
4,99421950778410,0.019973708,-0.11717909,-0.05672533
10,99421954601482,-0.33519542,0.26516628,0.68449926
4,99421957855545,0.026631612,-0.114782244,-0.034621093
10,99421965750284,-0.21944118,0.12664127,0.7699833
4,99421970581534,0.07536746,-0.08868326,0.0039947415
10,99421974280232,-0.21515357,0.031634808,0.6857834
4,99421979054712,0.11158645,-0.07057377,0.04314321
10,99421984092264,-0.28309882,0.09917307,0.64431
4,99421988208618,0.14407702,-0.06791061,0.0727043
10,99421994152159,-0.24623787,0.18084335,0.6509204
4,99421997425441,0.16564862,-0.073236935,0.07856325
10,99422005307107,-0.26392376,0.17714787,0.5701728
4,99422010079816,0.15020229,-0.0793622,0.06924219
10,99422013877732,-0.37264264,0.2696514,0.4323082
4,99422017145493,0.10705908,-0.10173275,0.06524745
10,99422025082837,-0.42803383,0.30787563,0.28743315
4,99422029844607,0.05273059,-0.1257012,0.06258429
10,99422033699972,-0.35660708,0.17431402,0.22817755
4,99422036968514,0.02130529,-0.15313177,0.053263225
10,99422045065389,-0.37850308,0.092259884,0.2149992
4,99422049905284,0.051931642,-0.18295917,0.03701794
10,99422053637368,-0.31083322,0.075876236,0.1969409
4,99422056853982,0.09960223,-0.19893813,0.024234766
10,99422064634816,-0.35036075,0.0814147,0.2936163
4,99422069444920,0.1419465,-0.26019084,0.015446335
10,99422073240493,-0.63809705,0.019627094,0.23323154
4,99422077997472,0.18375812,-0.34115094,0.007190535
10,99422083011951,-0.4915911,0.04575205,0.009955406
4,99422087092159,0.22663501,-0.36618465,-0.0031957934
10,99422092821534,-0.33815444,0.21535873,0.126935
4,99422096299139,0.26418558,-0.3651194,-0.004261058
10,99422104185284,-0.2926141,0.2653942,0.36865854
2,99422109051795,-47.0,3.0,28.0
10,99422113334243,-0.13961756,0.17673588,0.37531757
4,99422116569607,0.3800331,-0.24474451,0.022903185
10,99422123952941,0.1591624,-0.19086838,0.6365061
4,99422128730441,0.29667616,0.036485307,0.12197278
10,99422133353982,-0.038917303,-0.54628134,0.78425884
4,99422136574764,0.13901702,0.39041942,0.40426785
10,99422143736274,-0.5605531,-0.6436806,1.07341
4,99422148585180,0.06551377,0.6564692,0.77897465
10,99422153227576,-0.43366528,-0.76322174,1.4964352
4,99422156459295,0.15073492,0.7685883,1.0641992
10,99422163520597,0.059367657,-0.80724335,0.75199604
4,99422168363774,0.3153183,0.7078682,1.1195929
10,99422172989972,0.38802266,0.112410545,-0.8790946
4,99422177798357,0.47670585,0.6061355,0.97285277
10,99422182747628,0.19815326,0.6583686,0.5607977
4,99422186575753,0.41225734,-0.1898834,-0.007989483
10,99422192046534,-0.3884374,0.28198338,0.14044762
4,99422195285076,0.06684534,-0.44874266,-0.32836777
10,99422203111691,-0.5698181,0.0072398186,-0.053189278
4,99422207898514,-0.67271453,-0.6852314,-0.6623282
10,99422212512472,-1.2136741,-1.6624684,1.1748619
4,99422215744764,-0.6849651,-0.6801714,-0.6013418
10,99422222847889,-1.089362,-2.19879,1.4184303
4,99422227675701,-0.100933805,-0.59122175,-0.53476274
10,99422232346951,0.66802657,-2.0623617,0.42343903
4,99422235581170,0.15313177,-0.52597433,-0.5637912
10,99422242662576,0.6223955,-1.1432815,0.105332375
4,99422247486066,0.49694586,-0.41864893,-0.6346313
10,99422252112003,0.32012153,0.98321724,-1.2882333
4,99422255355545,0.33316147,-0.43223104,-0.67031765
10,99422262474711,0.46932828,1.2308412,-1.9503126
4,99422267324295,-0.13315806,-0.46871635,-0.77125144
10,99422271943774,0.5854442,0.67080975,-1.1907926
4,99422275563722,-0.40213734,-0.5030711,-0.83277047
10,99422282102472,0.24037719,0.21193552,-0.68958855
2,99422286911118,-39.0,7.0,27.0
10,99422291174191,0.13111281,-0.7085924,-0.11229324
4,99422294524816,-0.14780544,-0.4745753,-0.8223842
10,99422302030649,0.31099033,-0.97062397,0.17551708
4,99422306812628,0.07190535,-0.34567833,-0.7416904
10,99422311430284,0.090361595,-0.5361247,0.09373331
4,99422314677680,0.18508969,-0.221575,-0.6106629
10,99422321767316,0.15638399,0.0022649765,-0.003001213
4,99422326590024,0.19973709,-0.11345066,-0.5139901
10,99422330356066,0.3415532,0.27147532,-0.23608398
4,99422334401118,0.12543489,-0.01784318,-0.4495416
10,99422341549451,0.34181643,0.57605934,-0.37962246
4,99422346371222,0.017310547,0.076965354,-0.3717773
10,99422350993357,0.26381326,0.9214883,-0.251791
4,99422354355076,-0.07163903,0.18801917,-0.27883297
10,99422361367576,0.08609557,1.1435423,0.04579544
4,99422366192680,-0.16298546,0.2743056,-0.16218652
10,99422369896899,-0.41510892,1.0890532,0.12319088
4,99422374737941,-0.20186761,0.28336033,-0.07084008
10,99422379682941,-0.4361713,1.241622,0.05012417
4,99422383760180,-0.12703279,0.2790993,-0.08548747
10,99422389448774,-0.2773533,1.3270359,0.010576725
4,99422392955597,-0.048203215,0.2695119,-0.1073254
10,99422400835961,-0.64174664,1.1536212,0.204494
4,99422405728305,-0.016245283,0.20905815,-0.09933591
10,99422410309191,-0.7335701,1.0357594,0.45150852
4,99422413552941,-0.007456851,0.16245283,-0.09720538
10,99422420611378,-0.62646925,0.9184098,0.5415411
4,99422425535232,-0.0314253,0.1717739,-0.072970614
10,99422430144138,-0.7122681,0.76415443,0.70648384
4,99422433380753,-0.06524745,0.22237396,0.0026631611
10,99422440391847,-0.9018066,0.4100523,0.94535065
4,99422445231586,-0.13156016,0.27190876,0.10040118
10,99422449854711,-1.1728818,-0.053014755,0.84126854
4,99422453094503,-0.165116,0.2591256,0.14274544
10,99422460173461,-1.1767875,-0.2227068,0.6434393
2,99422465059711,-37.0,-1.0,27.0
10,99422469267107,-0.8038385,-0.1647768,0.3433342
4,99422474176326,0.022370555,0.24474451,0.059388492
10,99422479069086,-0.6727556,0.032705784,0.24897861
4,99422482865493,0.045540057,0.2231729,0.02130529
10,99422485855128,-0.65598285,0.24818754,0.38305187
4,99422493223982,0.029294772,0.20639499,-0.0018642128
10,99422501187993,-0.5625241,0.1904602,0.37597275
4,99422506155284,-0.10972224,0.17550232,-0.08335695
10,99422510823878,-0.5489607,0.19996691,0.37832546
4,99422514148513,-0.17470337,0.15686019,-0.10226539
10,99422520069659,-0.76564264,-0.026226044,0.32403755
4,99422525204347,-0.13156016,0.13209279,-0.0974717
10,99422529817628,-0.5666779,-0.13861656,0.15350628
4,99422533052263,-0.06897587,0.13422333,-0.088150635
10,99422538305753,-0.45893884,-0.13143396,0.1654768
4,99422543273305,-0.03568636,0.11957593,-0.06897587
10,99422546929763,-0.6131474,0.07862425,0.27115345
4,99422551699138,-0.02609898,0.095074855,-0.05832323
10,99422559254711,-0.6927748,0.20889711,0.23821163
4,99422564274399,-0.028229509,0.049534798,-0.049002163
10,99422567918774,-0.34410155,0.5575838,0.1527853
4,99422572802107,-0.03089267,0.057790596,-0.054328486
10,99422577854191,-0.28764486,0.56087255,0.22086525
4,99422581654816,-0.036751624,0.0793622,-0.045540057
10,99422587267211,-0.37455785,0.28567553,0.24617958
4,99422590720545,-0.05539375,0.07483483,-0.014913702
10,99422598804086,-0.34501612,0.25260687,0.22734928
4,99422603679972,-0.024767399,0.08069378,0.017044231
10,99422607356899,-0.1623931,0.30090618,0.3354349
4,99422610584763,-0.007989483,0.09321064,0.026631612
10,99422618584711,-0.16710019,0.3273306,0.30958462
4,99422623428357,-0.007456851,0.12809806,0.0743022
10,99422627072368,-0.33251846,0.4169774,0.2600603
4,99422630335180,-0.02396845,0.11744541,0.08495484
10,99422638354347,-0.33505404,0.45642662,0.17559433
2,99422643222107,-39.0,-4.0,26.0
10,99422647422628,-0.12552881,0.3908224,0.21830082
4,99422650657315,-0.03781689,0.07803062,0.042876896
10,99422658132315,-0.15105104,0.28133202,0.30674648
4,99422663012420,-0.016511599,0.06870956,0.026897928
10,99422666667159,-0.20366693,0.08353424,0.6454096
4,99422671440336,-0.014114754,0.06711166,0.030360037
10,99422676540076,-0.2509917,-0.053952217,0.644269
4,99422680398097,-0.045540057,0.0727043,0.046072688
10,99422686154347,-0.3325622,-0.19792509,0.58725166
4,99422690940597,-0.052996907,0.064182185,0.055926383
10,99422697681534,-0.2969092,-0.11765051,0.5456724
4,99422702499138,-0.0015978967,0.06258429,0.049801115
10,99422706126013,-0.15048218,-0.06726694,0.48787498
4,99422709397263,0.02876214,0.05139901,0.03435478
10,99422717476274,-0.14189887,-0.06347895,0.4952011
4,99422722326847,0.01571265,0.029028457,0.011451593
10,99422725960857,-0.19310653,-0.022189617,0.57682705
4,99422729212524,-0.022903185,0.016245283,-0.0063915867
10,99422737254243,-0.251099,-0.009584427,0.51451015
4,99422742110232,-0.083889574,0.019973708,-0.0018642128
10,99422745737055,-0.25423443,0.02195263,0.49352837
4,99422748984763,-0.09773801,0.0058589545,0.008522116
10,99422757025440,-0.28109038,0.029810429,0.44790173
4,99422761810753,-0.055926383,-0.025300032,0.0127831735
10,99422765472732,-0.24777067,-0.07655525,0.42564487
4,99422770243826,-0.02743056,-0.052996907,-0.0018642128
10,99422775390440,-0.28141558,-0.05490017,0.5979204
4,99422779300753,0.00479369,-0.07643273,-0.015180019
10,99422785094868,-0.4054792,0.04967928,0.5889654
4,99422788486378,0.012516857,-0.09054748,-0.012516857
10,99422796591743,-0.366431,0.1313119,0.4431715
4,99422801401534,-0.0063915867,-0.08868326,-0.0026631611
10,99422805118305,-0.27323163,0.2474184,0.36048794
4,99422808366899,-0.013848438,-0.08681905,0.0026631611
10,99422816376274,-0.34613967,0.33968306,0.44987774
2,99422821218826,-40.0,-3.0,26.0
10,99422825558722,-0.357363,0.35662985,0.37985802
4,99422828808461,-0.029028457,-0.09347696,0.015180019
10,99422836143878,-0.37536263,0.33854342,0.33904362
4,99422840968617,-0.015978966,-0.083889574,0.033289514
10,99422844682263,-0.3820939,0.28914976,0.31442738
4,99422847922263,0.009321064,-0.06897587,0.05885586
10,99422855913982,-0.25348794,0.25096416,0.23151684
4,99422860680388,0.03488741,-0.051931642,0.0727043
10,99422864394086,-0.1289258,0.28303862,0.12105274
4,99422869153565,0.045007423,-0.034621093,0.08681905
10,99422874282211,-0.1174593,0.26221943,-0.057073593
4,99422878195701,0.011185277,-0.01438107,0.11105382
10,99422883055336,-0.018106937,0.23418427,-0.047359467
4,99422887384138,-0.02876214,0.016245283,0.1304949
10,99422895465076,0.015226364,0.105341434,-0.057109356
4,99422900363878,-0.048469532,0.03781689,0.13741912
10,99422904090024,0.0033898354,0.04363537,-0.0060782433
4,99422907329763,-0.048203215,0.041545313,0.14008227
10,99422915249190,0.011752129,-0.02664709,-0.09351015
4,99422920114763,-0.033822145,0.060453758,0.13129385
10,99422923476795,-0.002952814,-0.009265423,-0.12668657
4,99422927467524,-0.027164243,0.0644485,0.11984225
10,99422935028305,-0.09891963,-0.050481796,-0.05289793
4,99422939854138,-0.041545313,0.04873585,0.080960095
10,99422943559295,-0.17458403,-0.16042614,-0.011820793
4,99422946813826,-0.054328486,0.041279,0.06764429
10,99422954799295,-0.20431936,-0.1851368,0.040303707
4,99422959625024,-0.053263225,0.023435818,0.037284255
10,99422963314815,-0.233796,-0.1773262,0.12585258
4,99422968138045,-0.041012682,0.027696876,0.033822145
10,99422973209242,-0.25814784,-0.13389826,0.17362118
4,99422977059763,-0.017310547,0.037284255,0.03888215
10,99422981941430,-0.34280515,-0.06618738,0.31769514
4,99422986766638,-0.017576864,0.04314321,0.041545313
10,99422994358722,-0.36768842,-0.04154253,0.2583046
2,99422999190284,-40.0,-3.0,25.0
10,99423003534399,-0.25971532,0.15314531,0.29743242
4,99423006768774,-0.041545313,0.04527374,0.030626353
10,99423014138097,-0.22345603,0.16189814,0.24609756
4,99423018935753,-0.06471482,0.06018744,0.05486112
10,99423022643670,-0.24982452,0.1889863,0.18333912
4,99423025884607,-0.07456851,0.06338324,0.061252706
10,99423033595909,-0.24128032,0.20576286,0.1740222
4,99423038427576,-0.08016115,0.07536746,0.06178534
10,99423042699451,-0.22064936,0.25120497,0.1383133
4,99423045937940,-0.0777643,0.083090626,0.0479369
10,99423053686951,-0.15802145,0.25809336,0.042874813
4,99423058488878,-0.06924219,0.11504856,0.04447479
10,99423062149347,-0.0010589361,0.22114372,0.09515715
4,99423066932003,-0.071106404,0.12703279,0.05006743
10,99423072071586,0.042964935,0.18959522,0.03244543
4,99423075969711,-0.06524745,0.13901702,0.052996907
10,99423081723357,0.03322375,0.15475655,0.1627636
4,99423086513097,-0.045540057,0.15579493,0.050866377
10,99423093265805,-0.017619252,0.1418271,0.1858902
4,99423098103253,-0.028229509,0.18375812,0.0628506
10,99423101770024,-0.10281098,-0.019732475,0.36597538
4,99423105015492,-0.021038974,0.20186761,0.08442221
10,99423113017211,-0.14444613,-0.098946095,0.38564587
4,99423117892784,-0.008788432,0.18482338,0.09134643
10,99423121517732,-0.19343674,-0.095807076,0.17754936
4,99423124760232,0.01917476,0.16884442,0.08042747
10,99423132802888,-0.06749809,0.019441128,0.083051205
4,99423137627992,0.038083203,0.1717739,0.076965354
10,99423141362055,-0.07011974,0.09247589,0.016123772
4,99423144633878,0.022903185,0.15153387,0.07350325
10,99423152576586,-0.1657778,0.06716204,0.1810379
4,99423157327940,-0.021571605,0.104928546,0.047670584
10,99423161019763,-0.20193362,-0.088057995,0.21829987
4,99423165941847,-0.0743022,0.07882957,0.008788432
10,99423171044242,-0.1763717,-0.21671104,0.33463955
2,99423174941690,-43.0,-1.0,25.0
10,99423180700440,-0.22737598,-0.3124504,0.3955059
4,99423184038253,-0.03701794,0.08522116,-0.0061252704
10,99423192228409,-0.23744988,-0.4195752,0.34496927
4,99423197181586,-0.019441076,0.09161274,-5.326322E-4
10,99423200852576,-0.102039814,-0.3752551,0.3125143
4,99423204164815,-0.0013315806,0.10546118,-0.018375812
10,99423211914190,0.0040045977,-0.23765564,0.26654577
4,99423216722107,0.0029294773,0.120907515,-0.050600063
10,99423220394190,0.0112143755,-0.15552044,0.23004007
4,99423223657784,-0.020772656,0.13342437,-0.0743022
10,99423231685961,-0.03453231,-0.10757303,0.13970757
4,99423236537524,-0.04314321,0.13129385,-0.094808534
10,99423240189451,-0.04777503,-0.13485909,0.14631319
4,99423243428617,-0.034088463,0.1355549,-0.10546118
10,99423251465909,-0.053421497,-0.24495602,0.19975615
4,99423256297524,-0.002396845,0.14567491,-0.10066749
10,99423259985076,-0.045820236,-0.19126415,0.27905273
4,99423264879607,0.040746365,0.14966966,-0.09161274
10,99423269949347,-0.12384629,0.047246933,0.1972723
4,99423273774399,0.066046394,0.14620754,-0.09267801
10,99423278092419,-0.123845935,0.28187037,0.16614485
4,99423284206013,0.054062173,0.13129385,-0.10040118
10,99423292309555,-0.09221864,0.39563513,0.15391064
4,99423297144086,0.025832662,0.11744541,-0.10519487
10,99423300760805,-0.08999777,0.39052725,0.14996433
4,99423304087784,-0.0029294773,0.111852765,-0.0958738
10,99423310789138,-0.1487478,0.31883717,0.26258612
4,99423315625596,-0.02956109,0.09667275,-0.075101145
10,99423317739867,-0.31153607,0.24700832,0.3439808
4,99423324015961,-0.04261058,0.08655274,-0.06471482
10,99423330368826,-0.36699677,0.20417976,0.48445225
4,99423335258044,-0.046871636,0.06258429,-0.04261058
10,99423338910076,-0.3890823,0.112742424,0.56143904
4,99423342263461,-0.040213734,0.057257965,-0.037550572
10,99423350148461,-0.4228425,0.100194454,0.54730177
2,99423355118253,-44.0,-5.0,23.0
10,99423359374399,-0.39707696,0.19151592,0.46999407
4,99423364271742,-0.0018642128,0.037284255,-0.012516857
10,99423370618982,-0.4157586,0.26412296,0.29005766
4,99423375080649,-0.019707393,0.026365295,-0.0018642128
10,99423377186221,-0.39419508,0.30960178,0.3115983
4,99423383445961,-0.030360037,0.022903185,-0.0010652645
10,99423389842211,-0.35798442,0.3507018,0.29691744
4,99423394736117,-0.054594804,0.019441076,-0.00958738
10,99423399317992,-0.34395158,0.28569078,0.257133
4,99423402563513,-0.06338324,0.021837922,-0.01438107
10,99423409472992,-0.34703028,0.25801325,0.30458307
4,99423414395076,-0.07536746,0.028229509,-0.013848438
10,99423419011742,-0.34965432,0.19810724,0.39590216
4,99423422262471,-0.06524745,0.03222425,-0.008255799
10,99423429256117,-0.3752669,0.16666031,0.4341674
4,99423434181326,-0.02743056,0.042077947,0.010652645
10,99423438754034,-0.42552853,0.16420507,0.6884918
4,99423441992784,-0.011717909,0.03888215,0.014647386
10,99423449031013,-0.46941864,0.16879797,0.69656277
4,99423453956899,0.03222425,0.009321064,0.012250541
10,99423457618461,-0.44990695,0.2475462,0.67210865
4,99423462459867,0.04234426,0.004527374,0.011984225
10,99423467394503,-0.43232262,0.2899952,0.6725302
4,99423471514190,0.049002163,-0.011984225,0.02130529
10,99423476339138,-0.51541066,0.38645792,0.6100235
4,99423481154867,0.054594804,-0.041279,0.029827405
10,99423488587940,-0.50934124,0.42768764,0.5238581
4,99423493430388,0.047137953,-0.062051654,0.024767399
10,99423498012315,-0.39855516,0.5122371,0.3930092
4,99423501245909,0.038083203,-0.05352954,0.02263687
10,99423508345805,-0.4102589,0.5328431,0.35370064
4,99423512260440,0.018375812,-0.046072688,0.038615838
10,99423516647367,-0.4087627,0.5192871,0.31051826
4,99423521531326,-0.0029294773,-0.040480047,0.05672533
10,99423528144242,-0.3510704,0.4079647,0.2593956
2,99423533038721,-45.0,-7.0,24.0
10,99423537320961,-0.25027347,0.31781244,0.23356056
4,99423540568617,0.0018642128,-0.0010652645,0.05832323
10,99423548034190,-0.21006012,0.23474646,0.20970154
4,99423553207367,0.03089267,0.026365295,0.07350325
10,99423557810232,-0.24331558,0.11023617,0.076937675
4,99423561455232,0.051665325,0.039414786,0.087618
10,99423566418357,-0.2598319,-0.014759064,0.0055999756
4,99423566418357,0.05885586,0.042876896,0.08735169
4,99423570409294,0.06737798,0.046339005,0.08069378
10,99423576339503,-0.23536432,0.026305199,-0.0069646835
4,99423579619190,0.080960095,0.066046394,0.062051654
10,99423587491065,-0.27016425,0.07292271,-0.056646347
4,99423592361065,0.06924219,0.082558,0.049002163
10,99423596017419,-0.20430529,0.0265069,-0.027100563
4,99423599372523,0.04447479,0.08735169,0.037284255
10,99423607267784,-0.13177896,-0.11318779,-0.03408146
4,99423612114555,0.043675844,0.09773801,0.026897928
10,99423616717940,-0.10709119,-0.261343,0.014749527
4,99423619964190,0.054062173,0.09720538,0.022903185
10,99423627010284,-0.09692013,-0.27588987,-0.027672768
4,99423631800128,0.08681905,0.104928546,0.014114754
10,99423635517784,-0.034616232,-0.2668171,0.03355694
4,99423640284659,0.100933805,0.11158645,0.004261058
10,99423646805492,-0.12433922,-0.31461668,0.110105515
4,99423651628357,0.07989483,0.08868326,-0.014913702
10,99423656213826,-0.1630001,-0.35451984,0.1946516
4,99423661142159,0.068176925,0.064182185,-0.046871636
10,99423666106482,-0.08418059,-0.2624569,0.19413662
4,99423669901586,0.06098639,0.06498113,-0.068176925
10,99423675007419,-0.105181694,-0.13059855,0.25799847
4,99423678490076,0.05273059,0.07243799,-0.072970614
10,99423686372159,-0.24212039,-0.058644295,0.28564358
4,99423691249503,0.018109497,0.0479369,-0.070041135
10,99423695927419,-0.23416448,0.0053687096,0.343338
4,99423699161638,-0.010120012,0.030360037,-0.07643273
10,99423706279034,-0.24472332,0.054544926,0.4146328
2,99423711171846,-46.0,-6.0,24.0
10,99423715503253,-0.3180008,0.113435745,0.46695995
4,99423718751638,0.021571605,0.014114754,-0.050600063
10,99423725921013,-0.3829931,0.15106153,0.51048183
4,99423730715023,0.041279,0.011185277,-0.020240024
10,99423734559086,-0.39634228,0.2058444,0.5404434
4,99423737839659,0.040213734,0.0063915867,-0.007456851
10,99423745704242,-0.4400128,0.28024292,0.43887138
4,99423750542992,0.013582122,-0.01784318,0.013315806
10,99423754229555,-0.37970042,0.4128828,0.43865013
4,99423759061898,0.0063915867,-0.021571605,0.018109497
10,99423764039294,-0.35744166,0.41221952,0.47479725
4,99423768192159,-0.0055926386,-0.023702133,0.03222425
10,99423774123096,-0.4987222,0.3341627,0.66251373
4,99423777368825,-0.025300032,-0.040746365,0.049002163
10,99423785255805,-0.56331205,0.3177762,0.6862135
4,99423790045648,-0.02956109,-0.06977482,0.06764429
10,99423793802471,-0.54321456,0.2686224,0.660429
4,99423797148409,-0.027696876,-0.07137272,0.075101145
10,99423805036378,-0.55583584,0.24835491,0.65134907
4,99423809867159,-0.01784318,-0.07962852,0.1025317
10,99423813589555,-0.58456624,0.26835394,0.61312294
4,99423818467523,-0.012516857,-0.08868326,0.108124346
10,99423824808409,-0.5334345,0.24505043,0.60618687
4,99423829619971,0.0037284256,-0.099069595,0.10040118
10,99423833497471,-0.43328512,0.14948082,0.55851555
4,99423836745128,0.013848438,-0.09773801,0.09720538
10,99423844585700,-0.39868414,0.10291147,0.54848766
4,99423849472523,0.05139901,-0.082025364,0.103863284
10,99423853271950,-0.23014164,0.142838,0.5035944
4,99423858090857,0.06498113,-0.07456851,0.10918961
10,99423862995388,-0.2111615,0.1502037,0.435956
4,99423867079503,0.062051654,-0.06924219,0.11504856
10,99423873012523,-0.22329009,0.22325993,0.26126862
4,99423876291586,0.040213734,-0.066046394,0.111852765
4,99423891291586,0.006924219,-0.035153728,0.094808534
4,99423900884763,0.0029294773,-0.02743056,0.09773801
11,99423907720284,-0.27197,0.117734,-0.617778,0.728368,3.0
4,99423909663773,0.009054748,-0.011984225,0.10679276
4,99423914663773,0.017310547,-0.004527374,0.10945592
4,99423922929659,0.043942157,0.025832662,0.09720538
4,99423930512732,0.043942157,0.025832662,0.09720538
4,99423932484242,0.05672533,0.032490566,0.088150635
4,99423943156169,0.06977482,0.04527374,0.07563378
4,99423946371898,0.07190535,0.05832323,0.056991648
10,99423952122523,-0.10587299,-0.0712719,-0.049155235
4,99423956915700,0.04527374,0.071106404,0.04580637
10,99423963260232,0.021326661,-0.17924356,-0.021575928
4,99423966500752,0.050600063,0.08868326,0.036485307
10,99423971899607,0.14727306,-0.17137766,-0.026309967
4,99423976708721,0.060453758,0.12996227,0.0127831735
10,99423981687159,0.12208581,-0.0909667,0.06322861
4,99423985040180,0.06018744,0.15393071,-0.02396845
10,99423991678773,0.04431379,-0.012832165,0.04509735
4,99423996441273,0.05139901,0.1587244,-0.070041135
10,99424002819086,0.02391398,-0.14117384,-0.043180466
4,99424006066013,0.040213734,0.15659387,-0.114782244
10,99424011455857,-0.0028847456,-0.36410904,-0.12559271
4,99424016294294,0.055127434,0.15499598,-0.1257012
10,99424022589138,-0.05995226,-0.50587034,0.0056028366
4,99424025833252,0.10439592,0.1486044,-0.10972224
10,99424029586586,-0.19642174,-0.41010237,0.024756432
4,99424036681377,0.15020229,0.14913702,-0.08575379
10,99424043945648,-0.13889956,-0.10707855,0.011720657
4,99424047222523,0.14301175,0.15792546,-0.0727043
10,99424052119346,-0.07895744,0.23040533,-0.08126736
4,99424056952471,0.096939065,0.1555286,-0.06977482
10,99424063017575,-0.046665072,0.3419857,-0.09242344
2,99424066280961,-44.0,1.0,24.0
10,99424068256325,0.01797843,0.3515625,-0.061299324
4,99424076566065,0.009321064,0.1438107,-0.080960095
10,99424082918773,0.029078841,0.29267836,-0.009466171
4,99424086020752,0.012516857,0.14913702,-0.06391586
10,99424088886482,3.4832954E-4,0.17536259,0.12700367
4,99424096111482,0.043409526,0.14993598,-0.033822145
10,99424103649711,-0.041098118,0.103811264,0.18424797
4,99424106905492,0.06791061,0.15126756,-0.007456851
10,99424111725284,-0.031068325,0.0971055,0.17810822
4,99424116515075,0.0743022,0.15126756,0.011451593
10,99424122624450,0.01530695,0.2793951,0.19097519
4,99424125865440,0.052996907,0.14940333,0.025832662
10,99424128667107,0.024883747,0.36798048,0.21970558
4,99424135641690,0.02956109,0.14327806,0.036485307
10,99424143159034,0.04884875,0.35065126,0.21088314
4,99424146386690,-0.00479369,0.13954964,0.051665325
10,99424148319711,0.04884875,0.35065126,0.21088314
4,99424155277211,-0.02743056,0.12703279,0.06657903
10,99424162830388,0.033936143,0.096297264,0.31479836
4,99424166106273,-0.023169503,0.11638014,0.072970614
10,99424168931846,-0.011553645,0.0029230118,0.37944126
4,99424175367471,-0.013315806,0.10546118,0.07376956
10,99424181665179,-0.058082223,-0.060049057,0.37848186
4,99424186128825,0.010386328,0.06737798,0.0479369
10,99424188237575,-0.06287062,-0.103144646,0.44791412
4,99424194826482,0.013315806,0.053795855,0.033822145
10,99424201062992,-0.14788699,-0.16012812,0.4280424
4,99424204380857,-5.326322E-4,0.010918961,-0.0029294773
10,99424209161950,-0.15221977,-0.18323183,0.40414715
4,99424214005075,-0.007989483,-2.663161E-4,-0.016245283
10,99424220540284,-0.1788423,-0.17708111,0.42182827
4,99424223777367,-0.015978966,-0.034088463,-0.0479369
10,99424229018617,-0.21821618,-0.197052,0.43540096
4,99424233983721,-0.02609898,-0.043675844,-0.055127434
10,99424240286117,-0.24758792,-0.21864319,0.45459938
2,99424243515023,-46.0,-2.0,24.0
10,99424248628200,-0.352327,-0.34210825,0.52257824
4,99424253464815,-0.045540057,-0.07163903,-0.07829694
10,99424260097107,-0.37442493,-0.3445959,0.48144436
4,99424263307575,-0.036751624,-0.07803062,-0.10013486
10,99424268303825,-0.34578764,-0.14002323,0.43508244
4,99424274124867,-0.0034621095,-0.070307456,-0.118776985
10,99424279219294,-0.3422631,-0.05870247,0.3890581
4,99424282322054,0.013315806,-0.06471482,-0.12357068
10,99424288308513,-0.4573624,-0.012834549,0.3272438
4,99424293156742,-0.0031957934,-0.0892159,-0.11584751
10,99424299679398,-0.46822655,0.045504093,0.28990555
4,99424302917784,-0.0055926386,-0.0958738,-0.11052119
10,99424307872732,-0.41795158,0.065915585,0.36315727
4,99424312648982,0.018908445,-0.086020105,-0.10226539
10,99424319433982,-0.4810604,0.02285099,0.39465714
4,99424322652992,0.036751624,-0.07856325,-0.087884314
10,99424327830596,-0.4568267,0.03567314,0.3794613
4,99424332647315,0.043942157,-0.06924219,-0.08175905
10,99424339207107,-0.41997015,0.10973024,0.34196186
4,99424342454398,0.026365295,-0.04181163,-0.07882957
10,99424347504919,-0.36741924,0.13721514,0.17577839
4,99424352349502,-0.01304949,-0.010386328,-0.07403588
10,99424358976377,-0.32205522,0.20077133,0.17120361
4,99424362221690,-0.025566347,0.0063915867,-0.07856325
10,99424367413981,-0.3134042,0.14395571,0.24885082
4,99424372205596,-0.01784318,0.023702133,-0.08468852
10,99424377339711,-0.2966789,0.049244404,0.19252205
4,99424380583721,-0.016511599,0.05219796,-0.087085366
10,99424387029294,-0.3872081,0.03808832,0.20492935
4,99424391847836,-0.005060006,0.06764429,-0.086020105
10,99424398549242,-0.4089861,0.05974722,0.19981003
4,99424401762367,0.013315806,0.076166406,-0.08522116
10,99424406756169,-0.32548833,0.0756855,0.050450325
4,99424411607367,0.036751624,0.084155895,-0.09667275
10,99424418308304,-0.23054099,0.04655218,0.07231045
2,99424421571846,-44.0,-5.0,26.0
10,99424426442419,-0.3007748,-0.0033798218,0.15057468
4,99424431210648,0.04527374,0.076166406,-0.14247912
10,99424438094190,-0.2822796,0.037139893,0.14512253
4,99424441354190,0.024501082,0.08362326,-0.16990969
10,99424446306169,-0.1937921,0.13541508,0.15696526
4,99424451068252,0.009853696,0.09827065,-0.1949434
10,99424457870909,-0.17994165,0.16522694,0.09528732
4,99424461104554,0.002130529,0.101999074,-0.2050634
10,99424466158617,-0.10703206,0.05517292,0.049017906
4,99424470991742,0.002130529,0.10945592,-0.2034655
10,99424476221846,-0.02018261,-0.0061211586,-0.020563126
4,99424479480909,0.02396845,0.12916331,-0.18961707
10,99424485949502,-0.003488183,0.024548054,-0.02191639
4,99424490359450,0.041279,0.15472966,-0.17390442
10,99424497428565,0.07998645,0.12928343,0.060902596
4,99424500680179,0.029827405,0.18322548,-0.16751283
10,99424505659763,0.1560297,0.27142048,0.14514446
4,99424510433513,0.008255799,0.21358553,-0.18668759
10,99424517191534,0.22850764,0.30973387,0.06253624
4,99424520408461,0.005060006,0.2412824,-0.22290659
10,99424525623617,0.31290233,0.15761042,0.10513401
4,99424530423252,0.021837922,0.26658243,-0.25965822
10,99424536961898,0.21173179,-0.06158638,0.11876774
4,99424540204138,0.06018744,0.28442562,-0.28895298
10,99424545320804,0.07366943,-0.104329586,0.15172672
4,99424550096638,0.10972224,0.29667616,-0.30280143
10,99424556763617,-0.048810005,-0.1239233,-0.0018863678
4,99424559998252,0.13342437,0.3009372,-0.30280143
10,99424565007523,0.031771183,-0.17955637,-0.01810646
4,99424569825231,0.14088123,0.29880667,-0.2974751
10,99424575109294,0.06947279,-0.18344402,0.14704609
4,99424578370648,0.16884442,0.31185618,-0.2974751
10,99424583941481,0.13082063,-0.19987106,0.34444237
4,99424590387211,0.22743396,0.3651194,-0.28975195
10,99424596660856,-0.18710649,-0.40184593,0.9878464
2,99424599916325,-44.0,-10.0,24.0
10,99424603464138,-0.6127556,-0.56180906,1.3370104
4,99424610355023,0.1768339,0.7664578,0.056991648
10,99424616625336,-1.1165954,-0.48527765,1.4495535
4,99424619832315,0.15180019,1.0183928,0.6378271
10,99424624323148,-1.43033,-0.25159168,1.727562
4,99424629154086,0.17656758,0.9816412,0.82850945
10,99424635907211,-1.3213874,-0.17349482,1.6441984
4,99424639110700,0.25539714,0.6876282,1.0820423
10,99424644289033,-1.1100476,1.6638522,2.703518
4,99424649080388,0.5219796,0.23755397,0.91825795
10,99424655630804,-1.2166809,1.83725,3.4198036
4,99424658862158,0.28442562,-0.32410672,0.3073288
10,99424664014190,-1.7502104,2.0694213,0.9572239
4,99424668881533,-0.4854943,-0.64341974,-0.3406183
10,99424674043669,-1.6921759,2.125124,0.69770336
4,99424677253773,-1.1086739,-0.67324716,-0.54168695
10,99424683703096,-1.789065,1.4186242,0.5332985
4,99424688534867,-1.2665994,-0.69694924,-0.41412157
10,99424695237940,-1.072839,0.07272005,-0.052998543
4,99424698495127,-0.8290421,-0.7488809,-0.34647727
10,99424703632679,0.24465334,-0.7345357,-0.27298737
4,99424708424606,-0.13608754,-0.7171893,-0.42317632
10,99424714980804,-0.06335819,-1.3128786,-0.049860954
4,99424718221690,0.13209279,-0.73316824,-0.4495416
10,99424723037367,-0.9995812,-0.1774435,-0.51565886
4,99424727917002,0.18082865,-0.7821704,-0.37364152
10,99424734770231,-0.73035955,1.3606148,-0.7912555
4,99424737993148,0.04527374,-0.7451525,-0.31824777
10,99424743190075,-0.2700864,1.4539292,-0.84614086
4,99424748012315,-0.20213392,-0.6660566,-0.30839407
10,99424754551377,-0.15139997,0.9372759,-0.21176958
4,99424757778200,-0.2974751,-0.6229134,-0.3057309
10,99424762942992,-0.32426095,0.34491348,0.14092445
4,99424768626273,-0.19361182,-0.5707154,-0.26045716
10,99424773739398,-0.26441872,0.03417015,0.06365013
2,99424776860179,-36.0,-8.0,23.0
10,99424781193408,-0.16762125,0.13690901,-0.08988762
4,99424788144971,0.12703279,-0.30306774,0.0314253
10,99424794414086,-0.23815513,0.45259,-0.196311
4,99424797649867,0.20479709,-0.22050974,0.18695392
10,99424802492835,-0.16562474,0.7367897,-0.36201477
4,99424807244294,0.17710021,-0.1717739,0.27537087
10,99424813885388,0.036189675,1.1227002,-0.7132287
4,99424817136585,0.08681905,-0.112918034,0.2894856
10,99424822346950,0.16182518,1.4609311,-0.8477974
4,99424827124450,-0.014114754,-0.05672533,0.2942793
10,99424833711794,0.0684284,1.2806396,-0.89554834
4,99424836945648,-0.09134643,-0.031158986,0.32357407
10,99424839802992,-0.027337432,0.79941034,-0.6776762
4,99424847490752,-0.092944324,-0.04314321,0.35553202
10,99424855052523,-0.14186203,0.3004303,-0.56557226
4,99424858327783,-0.019973708,-0.0628506,0.36911413
10,99424862674658,-0.054276705,-0.024459839,-0.5038786
4,99424867481481,0.07563378,-0.03169162,0.38109836
10,99424872614502,0.08337808,-0.062820435,-0.4434805
4,99424875719085,0.1488707,0.02396845,0.4167847
10,99424879537627,-0.0052074194,-0.14661741,-0.12026358
4,99424887044138,0.165116,0.03195793,0.4428837
10,99424894604294,-0.07752061,-0.35134888,0.11397457
4,99424897874085,0.11371698,0.0063915867,0.42424157
10,99424902295283,-0.056106806,-0.34735966,0.1121006
4,99424907088356,0.055127434,-0.013848438,0.37736994
10,99424913364763,-0.16523576,-0.6198025,0.111003876
4,99424916602679,0.02130529,0.02130529,0.35659727
10,99424919506794,-0.016795278,-0.5360055,0.118186
4,99424926555700,-0.008255799,0.08149273,0.37790257
10,99424934106742,0.11408436,-0.4419794,0.23450279
4,99424937353877,-0.08468852,0.103064336,0.40426785
10,99424940150908,0.049443126,-0.40366697,0.39730835
4,99424945991533,-0.17283916,0.059921127,0.38242993
10,99424953625804,0.08001542,-0.29995012,0.44694138
2,99424956921742,-41.0,-4.0,25.0
10,99424958923513,0.14226472,-0.17545176,0.47327805
4,99424966541794,-0.16431704,-0.008522116,0.25646242
10,99424972900648,0.12723565,-0.16382504,0.50567913
4,99424977367575,-0.109988555,-0.021571605,0.23409186
10,99424979476013,0.014708161,-0.3002944,0.5368042
4,99424985924242,-0.087884314,-0.035952676,0.22264028
10,99424992058304,0.013512731,-0.43822622,0.6586447
4,99424995277835,-0.07084008,-0.079095885,0.165116
10,99425000473565,-0.0011917353,-0.37561178,0.7912731
4,99425005324710,-0.075101145,-0.087618,0.1438107
10,99425011426794,-0.03675139,-0.33809328,0.83295345
4,99425014656273,-0.08175905,-0.09986854,0.12863068
10,99425020160283,-0.114372015,-0.34370375,0.84614944
4,99425025081585,-0.07084008,-0.101200126,0.128897
10,99425031192158,-0.074771404,-0.37124968,0.8447523
4,99425034593148,-0.027696876,-0.09933591,0.11797804
10,99425039870335,-0.015018463,-0.36516666,0.83492565
4,99425044790335,-0.021837922,-0.09187906,0.11025487
10,99425051006637,-0.05556333,-0.31104136,0.8498955
4,99425054291950,-0.005060006,-0.086020105,0.112918034
10,99425059650440,-0.18554068,-0.18406963,0.7176075
4,99425064576325,-0.0127831735,-0.07376956,0.13022858
10,99425069474554,-0.11850047,-0.09107113,0.71895885
4,99425072797887,-0.037284255,-0.031158986,0.12623383
10,99425078412887,0.0075474977,0.20102215,0.56464577
4,99425084627262,-0.06338324,0.010918961,0.0777643
10,99425090670804,0.08365643,0.5817771,0.348073
4,99425093949710,-0.06498113,0.024767399,0.017044231
10,99425099205544,0.12621224,0.5377345,-0.017953873
4,99425104065596,-0.08042747,0.03169162,-0.023435818
10,99425110341794,0.2852211,0.28039694,-0.13288736
4,99425113582315,-0.052464273,0.053263225,-0.050866377
10,99425118982887,0.3243624,0.14175987,-0.018623352
4,99425123992210,0.05539375,0.072970614,-0.05965481
10,99425130099242,0.12453914,-0.005973816,0.059462547
2,99425133358669,-43.0,-4.0,27.0
10,99425138850648,-0.030697942,-0.19921875,0.0194273
4,99425143732940,0.22743396,0.11664646,-0.022104237
10,99425149873825,0.022335887,-0.28535557,0.04715824
4,99425153121950,0.28442562,0.14514229,-0.026897928
10,99425158547783,0.119758725,-0.11168432,0.06832886
4,99425163464398,0.31372038,0.17576863,-0.036218993
10,99425168338252,0.07097852,0.13863659,0.033345222
4,99425171677367,0.26631612,0.18748654,-0.04447479
10,99425178305387,-0.09973252,0.20610571,0.04688263
4,99425183204190,0.17044231,0.18242654,-0.05912218
10,99425189453981,-0.2694013,0.08448839,0.215909
4,99425192669294,0.1073254,0.15499598,-0.088150635
10,99425198082106,-0.44994378,-0.07381916,0.3511057
4,99425202892992,0.12037488,0.12596752,-0.112119086
10,99425209227783,-0.5022292,-0.18097925,0.33189964
4,99425212472471,0.14247912,0.11132014,-0.112918034
10,99425217870283,-0.46783686,-0.09491491,0.4259777
4,99425222814346,0.17443706,0.0958738,-0.10333065
10,99425229007315,-0.5222768,0.08819437,0.46758366
4,99425232250752,0.18375812,0.06870956,-0.09374327
10,99425237645596,-0.46869338,0.14263535,0.50129795
4,99425242438877,0.1882855,0.043675844,-0.09161274
10,99425248777783,-0.5715277,0.15838432,0.5589018
4,99425252020492,0.22929817,0.023435818,-0.07669904
10,99425257405179,-0.55366653,0.052901268,0.47698593
10,99425267224867,-0.4765904,0.15412569,0.41906738
4,99425270564814,0.33129725,0.02956109,-0.036751624
10,99425277014450,-0.481812,0.3646288,0.47954178
4,99425281160283,0.36565202,0.043942157,-0.0031957934
10,99425287761637,-0.47706497,0.18333578,0.29929256
4,99425290843512,0.31372038,0.07057377,0.008255799
10,99425296691117,-0.41735435,0.3173232,0.36402225
4,99425301050752,0.27324033,0.12197278,0.034621093
10,99425307859762,-0.4653213,0.25946426,0.44516754
2,99425310962471,-43.0,-9.0,30.0
10,99425316230075,-0.27997887,-0.6051283,0.5057564
4,99425321006481,0.07590009,0.61865234,0.40852892
10,99425327646012,-0.6462665,-0.8785591,1.3859482
4,99425330726898,0.0034621095,0.7850999,0.808802
10,99425336342054,-1.2590975,-0.5369091,2.043231
4,99425341001273,0.18002969,0.6221144,1.019458
10,99425347414971,-0.7173041,-0.034415722,1.6473827
4,99425350505179,0.55606806,0.21038973,0.62770706
10,99425356096950,-0.3540842,-0.28577757,1.5057583
4,99425361688564,0.36618465,-0.2644519,-0.08016115
10,99425366477106,-0.8657482,0.07694435,0.37050533
4,99425369460439,0.11717909,-0.43649212,-0.35127094
10,99425375031273,-1.6357975,0.38728762,0.37823582
4,99425381428200,-0.48389637,-0.64182186,-0.44022053
10,99425387127679,-1.4915309,-0.25635958,0.46792698
4,99425390210804,-0.39254996,-0.71532506,-0.3749731
10,99425395607835,-0.066486955,-1.0381927,-0.09411907
4,99425400289242,-0.19520971,-0.7302388,-0.42264366
10,99425406786377,0.62452626,-1.0803533,-0.99141264
4,99425409867575,0.27510455,-0.70680296,-0.54648066
10,99425415387523,0.27974904,0.052580833,-1.1304774
4,99425419982262,0.54674697,-0.60773337,-0.5800365
10,99425426525700,0.06537175,0.9927983,-1.3979945
4,99425429606221,0.31824777,-0.51052797,-0.5659217
10,99425435219814,0.16400528,1.1100707,-0.8173027
4,99425439817419,-0.13289174,-0.39414784,-0.5696502
10,99425446310856,0.10689592,0.9097991,-0.37436342
4,99425449402835,-0.45460162,-0.2796319,-0.5747102
10,99425454952054,-0.042078495,0.13123226,0.07947445
4,99425460678825,-0.4498079,-0.14620754,-0.5435512
10,99425465502939,0.004399061,-0.5701647,0.08791065
4,99425468629658,-0.1555286,0.01438107,-0.43888897
10,99425475071012,-0.003936887,-0.55218697,-0.0808897
4,99425479979033,0.15686019,0.1323591,-0.26897928
10,99425486142887,-0.10651994,-0.06640959,-0.3867364
2,99425489403825,-36.0,-5.0,28.0
10,99425494829502,0.06205547,0.671927,-0.46939182
4,99425499655335,0.21784659,0.21358553,-0.09187906
10,99425505895179,0.033219934,1.2486675,-0.60656214
4,99425509140908,0.041545313,0.22956449,-0.073236935
10,99425514588773,-0.07219601,1.4814601,-0.6632786
4,99425519424866,-0.13422333,0.2543319,-0.036485307
10,99425525680544,-0.012953758,1.4458523,-0.583138
4,99425528915700,-0.21704763,0.2894856,0.009853696
10,99425534322991,0.016717076,1.1604576,-0.24902916
4,99425539207054,-0.19467708,0.3089267,0.04261058
10,99425545448252,-0.102173805,0.7409153,0.11866188
4,99425548679762,-0.12170646,0.29827404,0.05912218
10,99425554090596,-0.3220936,0.6210842,0.587368
4,99425558940804,-0.025300032,0.24927188,0.08042747
10,99425563904189,-0.5476718,0.5407586,0.51929855
4,99425567237158,0.04580637,0.20586236,0.08974853
10,99425572953356,-0.35847342,0.52916145,0.38896942
4,99425579100648,0.0974717,0.1965413,0.08628642
10,99425585188460,-0.3287301,0.5177288,0.4353323
4,99425588395335,0.13821806,0.1834918,0.10652645
10,99425593643512,-0.5014545,0.37819767,0.7777605
4,99425598483044,0.1025317,0.13981596,0.12463594
10,99425604802627,-0.6215661,0.19887638,0.85356903
4,99425608048512,0.014913702,0.094808534,0.112119086
10,99425612888981,-0.66417754,0.032256126,0.8869486
4,99425617685283,-0.03195793,0.06098639,0.09614012
10,99425624566741,-0.71198183,-0.24456549,0.9116926
4,99425627808148,-0.05486112,0.033023197,0.105727494
10,99425633206794,-0.63808036,-0.37912798,0.90882397
4,99425638015856,-0.043409526,0.008788432,0.10865697
10,99425644360804,-0.5031605,-0.2379942,0.9101906
4,99425647570075,-0.03009372,-0.010918961,0.088150635
10,99425653048981,-0.36068726,-0.15717793,0.70137215
4,99425658018721,-0.06791061,-0.033822145,0.051931642
10,99425662927887,-0.2139287,-0.063911915,0.64124393
2,99425666114606,-38.0,-8.0,27.0
10,99425670820491,-0.082247615,-0.16925669,0.61011887
4,99425678128877,-0.10439592,-0.094009586,0.017310547
10,99425685672731,-0.12981308,-0.36991453,0.52283096
4,99425688943304,-0.08522116,-0.11797804,7.9894834E-4
10,99425693832471,-0.039550304,-0.33251762,0.33398247
4,99425698601637,-0.047137953,-0.10519487,-0.020506341
10,99425704697783,0.14845872,-0.15402365,0.19253445
4,99425707905543,-0.007190535,-0.06578008,-0.026365295
10,99425710769554,0.18197763,-7.944107E-4,0.17338085
4,99425717740908,-0.015978966,-0.043409526,-0.023435818
10,99425725308200,0.13276386,0.047466755,0.11848831
4,99425728559606,-0.033822145,-0.030626353,-0.043942157
10,99425733432471,0.124048114,0.049824715,0.12151146
4,99425738199762,-0.02956109,-0.007456851,-0.066046394
10,99425744326325,0.13484561,0.03973818,0.116568565
4,99425747569450,-0.015446335,0.025832662,-0.056991648
10,99425750435908,0.007952929,0.056497574,0.15248108
4,99425757636481,-0.00958738,0.045540057,-0.0479369
10,99425763990075,0.032566905,0.17207575,0.07223797
4,99425767102262,-0.02609898,0.05752428,-0.058056913
10,99425769881741,0.09242189,0.22235394,0.09857464
4,99425777091377,-0.057257965,0.07989483,-0.06924219
10,99425784647210,0.082693696,0.27401924,0.25412273
4,99425787911846,-0.066046394,0.08974853,-0.07962852
10,99425790761846,0.08268845,0.27402115,0.25412273
4,99425796574346,-0.050866377,0.092944324,-0.08948222
10,99425802836950,0.014384866,-0.040447235,0.2539215
4,99425806072366,-0.048203215,0.113983296,-0.0892159
10,99425811242002,-0.0108116865,-0.1631155,0.2969761
4,99425816197731,-0.044208474,0.12703279,-0.08628642
10,99425822583564,-0.109520316,-0.14001656,0.37520218
4,99425825807471,0.013315806,0.15499598,-0.082558
10,99425830981064,-0.11213875,-0.04573822,0.28827858
4,99425835874137,0.029028457,0.15925704,-0.087618
10,99425842310075,-0.09499478,0.07161522,0.19447803
2,99425845575075,-37.0,-8.0,26.0
10,99425850462575,-0.12134099,0.20879984,0.09253597
4,99425855362835,0.002130529,0.17230652,-0.14114754
10,99425860657366,-0.10095048,0.29853106,0.074866295
4,99425863902418,-0.021038974,0.16218652,-0.1736381
10,99425870330856,-0.09242511,0.27989006,0.13529968
4,99425875176481,-0.022104237,0.13635385,-0.19361182
10,99425881863564,-0.13678956,0.0053110123,-0.03922367
4,99425885109554,-0.01571265,0.11265171,-0.21092236
10,99425890317471,-0.24076867,-0.22263479,0.045907974
4,99425895204189,0.016511599,0.08894958,-0.21544974
10,99425901643148,-0.27463663,-0.17355394,0.10314083
4,99425904878304,0.08575379,0.076965354,-0.2031992
10,99425910089710,-0.16198444,-0.07014942,0.035269737
4,99425915205023,0.11744541,0.112119086,-0.18455707
10,99425921499554,0.03301692,-0.11170626,0.12541294
4,99425924733148,0.075101145,0.2146508,-0.13422333
10,99425929658304,-0.0039645433,-0.21335411,0.38746834
4,99425934512158,-0.015446335,0.41891524,0.0058589545
10,99425941239658,-0.23132265,-0.36641932,0.66491985
4,99425944529398,-0.1685781,0.66392606,0.26631612
10,99425949657731,-0.6810094,-0.39810562,1.1312075
4,99425954576012,-0.23888555,0.81679153,0.55979645
10,99425959709658,-0.7568677,-0.47391033,1.5828695
4,99425962842002,-0.17710021,0.7590009,0.78589886
10,99425969219762,-0.7799044,-0.74029255,1.1812716
4,99425974135491,-0.08841695,0.5656554,0.8940232
10,99425980776273,-0.37647247,-0.083393574,-0.22390556
4,99425984094398,0.22956449,0.3139867,0.73583144
10,99425989001637,-0.5722432,1.8456628,0.26873398
4,99425993907783,0.6988135,0.009853696,0.28522456
10,99426000526429,-2.087626,0.454072,0.7017374
4,99426003771585,-0.02609898,-0.42237735,-0.15020229
10,99426008999762,-2.897426,-0.35803127,-0.38247824
4,99426012971220,-0.71505874,-0.6854977,-0.4000068
10,99426020294866,-2.103764,0.60110474,0.7723532
2,99426023529085,-36.0,-10.0,26.0
10,99426028440752,-1.584366,-0.47355366,0.879035
4,99426033430856,-0.2146508,-0.88044107,-0.5390238
10,99426040034710,-1.2065116,-2.3198662,1.1582947
4,99426043270595,-0.011984225,-1.0309097,-0.7499462
10,99426048362002,-1.668058,-2.1410327,0.7484541
4,99426053207418,0.16192019,-1.1909657,-0.9086706
10,99426058431793,-1.3547202,-0.257133,0.53046036
4,99426061665804,0.18668759,-1.2242552,-0.9353022
10,99426068106064,-0.6550186,0.6734085,0.3538971
4,99426072972418,-0.076965354,-1.1097393,-0.92065483
10,99426079668043,-0.41566098,0.25773335,0.6506796
4,99426082880127,-0.5139901,-1.0069412,-0.9576728
10,99426087850179,-0.6179259,-0.35189438,0.83320904
4,99426092654814,-0.6945524,-0.9084043,-0.98377174
10,99426098168356,-0.35906684,-0.41225386,0.71850014
4,99426101547054,-0.52411014,-0.7518104,-0.8836369
10,99426106565127,-0.017489195,-0.23277283,0.1681118
4,99426113290856,-0.24181503,-0.5834986,-0.69694924
10,99426119310022,0.11894417,0.38065672,-0.502162
4,99426122403564,-0.05006743,-0.49055427,-0.5659217
10,99426127191325,0.14852285,1.1170821,-1.0053492
4,99426132607002,-0.062051654,-0.4463458,-0.5323659
10,99426138731064,0.13906884,1.4425328,-1.1889458
4,99426141821689,-0.18961707,-0.41998053,-0.5320996
10,99426146968720,-3.1113625E-4,1.3365922,-1.1325989
4,99426153035179,-0.29188246,-0.4000068,-0.5070659
10,99426158089970,0.020891428,1.2469788,-1.0154548
4,99426161046533,-0.31372038,-0.38269624,-0.46152583
10,99426166737158,0.11431503,1.4311464,-1.0616889
4,99426172200700,-0.22290659,-0.3832289,-0.46711847
10,99426178296012,0.14122915,1.470803,-1.0202188
4,99426181382731,-0.1107875,-0.42317632,-0.5153217
10,99426186522158,-0.013753653,1.2397223,-0.8114238
4,99426191874397,-0.052464273,-0.49375007,-0.5589975
10,99426198120022,0.15621233,0.9919667,-0.47950268
2,99426201226325,-25.0,-4.0,19.0
10,99426206302054,0.30365348,0.8507805,-0.122365
4,99426210965960,0.02876214,-0.47404268,-0.5603291
10,99426217839970,0.21443367,0.6511593,0.32012033
4,99426220924502,0.04447479,-0.4016047,-0.44927529
10,99426226069502,-0.18804502,0.30851412,0.48445988
4,99426231472210,0.046072688,-0.37124467,-0.38083205
10,99426237659554,-0.1767478,0.21668053,0.36509562
4,99426240733043,0.068176925,-0.24261399,-0.22716765
10,99426245845908,0.057014704,0.49351835,0.26874113
4,99426251863981,0.08175905,-0.18695392,-0.18748654
10,99426256881220,0.08240485,0.7668433,0.25344324
4,99426259847575,0.06977482,-0.10652645,-0.09960223
10,99426265634345,0.09255171,0.8431001,0.22308731
4,99426271005856,-0.01571265,-0.08495484,-0.03009372
10,99426277219293,0.1648953,0.9071312,0.3213997
4,99426280303043,-0.12623383,-0.060720075,0.014114754
10,99426285411585,0.013585091,0.5622854,0.31279612
4,99426290054345,-0.2511361,-0.011185277,0.07643273
10,99426296954762,-0.01907587,0.43329573,0.37348604
4,99426300051741,-0.3187804,0.028229509,0.13848437
10,99426304044918,-0.031414747,0.36161852,0.40714645
4,99426311245022,-0.26525086,0.03089267,0.1488707
10,99426317802314,0.18512654,0.43535042,0.05083418
4,99426321038720,-0.13502227,0.071106404,0.06471482
10,99426325512991,0.38637996,0.4881549,-0.026022911
4,99426330266689,-0.10865697,0.09241169,0.03834952
10,99426336760752,0.23228216,0.42106485,0.12224102
4,99426340008824,-0.08868326,0.10279802,0.018375812
10,99426345208564,-0.08000755,0.15375519,0.29177666
4,99426350116220,-0.10333065,0.04527374,0.008788432
10,99426355286793,-0.4145143,0.007367611,0.2966714
4,99426358391429,-0.056991648,-0.051931642,-0.035153728
10,99426364792002,-0.16063261,-0.30404854,0.29864788
4,99426369639554,0.011717909,-0.08335695,-0.104928546
10,99426376319918,0.16043758,-0.50588703,0.34283924
2,99426379549449,-29.0,-6.0,18.0
10,99426384424345,-0.04690981,-0.54478884,0.6718106
4,99426389190647,0.1355549,-0.12357068,-0.13635385
10,99426396093877,-0.23044801,-0.478261,0.74173164
4,99426399343929,0.09960223,-0.13475595,-0.11664646
10,99426404497314,-0.05145526,-0.31263733,0.5367198
4,99426409280491,0.017044231,-0.10466223,-0.10839066
10,99426415871429,0.14180374,-0.11071777,0.58083487
4,99426419123877,-0.039947417,-0.058056913,-0.07669904
10,99426424254918,0.17085028,-0.058420658,0.5523734
4,99426429107210,-0.09960223,-0.011185277,-0.011984225
10,99426435694762,0.10050917,-0.09286356,0.52492476
4,99426438938564,-0.1504686,0.055926383,0.07483483
10,99426443914502,0.097411156,-0.047670364,0.62880325
4,99426448695804,-0.165116,0.12596752,0.17230652
10,99426454012939,0.118728876,0.05564356,0.5918484
4,99426457221064,-0.16138756,0.19441076,0.26391926
10,99426462242522,0.101745605,0.2188983,0.39480257
4,99426462242522,-0.1635181,0.22743396,0.3086604
4,99426467832939,-0.16777915,0.2561961,0.3552657
4,99426476990335,-0.1635181,0.30280143,0.4327637
10,99426480933147,-0.078360796,0.44731092,0.08608818
4,99426487634918,-0.14594123,0.32144356,0.46472162
10,99426494893199,-0.124840975,0.5527296,0.059499264
4,99426498126949,-0.1107875,0.30040458,0.43089947
10,99426500697522,-0.30200577,0.59343004,0.22948742
4,99426508474970,-0.071106404,0.24074976,0.35739622
10,99426516057210,-0.47187257,0.52950287,0.26196003
4,99426519328772,-0.03542004,0.17869811,0.27377295
10,99426523907835,-0.53643346,0.35643435,0.33163166
4,99426528662470,-0.013848438,0.1323591,0.20692763
10,99426534959189,-0.553987,0.119017124,0.2607913
4,99426538199345,0.004261058,0.10945592,0.17869811
10,99426541047679,-0.6210246,-0.0078754425,0.37331915
4,99426548743095,0.029294772,0.07749799,0.18162759
10,99426555112679,-0.63591623,0.00669384,0.47881985
2,99426559573304,-33.0,-8.0,18.0
10,99426563918772,-0.50684714,0.10582304,0.45760727
4,99426568705074,0.100933805,0.050866377,0.21012342
10,99426575043929,-0.40627265,0.27162647,0.42490387
4,99426578277835,0.105993815,0.059921127,0.2231729
10,99426581112783,-0.42063808,0.40091324,0.45602798
4,99426588086481,0.080960095,0.060720075,0.24527714
10,99426595328564,-0.43346334,0.41342306,0.3754425
4,99426598591116,0.028495824,0.05885586,0.27776772
10,99426601442314,-0.43585753,0.2937131,0.3562889
4,99426607502418,-0.0077231675,0.06551377,0.3123888
10,99426613621012,-0.3693056,0.21054983,0.32157326
4,99426616873772,-0.0061252704,0.07483483,0.33662358
10,99426622107262,-0.30572534,0.19979048,0.3505597
4,99426627039241,5.326322E-4,0.06950851,0.34487936
10,99426632938043,-0.36049318,0.09599781,0.27883577
4,99426636168772,-0.004261058,0.044208474,0.3603257
10,99426641927522,-0.32447815,-0.009505749,0.30110264
4,99426646706637,-0.01917476,0.036218993,0.3635215
10,99426651646585,-0.26807594,0.051662445,0.31286907
4,99426655008512,-0.032756884,0.03222425,0.35739622
10,99426661629554,-0.2390809,0.09647417,0.38041353
4,99426666463095,-0.025033714,0.02130529,0.35127094
10,99426672798304,-0.33007717,0.05004978,0.43118572
4,99426676047262,-0.008788432,-0.01438107,0.33662358
10,99426681416324,-0.3114326,-0.028475761,0.38414097
4,99426686207106,0.01784318,-0.048469532,0.29161614
10,99426692547210,-0.32117724,-0.08567095,0.41579437
4,99426695788564,0.023169503,-0.058589544,0.25965822
10,99426701182262,-0.4743595,-0.35421085,0.45251465
4,99426706087835,-0.00479369,-0.060453758,0.26897928
10,99426712326168,-0.4478743,-0.34795237,0.47135687
4,99426715538460,-0.02396845,-0.05273059,0.2894856
10,99426720958772,-0.3132155,-0.22311783,0.49814034
4,99426725849137,-0.016245283,-0.056459017,0.29640985
10,99426732139501,-0.19161034,-0.012779236,0.35722494
2,99426735394293,-37.0,-4.0,21.0
10,99426740786272,-0.08405185,0.10606766,0.22861147
4,99426745632679,-0.020240024,-0.07962852,0.27563718
10,99426750539449,-0.18326688,0.09585142,0.17227793
4,99426753884501,-0.011717909,-0.0958738,0.2759035
10,99426759412991,-0.29441237,-0.23643589,0.21251345
4,99426765774241,-0.015978966,-0.11318435,0.27457193
10,99426771867158,-0.26297712,-0.45530033,0.4045682
4,99426775109085,0.024767399,-0.11584751,0.25832662
10,99426780284033,-0.1096766,-0.36388493,0.46822548
4,99426785126376,0.087618,-0.09134643,0.25246766
10,99426791473043,-0.040190697,-0.31340694,0.29615164
4,99426794692731,0.06950851,-0.0561927,0.25992453
10,99426800060960,0.0928905,-0.19871044,0.1257596
4,99426804990231,0.013315806,-0.02609898,0.257794
10,99426811225283,0.16536069,-0.085134506,0.0053162575
4,99426814526376,-0.043409526,0.011717909,0.25699505
10,99426819838043,0.13276482,-0.122274876,-0.062218666
4,99426824685960,-0.08735169,0.06338324,0.27670243
10,99426831017574,0.022250652,-0.2720623,0.04894066
4,99426834299033,-0.09827065,0.11318435,0.3075951
10,99426839668668,-0.033708334,-0.32902956,0.2647891
4,99426844503095,-0.07563378,0.13928333,0.32437304
10,99426849424293,-0.07601118,-0.18898201,0.26762676
4,99426852781324,-0.022903185,0.13635385,0.31798145
10,99426858286168,-0.044370174,-0.048453808,0.23169088
4,99426864681637,0.03009372,0.123836994,0.29028457
10,99426870760803,0.039000273,0.060667038,0.04718733
4,99426874047366,0.05672533,0.12197278,0.2647182
10,99426879209710,-0.01812768,0.1309185,-0.11971569
4,99426884080647,0.026365295,0.12117383,0.24394555
10,99426890348668,-0.06438136,0.12808752,-0.21838713
4,99426893593043,-0.037284255,0.12650016,0.22077605
10,99426898959814,-0.10611987,0.071609974,-0.065209866
4,99426903905022,-0.07882957,0.13981596,0.20852552
10,99426910098564,-0.11865544,-0.04121971,0.083212376
2,99426913365178,-38.0,-4.0,22.0
10,99426918835335,-0.18941617,-0.14352131,0.16011333
4,99426923684137,-0.054328486,0.16591494,0.1898834
10,99426929873147,-0.1881361,-0.18471336,0.092571735
4,99426933121533,-0.004261058,0.18588865,0.18855181
10,99426938535751,-0.015006065,-0.057788372,0.010220528
4,99426943364033,0.04261058,0.21358553,0.19068234
10,99426948320960,-0.010047913,0.15984201,0.0028152466
4,99426951658303,0.06578008,0.22503711,0.18588865
10,99426957197470,-0.023174047,0.38793135,-0.017179012
4,99426963684762,0.054328486,0.23196134,0.16431704
10,99426969736428,-0.008111954,0.45726347,8.3875656E-4
4,99426972977210,-0.0031957934,0.22050974,0.14727281
10,99426978235543,-0.2010268,0.38903475,0.033476353
4,99426983053199,-0.06684534,0.19600865,0.1387507
10,99426989210908,-0.2661171,0.1570797,0.07106304
4,99426992455543,-0.096939065,0.17656758,0.13448964
10,99426997845855,-0.24926364,-0.07335281,0.16468382
4,99427002668824,-0.09347696,0.17044231,0.14460965
10,99427008980283,-0.31089628,-0.17644072,0.30406666
4,99427012215283,-0.0777643,0.1504686,0.16192019
10,99427017623095,-0.34833074,-0.12992287,0.3899026
4,99427022409241,-0.05965481,0.12703279,0.15286545
10,99427028437001,-0.16662526,-0.009340286,0.40780783
4,99427031671324,-0.049801115,0.10359697,0.12117383
10,99427037398251,-0.0872736,0.051596165,0.44914627
4,99427042714293,-0.05539375,0.09267801,0.10466223
10,99427047661793,-0.20198488,0.05048132,0.5152192
4,99427050758876,-0.09560748,0.064182185,0.07163903
10,99427056406116,-0.25094187,0.024065018,0.48892593
4,99427062213928,-0.14221281,0.03781689,0.041012682
10,99427068329449,-0.23415077,-0.021697998,0.46994114
4,99427071563251,-0.13608754,0.018908445,0.018109497
10,99427076956741,-0.2861619,-0.22836113,0.48217106
4,99427081842730,-0.09667275,0.0018642128,0.002130529
10,99427088087835,-0.3069234,-0.26615047,0.4708581
2,99427091358980,-41.0,-1.0,21.0
10,99427096255908,-0.260419,-0.07762337,0.49941015
4,99427101207053,0.008255799,-0.04873585,-0.053263225
10,99427107879449,-0.21494055,0.0126132965,0.48688412
4,99427111134866,0.023702133,-0.04447479,-0.0743022
10,99427116509345,-0.29620957,0.17345333,0.5069537
4,99427121343199,2.663161E-4,-0.046072688,-0.07962852
10,99427127649762,-0.360793,0.16249895,0.4406495
4,99427130900699,-0.043675844,-0.060453758,-0.06950851
10,99427136287105,-0.352062,0.15488195,0.36265182
4,99427141142835,-0.058589544,-0.061252706,-0.05885586
10,99427146084658,-0.29200947,0.1333642,0.36614656
4,99427149433928,-0.034088463,-0.047404267,-0.046072688
10,99427155810699,-0.2762512,0.122279644,0.37302113
4,99427160583460,-0.014913702,-0.026365295,-0.03542004
10,99427167201949,-0.21289909,0.15771627,0.38794565
4,99427170449397,-0.009853696,-0.013582122,-0.036218993
10,99427175841480,-0.22109878,0.17384052,0.37875462
4,99427180666689,-0.011451593,-0.016245283,-0.039947417
10,99427186980439,-0.25132358,0.16673326,0.21936512
4,99427190213199,-0.019441076,-0.0058589545,-0.02956109
10,99427195628720,-0.16018641,0.21307707,0.15350962
4,99427200440439,-0.024501082,0.016777916,-0.00958738
10,99427206752470,-0.2613628,0.23823166,0.1539607
4,99427209996532,-0.022104237,0.023702133,0.0015978967
10,99427215399345,-0.3425722,0.23222017,0.24275923
4,99427220178616,-0.024767399,0.010918961,-0.01304949
10,99427226541741,-0.41504872,0.112411976,0.25118923
4,99427229782262,-0.020506341,0.006657903,-0.017310547
10,99427235166532,-0.4208778,-0.094004154,0.30490732
4,99427239979710,0.0034621095,0.005060006,-0.0077231675
10,99427244885699,-0.37432706,-0.05219221,0.42341137
4,99427248331064,0.051665325,0.0061252704,0.004527374
10,99427254986585,-0.29174936,0.08671188,0.3549962
4,99427258957782,0.057257965,0.01438107,0.0063915867
10,99427265397105,-0.27059472,0.19723177,0.25071287
2,99427268650595,-41.0,-1.0,21.0
10,99427274951845,-0.31812227,0.30842113,0.28736258
4,99427279745595,-0.031158986,0.016511599,0.01304949
10,99427285871741,-0.36584568,0.3225851,0.30748796
4,99427289119345,-0.06737798,0.009853696,0.0127831735
10,99427292934345,-0.34908628,0.3154025,0.3003049
4,99427300020230,-0.09347696,0.01571265,0.020240024
10,99427307577678,-0.3383236,0.30294228,0.28809834
4,99427310844137,-0.11132014,0.01304949,0.037550572
10,99427315587730,-0.3337382,0.31212282,0.29371977
4,99427320407574,-0.12623383,-0.0031957934,0.05965481
10,99427326517782,-0.43209422,0.16089392,0.2963419
4,99427329765647,-0.14780544,-0.007989483,0.08282431
10,99427332612939,-0.32674932,0.10582733,0.2723999
4,99427339814449,-0.16325177,0.00958738,0.11531488
10,99427346209657,-0.22500229,0.18836117,0.27755642
4,99427350478251,-0.16644756,0.025033714,0.15126756
10,99427354270595,-0.25696945,0.22018957,0.33874512
4,99427359101168,-0.17710021,0.022903185,0.165116
10,99427365164762,-0.22239852,0.29298544,0.29974842
4,99427368411428,-0.17257284,0.011984225,0.16618125
10,99427371202157,-0.23197532,0.22594786,0.26862335
4,99427378993512,-0.14780544,0.006657903,0.1882855
10,99427386542470,-0.31779337,0.04137993,0.36263037
4,99427389803928,-0.11158645,-0.0029294773,0.23915187
10,99427392659553,-0.37764835,-0.2052226,0.42966795
4,99427398478824,-0.047404267,0.014647386,0.29854035
10,99427406056532,-0.30462492,-0.2914691,0.36711216
4,99427409326116,0.0010652645,0.053263225,0.35553202
10,99427412147157,-0.28786552,-0.09993315,0.31683397
4,99427418490699,0.026897928,0.08468852,0.40240365
10,99427426064866,-0.23115051,0.16400766,0.32817984
4,99427429335751,0.028495824,0.08468852,0.4165184
10,99427432127574,-0.20242,0.3507557,0.26832485
4,99427438775855,0.025832662,0.07536746,0.40506682
10,99427445148043,-0.14141655,0.46530962,0.18004322
2,99427449622157,-41.0,-1.0,21.0
10,99427451774084,-0.18211806,0.5706544,0.14413023
4,99427458121845,-0.017310547,0.040480047,0.27830034
10,99427464403668,-0.22455716,0.56732225,-0.03685236
4,99427467622470,-0.02956109,0.015446335,0.16112125
10,99427472558720,-0.15601563,0.39493656,-0.17499542
4,99427477338355,-0.03888215,0.016245283,0.12650016
10,99427483842678,-0.13853014,0.084879875,-0.090743065
4,99427487088928,-0.050866377,2.663161E-4,0.033822145
10,99427492263772,-0.24852216,-0.18573046,0.13868189
4,99427497046168,-0.040213734,-0.008255799,0.010652645
10,99427503624189,-0.30652165,-0.30845022,0.21512365
4,99427506871949,-0.014647386,-0.016245283,-0.008788432
10,99427512000699,-0.31867492,-0.37102652,0.44363642
4,99427516782939,0.03355583,0.009853696,-0.0034621095
10,99427523394762,-0.3461262,-0.29461098,0.49108982
4,99427526638564,0.071106404,0.036751624,0.0029294773
10,99427531827001,-0.35180104,-0.008878708,0.27174425
4,99427536608407,0.053795855,0.033023197,-0.0063915867
10,99427541741637,-0.3294245,0.08513069,0.1912694
4,99427544985022,0.019973708,0.014114754,-0.033023197
10,99427550431064,-0.2579466,0.190938,-0.006459236
4,99427556993512,-0.0063915867,0.0077231675,-0.04926848
10,99427563268251,-0.1868223,0.20768213,-0.022568226
4,99427566515491,-0.022370555,0.0063915867,-0.049801115
10,99427571405334,-0.22334719,0.27264833,0.105211735
4,99427576274137,-0.025832662,0.01304949,-0.044208474
10,99427582757939,-0.1971941,0.2687831,0.09210539
4,99427586002991,-0.018642128,0.01784318,-0.047137953
10,99427591177782,-0.2560407,0.052414417,0.16777134
4,99427596174241,-0.02396845,0.01784318,-0.03888215
10,99427602488928,-0.27118564,-0.13379335,0.14623976
4,99427605738824,-0.011984225,0.039947417,-0.01571265
10,99427610633928,-0.12244642,-0.07452345,0.31036758
4,99427615573095,0.041279,0.072171666,0.010918961
10,99427621787314,-0.030461788,0.04319763,0.30572128
2,99427625169501,-41.0,1.0,22.0
10,99427630606689,0.06367779,0.16193867,0.27380037
4,99427635501584,0.06844324,0.10279802,0.020240024
10,99427640622730,0.10079408,0.27999067,0.2604189
4,99427643870855,0.04873585,0.10466223,-7.9894834E-4
10,99427650304397,0.060798526,0.27240038,0.24093103
4,99427655494970,0.025033714,0.10679276,-0.017310547
10,99427661814657,-0.0033364296,0.13755655,0.3116293
4,99427665059345,0.020240024,0.10679276,-0.023702133
10,99427670227782,-6.290674E-4,0.008388042,0.457263
4,99427675125595,0.04580637,0.10918961,-0.02956109
10,99427681614709,-0.01216042,-0.09563494,0.50141907
4,99427684849397,0.07483483,0.10359697,-0.030360037
10,99427690051636,0.020958304,-0.1511612,0.44624567
4,99427695148928,0.08948222,0.094009586,-0.03435478
10,99427701450907,0.14060867,-0.10268879,0.31866646
4,99427704660126,0.08681905,0.09267801,-0.043675844
10,99427709776220,0.24654353,-0.06423998,0.2964635
4,99427714725282,0.07483483,0.09560748,-0.04926848
10,99427721158511,0.31570363,-0.0730257,0.30606222
4,99427724428616,0.063116916,0.10066749,-0.054594804
10,99427729630022,0.28484082,-0.14531422,0.34515238
4,99427734476532,0.05219796,0.10439592,-0.06578008
10,99427739581220,0.244681,-0.2500348,0.39457798
4,99427742748564,0.05352954,0.10918961,-0.084155895
10,99427749192261,0.18036044,-0.26835918,0.38914633
4,99427754061689,0.0628506,0.123836994,-0.098004326
10,99427760755126,0.1735307,-0.27772903,0.3305683
4,99427764037782,0.06657903,0.13821806,-0.108124346
10,99427768944397,0.17443085,-0.22558308,0.28569698
4,99427773830178,0.076965354,0.1403486,-0.1307612
10,99427780496011,0.20535386,-0.16971684,0.2546296
4,99427783741845,0.091080114,0.15180019,-0.15579493
10,99427788965959,0.20209968,-0.2467556,0.27546358
4,99427793953251,0.09667275,0.16884442,-0.17097494
10,99427800325334,0.08298373,-0.36255598,0.3627081
2,99427803585386,-43.0,1.0,22.0
10,99427808355595,-0.058331847,-0.304451,0.40586185
4,99427813189970,0.12623383,0.17310548,-0.20399815
10,99427820046116,-0.15934038,-0.19622374,0.4280758
4,99427823279345,0.14434333,0.17204021,-0.21385184
10,99427828449866,-0.18486571,-0.13045263,0.31278563
4,99427833389866,0.14620754,0.17603496,-0.20479709
10,99427838472730,-0.21186888,-0.05597496,0.31401873
4,99427841624970,0.14434333,0.17736652,-0.19707392
10,99427848080855,-0.20174217,0.0011868477,0.37449217
4,99427852958720,0.1555286,0.17070863,-0.18056233
10,99427859605439,-0.3344034,0.15807962,0.33606815
4,99427862862574,0.14514229,0.13954964,-0.16085494
10,99427867807470,-0.43813682,0.06491184,0.35368776
4,99427872004813,0.1387507,0.11611383,-0.15765914
10,99427879380126,-0.33192706,-0.001065731,0.3989401
4,99427882600386,0.1685781,0.11930962,-0.1669802
10,99427887850543,-0.3002739,-0.013941288,0.43809223
4,99427892833511,0.17869811,0.13342437,-0.16405073
10,99427899151116,-0.37577963,-0.002240181,0.5161309
4,99427902397053,0.19307919,0.14141385,-0.1555286
10,99427907399657,-0.44774163,-0.021921158,0.44776678
4,99427912249918,0.18295917,0.15659387,-0.16618125
10,99427918932053,-0.411762,0.051553726,0.44870615
4,99427922175907,0.17310548,0.17496969,-0.18695392
10,99427927361063,-0.5706961,0.12852001,0.2850032
4,99427932196011,0.16325177,0.175236,-0.18881813
10,99427937310074,-0.5892353,0.10644245,0.19202518
4,99427940544553,0.1438107,0.16112125,-0.18535602
10,99427946977626,-0.444407,0.16890574,0.11195326
4,99427951775751,0.15126756,0.16378441,-0.18375812
10,99427958499761,-0.39980912,0.28994083,0.021378994
4,99427961737209,0.1555286,0.15899073,-0.17283916
10,99427966713355,-0.43418312,0.33725023,0.055693626
4,99427971478772,0.1272991,0.15259913,-0.15925704
10,99427978270438,-0.3300748,0.2966566,0.008459091
2,99427981516168,-39.0,-5.0,24.0
10,99427986346063,-0.2547779,0.21864653,0.07799864
4,99427991165595,0.06684534,0.21118867,-0.15499598
10,99427998039241,-0.28119433,0.122989655,0.18620634
4,99428001333772,0.072970614,0.2479403,-0.1504686
10,99428006487418,-0.311409,-0.023314,0.28156948
4,99428011361636,0.10759171,0.2724414,-0.14620754
10,99428017819866,-0.3206159,-0.111690044,0.11193037
4,99428021059345,0.15499598,0.2761698,-0.13315806
10,99428026268616,-0.33427477,-0.097950935,-0.064716816
4,99428030742418,0.17310548,0.27164245,-0.11584751
10,99428036843876,-0.22688377,0.15759182,-0.19964981
4,99428040091845,0.16911073,0.2695119,-0.105727494
10,99428045867366,-0.07681072,0.44291353,-0.15817308
4,99428050701636,0.15632756,0.26391926,-0.119043306
10,99428057371741,-0.14992046,0.52367353,-0.03182602
4,99428060583928,0.1304949,0.22903186,-0.14141385
10,99428065791063,-0.22900426,0.34638453,0.039733887
4,99428070574866,0.09853696,0.2034655,-0.15606125
10,99428077299866,-0.20033097,0.12856913,0.20445251
4,99428080534188,0.09187906,0.20053603,-0.16484967
10,99428085529709,-0.13644564,-0.0040507317,0.3662634
4,99428090358355,0.13022858,0.2016013,-0.16484967
10,99428096936480,-0.052118063,-0.032789707,0.5041771
4,99428100174553,0.1768339,0.18269286,-0.17630127
10,99428103108980,0.038861632,0.036642075,0.39883232
4,99428110761063,0.18429075,0.1784318,-0.19068234
10,99428118347313,0.21291006,0.10389376,0.27911758
4,99428121604084,0.15579493,0.18402444,-0.19201392
10,99428126097522,0.21409881,0.088614464,0.26885033
4,99428130929032,0.1206412,0.17124127,-0.18961707
10,99428136077313,0.04088044,0.180902,0.19298077
4,99428139173928,0.103064336,0.15393071,-0.175236
10,99428143178824,-0.057287097,0.32695103,0.38451767
4,99428150335595,0.16618125,0.13448964,-0.14780544
10,99428157887105,-0.08632505,0.32352877,0.35560703
2,99428161173459,-36.0,-10.0,24.0
10,99428164591272,-0.20988631,0.113366604,0.17093277
4,99428169397990,0.18881813,0.304133,0.05752428
10,99428176078303,-0.46113652,-0.03764105,0.6866064
4,99428179313147,0.14993598,0.4314321,0.2926814
10,99428182109761,-0.9471648,-0.40395164,1.5293655
4,99428189873147,0.14434333,0.5435512,0.6378271
10,99428197461532,-0.98037565,-0.8807521,2.1644087
4,99428200704970,0.20053603,0.63915867,1.0325075
10,99428203615907,-0.90615547,-0.93581915,2.0949774
4,99428209343407,0.30786142,0.65460503,1.3598101
10,99428216943511,-0.529132,-0.22102165,1.1471596
4,99428220182990,0.5137238,0.5344964,1.3851101
10,99428223100907,-0.24422199,1.8810873,-0.2199297
4,99428229922678,0.88470215,0.2876214,0.8564726
10,99428236326480,-1.1109754,2.084937,0.19572258
4,99428240694657,0.41625208,-0.11052119,0.17417073
10,99428242787261,-3.196325,1.6635575,-0.6159115
4,99428249226688,-0.08069378,-0.30626354,-0.06231797
10,99428255368980,-3.200849,1.6219525,-1.334063
4,99428258617730,-1.1720573,-0.5073322,-0.44874266
10,99428263784397,-2.392344,0.67416286,-1.7889872
4,99428268538095,-1.3259879,-0.5400891,-0.50653327
10,99428274792418,-1.6057109,-0.3279624,-1.9718213
4,99428278034345,-0.9491506,-0.7861652,-0.7771104
10,99428283392574,-0.9870322,-1.4163623,-1.156755
4,99428288377313,-0.6964166,-0.88470215,-0.87325054
10,99428294533928,-1.5168526,-1.9061403,-0.25651693
4,99428297776740,-0.25965822,-1.0506171,-0.96299905
10,99428303173095,-2.0431166,-1.3398647,0.31731606
4,99428307944501,-0.014647386,-1.2410331,-0.932639
10,99428314345334,-1.9875114,-0.8088565,0.56180763
4,99428317574605,0.1041296,-1.3630059,-0.912399
10,99428322950022,-0.76392454,0.5515933,0.9987507
4,99428327774761,0.10652645,-1.336108,-0.8966864
10,99428332699032,-0.53038955,0.6944666,1.0604696
2,99428336101376,-32.0,-9.0,25.0
10,99428342838407,-0.3093449,0.8566146,1.0552998
4,99428347677053,-0.12650016,-1.1222562,-0.7392935
10,99428353894449,-0.11162937,1.0000448,0.9705267
4,99428357126011,-0.14833808,-0.95474327,-0.55739963
10,99428362495334,0.06265628,1.1162858,0.72943544
4,99428367317834,-0.07456851,-0.75820196,-0.34940675
10,99428373630438,0.17355299,1.2384591,0.62151337
4,99428376884188,0.026631612,-0.58083546,-0.14274544
10,99428382315126,0.19482923,1.3097563,0.29511642
4,99428387144501,0.06737798,-0.44101948,0.012250541
10,99428393435855,0.45376396,1.590975,-0.3616519
4,99428396655490,-0.00479369,-0.3174488,0.072970614
10,99428402061636,0.72759175,2.145096,-1.2164927
4,99428406935386,-0.180296,-0.19254655,0.090281166
10,99428413253355,0.8667705,2.4929042,-1.5559983
4,99428416493563,-0.376571,-0.09773801,0.1520665
10,99428421840438,0.62934923,1.9957843,-1.3356028
4,99428426741324,-0.5094627,-0.047670584,0.24580978
10,99428431686115,0.33453512,0.9217472,-0.84037733
4,99428434975230,-0.504669,-0.046072688,0.30812773
10,99428441616115,0.124981165,0.2109952,-0.18717098
4,99428446395334,-0.3289004,-0.03222425,0.3368899
10,99428452764292,0.17737985,-0.17194748,0.27190828
4,99428455985907,-0.10759171,0.025566347,0.3821636
10,99428461437105,0.16924214,-0.33428288,0.5454798
4,99428466242730,0.050600063,0.087884314,0.4676511
10,99428472523042,-0.045288563,-0.46530676,0.6783428
4,99428475759292,0.10972224,0.14061491,0.5523396
10,99428481149970,-0.16820192,-0.46678877,0.62815046
4,99428486097730,0.096939065,0.20026971,0.593086
10,99428492310803,-0.17864251,-0.3602805,0.5859976
4,99428495526949,0.05752428,0.28229508,0.62051654
10,99428500913147,-0.19535387,-0.36852932,0.69225883
4,99428505808459,0.016245283,0.3520699,0.65247446
10,99428512132417,-0.38724375,-0.36330557,0.68201494
2,99428515367313,-34.0,-4.0,22.0
10,99428520764032,-0.50391245,-0.20025253,0.5174298
4,99428525684397,-0.05965481,0.32410672,0.59122175
10,99428530623251,-0.3993833,0.033521175,0.24810982
4,99428533870803,-0.1304949,0.28016454,0.5121259
10,99428539520542,-0.34892523,0.25826263,-0.023826122
4,99428545737417,-0.20479709,0.22077605,0.44767737
10,99428551829865,-0.34517705,0.49597502,-0.07797527
4,99428555053459,-0.23755397,0.15765914,0.40719733
10,99428560313355,-0.34144938,0.4412613,0.07475948
4,99428565229188,-0.24341293,0.091080114,0.3888215
10,99428571432574,-0.49285877,0.09340429,0.378098
4,99428574682157,-0.20186761,-0.00479369,0.38589206
10,99428580046376,-0.7132181,-0.2963605,0.68171835
4,99428585012261,-0.12250541,-0.11105382,0.37284255
10,99428591170907,-0.69813865,-0.40883255,0.6962671
4,99428594503303,-0.01917476,-0.17283916,0.3518036
10,99428599866740,-0.42494345,-0.23777056,0.5104375
4,99428604775126,0.070307456,-0.18508969,0.36218992
10,99428610976428,-0.31769168,0.06381941,0.22821045
4,99428614278407,0.10146644,-0.17603496,0.38456047
10,99428619601740,-0.15810406,0.320858,-0.03999281
4,99428624443407,0.057790596,-0.16644756,0.38242993
10,99428629379032,0.008076191,0.43579817,-0.1417346
4,99428632748303,0.014913702,-0.16165388,0.37124467
10,99428638224813,0.020553827,0.4274416,-0.104918
4,99428644758511,-0.11558119,-0.14727281,0.3187804
10,99428649833563,-0.02257526,0.29174328,-7.9250336E-4
4,99428653076272,-0.13475595,-0.1419465,0.3022688
10,99428659157626,0.016760826,0.011621475,0.03717041
4,99428664103719,-0.14247912,-0.1323591,0.2660498
10,99428670294501,0.01914084,-0.2818818,0.13597918
4,99428673511428,-0.12863068,-0.14221281,0.18402444
10,99428678934813,-0.022244573,-0.43960667,0.15117598
4,99428684191844,-0.113983296,-0.16005598,0.15472966
10,99428690271219,0.10209453,-0.62424755,0.36909485
2,99428693533876,-40.0,2.0,21.0
10,99428698892678,0.10460138,-0.8030634,0.5564666
4,99428703873042,-0.021571605,-0.2031992,0.051931642
10,99428709955647,0.026016355,-0.9872494,0.76662827
4,99428713164032,0.05219796,-0.20852552,0.03089267
10,99428718479084,0.006188154,-1.0285869,0.82919836
4,99428723387365,0.11025487,-0.19627498,0.0039947415
10,99428728295594,0.04236245,-0.95394516,0.8396368
4,99428731641115,0.1685781,-0.165116,-0.028495824
10,99428738267678,0.1620878,-0.7553005,0.75044584
4,99428743173355,0.18535602,-0.124902256,-0.0479369
10,99428749404865,0.19736362,-0.5412593,0.5689354
4,99428752659084,0.15632756,-0.081226416,-0.050866377
10,99428758043771,0.23758769,-0.30017948,0.53827953
4,99428762907626,0.114782244,-0.043409526,-0.055127434
10,99428769182105,0.26099062,-0.05451393,0.594964
4,99428772427886,0.0793622,-0.023435818,-0.06764429
10,99428777820178,0.17816484,0.074724674,0.51969814
4,99428782690907,0.034621093,-0.0037284256,-0.06018744
10,99428788965021,0.119209886,0.01677227,0.39207697
4,99428792207886,-0.009321064,0.0058589545,-0.036751624
10,99428797597574,0.15920377,-0.0035319328,0.5121627
4,99428802415907,0.0058589545,-0.010120012,-0.03089267
10,99428808743667,0.25931144,0.08143425,0.539937
4,99428811964032,0.05672533,-0.024501082,-0.03701794
10,99428817376115,0.31754804,0.13674259,0.37399387
4,99428822214240,0.08468852,-0.021837922,-0.03089267
10,99428827142209,0.28135002,0.18797874,0.34300137
4,99428830524084,0.108124346,-0.021038974,-0.0058589545
10,99428837142626,0.26969564,0.21405268,0.22001743
4,99428842028199,0.13821806,-0.014913702,0.01438107
10,99428848317990,0.39336693,0.22150564,0.10976696
4,99428851554813,0.14913702,0.008788432,0.029028457
10,99428856995907,0.35957325,0.315032,-0.010787964
4,99428861808615,0.12942964,0.024767399,0.049534798
10,99428868088199,0.31344366,0.38234282,-0.10122633
2,99428871359344,-41.0,7.0,20.0
10,99428876221532,0.32219613,0.36395645,-0.11342764
4,99428881214188,0.079095885,0.050333746,0.07350325
10,99428887852365,0.22839487,0.20473194,-0.10746288
4,99428891091167,0.06524745,0.050600063,0.079095885
10,99428896488094,0.10923159,0.12713003,0.022949696
4,99428901322678,0.08735169,0.04527374,0.07803062
10,99428907623251,0.052350283,0.09056234,0.0584898
4,99428910860907,0.11824436,0.049534798,0.07137272
10,99428914836428,0.005581975,0.09465933,0.053857803
4,99428922046271,0.12996227,0.052996907,0.073236935
10,99428926980959,-0.09737158,0.13412285,0.13715267
4,99428930086428,0.12117383,0.045007423,0.07137272
10,99428934384865,-0.20511055,0.17721844,0.0342021
4,99428941503146,0.09187906,0.019441076,0.04660532
10,99428949031011,-0.28831005,0.13123798,0.063670635
4,99428952271115,0.08282431,-0.009054748,0.027164243
10,99428957219448,-0.28806913,0.12643147,0.060168743
4,99428961985126,0.11025487,-0.033289514,0.016777916
10,99428968101167,-0.22565281,-0.08289862,0.15294075
4,99428971378563,0.18056233,-0.04234426,0.010120012
10,99428974270698,-0.16819191,-0.03262043,0.3540535
4,99428981120907,0.26684874,-0.033023197,5.326322E-4
10,99428988777521,-0.04425609,-0.02039671,0.39572382
4,99428992043303,0.2910835,0.032756884,-0.016511599
10,99428996780230,-0.042784214,-0.044616222,0.3782959
4,99429001562886,0.24234766,0.1669802,0.0061252704
10,99429007670855,-0.0056153536,0.10047102,0.6324363
4,99429010877782,0.20080236,0.29481193,0.1304949
10,99429013844032,-0.5658585,-0.18204498,0.30443048
4,99429020974032,0.2050634,0.3257046,0.35313517
10,99429027493407,-1.0911779,-0.95268345,0.45398045
4,99429030605438,0.21704763,0.2724414,0.69748193
10,99429033596584,-1.1390619,-1.398005,0.568902
4,99429040385386,0.4114584,0.19947077,0.9574064
10,99429047960751,-0.34036815,-1.0034304,1.2766724
2,99429051249501,-43.0,6.0,23.0
10,99429053287053,-0.34036815,-1.0034304,1.2766724
4,99429060106115,0.36964676,-0.41705105,0.30519825
10,99429067698042,-0.3934796,0.8455391,1.350133
4,99429070951376,-0.10865697,-0.6695187,-0.26871297
10,99429073912626,-0.39349008,0.84555435,1.3501444
4,99429078743355,-0.38269624,-0.6783071,-0.4165184
10,99429085864084,-0.8496655,-0.65970564,0.96230316
4,99429089105542,-0.8223842,-0.6556703,-0.4775048
10,99429094297313,-0.025841117,-1.776833,1.0963917
4,99429099224396,-0.69002503,-0.64555025,-0.54168695
10,99429105620282,0.9334438,-1.6464939,0.5150671
4,99429108856167,0.094808534,-0.45566687,-0.74781567
10,99429113977209,0.3680923,-0.044142246,0.16822004
4,99429118389605,0.29827404,-0.39707732,-0.76565886
11,99429127471584,-0.302773,0.082374,-0.542945,0.778943,3.0
4,99429123389605,0.299073,-0.3371562,-0.83729786
4,99429130610386,0.10679276,-0.3225088,-0.8881642
10,99429132591011,0.040609002,0.554039,-0.31708908
4,99429137808146,-0.09640643,-0.28815404,-0.9289106
10,99429143825438,0.43328524,1.400198,-1.420968
4,99429147025282,-0.34141725,-0.21411815,-0.9129316
10,99429152006219,0.2619319,0.5073123,-0.78452253
4,99429157607469,-0.37310886,-0.14674018,-0.8042747
10,99429163548198,0.24659348,-0.3003211,-0.241148
4,99429166738355,-0.15020229,-0.05139901,-0.6737798
10,99429171803303,0.3216293,-0.665205,0.1004715
4,99429178875125,0.15020229,0.09880328,-0.5139901
10,99429185222782,0.33639622,-0.31274366,0.18647814
4,99429188466844,0.35633096,0.27510455,-0.34860778
10,99429192978407,0.42975807,0.85802794,-0.056166172
4,99429197742469,0.39281628,0.43888897,-0.19920446
10,99429204560646,0.4830947,1.025445,-0.23832178
4,99429207794136,0.28708878,0.5856291,-0.050866377
10,99429212761740,0.57200336,1.2729731,-0.45575523
4,99429217564865,0.15286545,0.6777745,0.076166406
10,99429224122625,0.46895194,1.3076744,-0.71535397
2,99429227392157,-36.0,3.0,24.0
10,99429232660438,0.3354311,1.1306267,-0.8311138
4,99429237471948,0.022370555,0.74675035,0.20532973
10,99429244117625,0.19027734,0.87643766,-0.61829615
4,99429247369344,0.018109497,0.7637946,0.2231729
10,99429252493511,-0.17458618,0.5164428,0.018186092
4,99429257312053,0.055926383,0.737163,0.20879184
10,99429263820021,-0.5792372,0.112033844,0.45253086
4,99429267073511,0.108124346,0.6892261,0.15845808
10,99429272207678,-0.62684,-0.3032174,0.76409245
4,99429277006896,0.15526229,0.64768076,0.088150635
10,99429283597990,-0.6688684,-0.4236889,0.84967804
4,99429286816688,0.23915187,0.6215818,0.046871636
10,99429291946271,-0.56132495,-0.46246958,0.808053
4,99429296757000,0.29880667,0.60773337,0.04873585
10,99429303389396,-0.42601466,-0.29142237,0.47181034
4,99429306636740,0.3222425,0.5944176,0.06844324
10,99429311775542,-0.52737784,0.013239384,0.12932587
4,99429316811948,0.3339604,0.5544701,0.076965354
10,99429321887469,-0.6110903,0.26290274,0.07584095
4,99429325022521,0.31158987,0.48948902,0.07403588
10,99429331447678,-0.73426825,0.39040422,0.15039063
4,99429335575438,0.28975195,0.40772998,0.03169162
10,99429342958042,-0.76688194,0.4943118,0.2222147
4,99429346182105,0.25539714,0.33156356,-0.03834952
10,99429351330907,-0.87292236,0.39218187,0.18246269
4,99429356119605,0.19414444,0.25326663,-0.09161274
10,99429362717834,-0.88022643,0.21812391,0.17859268
4,99429365972990,0.12410331,0.1667139,-0.13182648
10,99429371088511,-0.88473886,0.18828297,0.19895363
4,99429376008042,0.0974717,0.1206412,-0.13981596
10,99429382496219,-0.80494404,0.24977541,0.12407017
4,99429385757782,0.09534117,0.12170646,-0.08522116
10,99429390944500,-0.80285966,0.41624022,0.24269485
4,99429395816896,0.14807177,0.11345066,0.002396845
10,99429402263771,-0.86991465,0.32671118,0.4668579
2,99429405529344,-43.0,-7.0,30.0
10,99429410526584,-0.9052788,0.10014343,0.7499275
4,99429415416375,0.34674358,0.0015978967,0.061252706
10,99429420657886,-0.7898211,-0.1226058,0.97858334
4,99429423825021,0.39148468,0.007190535,0.045540057
10,99429430282157,-0.9614303,-0.15251112,0.9356079
4,99429435141115,0.294013,0.03542004,0.066312715
10,99429441819865,-1.0560238,0.2046709,0.82297516
4,99429445037000,0.17976338,0.03888215,0.096939065
10,99429450180334,-0.95295835,0.18439484,0.66624737
4,99429455082834,0.01304949,0.006657903,0.094009586
10,99429461633302,-0.84994495,-0.1437316,0.5503111
4,99429464869032,-0.12942964,-0.06258429,0.050866377
10,99429470008667,-0.832652,-0.28338194,0.5083113
4,99429475070594,-0.14061491,-0.16165388,-0.016245283
10,99429481385282,-0.98053956,-0.24040699,0.45531082
4,99429484628875,-0.059388492,-0.26631612,-0.09560748
10,99429489751844,-0.99253905,-0.5080271,0.2845211
4,99429494606896,-0.031158986,-0.29933932,-0.13182648
10,99429501215802,-0.6768815,-0.67202663,0.08934116
4,99429504510021,0.031158986,-0.3323625,-0.21012342
10,99429509364032,-0.44423443,-0.5494833,0.21518517
4,99429514204605,0.07190535,-0.33103094,-0.22210763
10,99429519511740,-0.5086022,-0.5710578,0.4706421
4,99429522744448,0.16378441,-0.32969934,-0.21837921
10,99429529182730,-0.6845296,-0.6448202,0.690485
4,99429534022730,0.18961707,-0.3520699,-0.19867182
10,99429540691636,-0.8831719,-0.777153,0.89086246
4,99429543963250,0.16112125,-0.3832289,-0.22264028
10,99429549087313,-0.5992283,-0.5313535,0.9439478
4,99429553985230,0.1736381,-0.37470677,-0.26844665
10,99429560483407,-0.4431913,-0.36116695,0.8232393
4,99429563720021,0.18642128,-0.3107909,-0.283893
10,99429568907105,-0.21105134,0.22809124,0.4228649
4,99429573882782,0.17656758,-0.25007084,-0.25646242
10,99429580224240,-0.19495463,0.3586893,0.29543495
2,99429583464292,-41.0,-8.0,32.0
10,99429588434032,-0.039029837,0.5269618,-0.020101547
4,99429593296480,0.13262543,-0.2146508,-0.21598236
10,99429600017469,0.09362924,0.68128395,-0.11508846
4,99429603251427,0.12623383,-0.19228023,-0.18615496
10,99429608296584,0.2095561,0.94403934,-0.074941635
4,99429613161688,0.15978967,-0.17204021,-0.13369069
10,99429618423771,0.37796235,1.1838882,-0.22163868
4,99429621626636,0.21518342,-0.123836994,-0.091080114
10,99429628060542,0.6442735,1.4500389,-0.39108372
4,99429632895021,0.24527714,-0.023435818,-0.039947417
10,99429639605854,0.76524925,1.5582168,-0.5223689
4,99429642851427,0.21225394,0.14407702,0.0743022
10,99429648018250,0.75909126,1.3946409,-0.28412342
4,99429652862052,0.1454086,0.44847634,0.27084348
10,99429659387729,0.8823675,1.0005901,0.490798
4,99429662636636,0.012516857,0.8841695,0.536627
10,99429667761427,0.50795674,0.5531106,0.93476295
4,99429672944813,-0.1304949,1.2684636,0.90281165
10,99429679221323,-0.21086252,-0.03524208,1.3406601
4,99429682440542,-0.19973709,1.4168017,1.2950952
10,99429687394865,-0.23739839,-0.8446512,0.599205
4,99429692219396,-0.19680761,1.3113406,1.5451661
10,99429698915073,-0.21582425,-0.3542137,-1.4363489
4,99429702132209,0.3339604,0.9464875,1.3254553
10,99429707482573,-0.47352165,0.8623638,1.5851784
4,99429712504604,0.7499462,0.2908172,0.4857606
10,99429717590542,-2.4277067,-1.0210471,1.2668562
4,99429720699448,-0.17736652,-0.34408042,-0.37364152
10,99429727025229,-2.6545534,-0.57337856,0.98798084
4,99429731792365,-0.9259811,-0.5904228,-0.6831008
10,99429738464657,-2.5522218,-0.6634288,2.0006428
4,99429741672729,-1.0122676,-0.675644,-0.5526059
10,99429745482157,-1.1420372,-2.4758396,1.4595537
4,99429752365646,-0.5478122,-0.7355651,-0.52863747
10,99429759970334,0.65550315,-3.0327754,0.043616295
2,99429763252000,-39.0,-4.0,29.0
10,99429767601896,0.56745505,-3.0607557,0.039963722
4,99429772384604,0.6593987,-0.582167,-0.50333744
10,99429778706219,-0.21512103,0.9628444,-2.2993903
4,99429781944969,0.4293016,-0.57763964,-0.4825648
10,99429784886584,-0.10738194,2.1360033,-2.294602
4,99429791950490,-0.23648871,-0.62717444,-0.58456385
10,99429799559032,0.3855114,2.0058804,-1.2941976
4,99429802813511,-0.7057377,-0.6375608,-0.75633776
10,99429807362052,0.2879541,2.0533261,-1.2472034
4,99429812199136,-0.7076019,-0.545948,-0.84022737
10,99429817276323,0.19340813,-0.25201797,0.25681877
4,99429820378407,-0.3323625,-0.3568636,-0.70200926
10,99429824045073,0.04975605,-0.8002901,0.35737514
4,99429831454344,0.2181129,-0.13475595,-0.42290998
10,99429839029917,0.065229654,-0.35147905,0.048666954
4,99429842259084,0.5858955,0.026365295,-0.20852552
10,99429845227521,0.065229654,-0.35147905,0.048666954
4,99429850021427,0.624245,0.08362326,-0.10226539
10,99429858469448,0.061507106,1.650471,-0.875319
4,99429861745334,0.41545314,0.10652645,-0.07882957
10,99429864645073,0.11657381,2.387885,-1.0620666
4,99429870861531,0.12330436,0.11797804,-0.08175905
10,99429878524865,-0.045494437,2.4004273,-1.0498991
4,99429881765698,-0.14061491,0.1206412,-0.05885586
10,99429884722104,-0.31125093,1.8808856,-0.82723856
4,99429890454552,-0.29827404,0.11771172,-0.016511599
10,99429896564031,-0.37006414,1.3310399,-0.37856293
4,99429899804500,-0.304133,0.107858025,0.029827405
10,99429905142156,-0.59488404,0.6837435,0.1915617
4,99429909922156,-0.27137613,0.10066749,0.05539375
10,99429914836479,-0.79573274,0.005346298,0.5705948
4,99429918295021,-0.20692763,0.08282431,0.09161274
10,99429924928511,-0.8663803,-0.22279167,0.768136
4,99429929705906,-0.13821806,0.068176925,0.077231675
10,99429936060334,-1.0063008,-0.5724888,0.9009781
2,99429939285646,-36.0,-6.0,27.0
10,99429944929084,-0.89960146,-0.6123247,0.82243824
4,99429949689500,-7.9894834E-4,0.076166406,0.022370555
10,99429955844344,-0.77080774,-0.48765802,0.6069937
4,99429959079448,0.02396845,0.07137272,-0.002130529
10,99429964483042,-0.7617785,-0.28979206,0.34456444
4,99429969298719,0.01438107,0.025566347,-0.042077947
10,99429975623250,-0.79324216,-0.30286503,0.18589783
4,99429978859240,-0.06471482,-0.032490566,-0.083889574
10,99429984260281,-0.6599444,-0.35348892,-0.07563305
4,99429989074761,-0.17204021,-0.07962852,-0.13635385
10,99429995404500,-0.58025086,-0.2581315,-0.01997757
4,99429998617417,-0.20612867,-0.1206412,-0.21358553
10,99430004072573,-0.45350242,-0.05837202,0.1340456
4,99430009020229,-0.17443706,-0.18109496,-0.29294774
10,99430013920177,-0.3907857,-0.14423943,0.21875381
4,99430017182573,-0.16271915,-0.24101609,-0.3552657
10,99430023815073,-0.38641274,-0.36351013,0.3210621
4,99430028618875,-0.14567491,-0.2972088,-0.4101268
10,99430035127938,-0.31806147,-0.5699568,0.4578781
4,99430038374656,-0.12037488,-0.3121225,-0.44341633
10,99430042841740,-0.17611158,-0.62367487,0.53217506
4,99430048646896,-0.07989483,-0.2806972,-0.44581318
10,99430054785125,-0.112558484,-0.35513926,0.6557903
4,99430058026792,-0.020240024,-0.21598236,-0.40373522
10,99430063220594,-0.074231625,-0.03345108,0.74304485
4,99430068114761,0.016511599,-0.18429075,-0.33795515
10,99430074528302,-0.2695446,0.1252408,0.5444164
4,99430077780073,0.033822145,-0.19734024,-0.27217507
10,99430083138354,-0.11885095,0.07372093,0.2980194
4,99430087992052,0.023702133,-0.18269286,-0.21225394
10,99430094344136,0.13103199,0.20935059,0.2935524
4,99430097564396,0.039947417,-0.12250541,-0.15526229
10,99430102925229,0.17205667,0.5484495,0.48475456
4,99430107754031,0.043942157,-0.08548747,-0.09347696
10,99430112680281,0.06937146,0.8980799,0.30462456
2,99430116079031,-42.0,-10.0,24.0
10,99430122766636,0.1323967,1.0028691,0.18136024
4,99430127550229,-0.09986854,-0.06791061,-0.03488741
10,99430133883719,0.24680924,0.7140384,0.27610874
4,99430137116375,-0.16245283,-0.047137953,-0.039947417
10,99430142502156,0.26980066,0.34639788,0.5112953
4,99430147256531,-0.15952335,-0.0053263223,-0.0127831735
10,99430153688563,0.2874248,0.18398714,0.7967291
4,99430156900333,-0.101999074,0.048203215,0.061519023
10,99430162303094,0.1059649,-0.001077652,0.7678299
4,99430167125958,-0.04181163,0.07350325,0.1536644
10,99430173384240,-0.123953104,-0.14877558,0.57799435
4,99430176622833,0.032490566,0.08362326,0.20453078
10,99430182025646,0.05293584,-0.06639242,0.4279375
4,99430186830958,0.10013486,0.11797804,0.2082592
10,99430193184344,0.15983462,0.1286087,0.4263401
4,99430196433563,0.12410331,0.14221281,0.20932446
10,99430201802052,0.08768654,0.23384905,0.40031815
4,99430206622261,0.083889574,0.14327806,0.21624869
10,99430211569292,0.14964056,0.36422205,0.4014063
4,99430214947886,0.0013315806,0.16538231,0.221575
10,99430221590646,0.09654093,0.35436296,0.49648285
4,99430226435490,-0.09614012,0.2034655,0.24421188
10,99430232778302,-0.19418967,0.031603336,0.55793285
4,99430236010021,-0.19148129,0.22956449,0.27776772
10,99430241368667,-0.4020909,-0.11589718,0.5403042
4,99430246208042,-0.18002969,0.21012342,0.27883297
10,99430252508354,-0.5111412,-0.20529318,0.34978485
4,99430255745386,-0.10066749,0.17124127,0.23782028
10,99430261135802,-0.39113772,-0.25958443,0.23635483
4,99430266120646,-0.017310547,0.11930962,0.1669802
4,99430276046688,0.04314321,0.03888215,0.08229168
4,99430279803615,0.04314321,0.03888215,0.08229168
4,99430285922938,0.041012682,-0.025832662,0.021038974
10,99430291797729,-0.40047002,-0.19223642,0.63569164
2,99430294898302,-45.0,-9.0,23.0
10,99430300421010,-0.44462562,-0.24111938,0.59369946
4,99430306034344,-0.034621093,-0.05006743,-0.0018642128
10,99430310835750,-0.42974746,-0.3079543,0.47270775
4,99430313822052,-0.030360037,-0.047404267,0.006924219
10,99430319488042,-0.3728031,-0.27804184,0.46601105
4,99430325682052,-0.010652645,-0.04181163,0.006924219
10,99430331428146,-0.17049849,-0.0045957565,0.4719448
4,99430334519083,0.0,-0.05832323,-0.0058589545
10,99430339988094,-0.21698236,0.061405182,0.5612345
4,99430344660750,-0.0053263223,-0.09454222,-0.027164243
10,99430351131063,-0.2504834,0.07050753,0.47698116
4,99430354280594,-0.026631612,-0.12197278,-0.03435478
10,99430359760594,-0.26908135,0.18910027,0.30806255
4,99430364497052,-0.045007423,-0.1206412,-0.02743056
10,99430370909656,-0.2235502,0.21773434,0.2500534
4,99430374062573,-0.049534798,-0.12144015,-0.032490566
10,99430379541219,-0.13373303,0.34625292,0.10574055
4,99430384304083,-0.0561927,-0.112119086,-0.042876896
10,99430390678615,-0.08875692,0.35878515,0.23266506
4,99430393765281,-0.10626013,-0.105993815,-0.04527374
10,99430399317885,-0.18559897,0.28750753,0.30227757
4,99430404836792,-0.15526229,-0.10466223,-0.027963191
10,99430409634865,-0.30208707,0.15124369,0.3790083
4,99430412732052,-0.13422333,-0.10146644,-0.004527374
10,99430418308198,-0.31662548,-0.041965008,0.3177948
4,99430424449552,-0.038615838,-0.09187906,0.016245283
10,99430430235021,-0.2768693,-0.04060173,0.3200493
4,99430433313719,0.082558,-0.070307456,0.033023197
10,99430438908563,-0.24446642,0.04994774,0.33770275
4,99430443554969,0.14008227,-0.057790596,0.045007423
10,99430450028458,-0.2547667,0.18507957,0.17125797
4,99430453121896,0.099069595,-0.052996907,0.04474111
10,99430458680594,-0.17661631,0.42658377,0.052477837
4,99430463395385,0.022903185,-0.035153728,0.040746365
10,99430469472521,-0.2019521,0.48405552,0.02888298
2,99430472582000,-44.0,-7.0,22.0
10,99430478131167,-0.24279475,0.34116936,-0.11697292
4,99430483131010,-0.11105382,-0.036751624,0.06338324
10,99430489841167,-0.2798736,0.27564287,-0.16723299
4,99430493095437,-0.10040118,-0.05006743,0.04580637
10,99430498455333,-0.22805011,0.2507434,-0.12273884
4,99430503357000,-0.049801115,-0.055926383,0.01784318
10,99430508276323,-0.23502958,0.17332363,-0.061647415
4,99430511619865,-0.02876214,-0.056991648,-0.0034621095
10,99430517165073,-0.14818704,0.19708157,0.056279182
4,99430523554604,-0.04926848,-0.054062173,-0.008255799
10,99430529622260,-0.11566591,0.1686449,0.15668106
4,99430532868146,-0.087085366,-0.047404267,0.006657903
10,99430538093042,-0.17922533,-0.015723228,0.18516731
4,99430542972781,-0.1025317,-0.035952676,0.03914847
10,99430549167000,-0.12577891,-0.14361,0.1326437
4,99430552421635,-0.0743022,-0.008522116,0.060453758
10,99430557797625,-0.039078712,-0.032993793,-0.011076927
4,99430562558771,-0.029028457,0.013315806,0.066046394
10,99430568936271,0.0079193115,0.12619686,-0.028349876
4,99430572155854,-0.01571265,0.020506341,0.0561927
10,99430576050854,0.08453393,0.23872423,-0.01398468
4,99430582955437,-0.048469532,0.02956109,0.0396811
10,99430590515281,0.097007036,0.27070427,0.026299477
4,99430593796115,-0.108124346,0.049801115,0.042876896
10,99430598661948,-0.06962299,0.096074104,0.09481716
4,99430603582625,-0.15632756,0.05273059,0.07084008
10,99430608533510,-0.17942083,0.008580208,0.14111042
4,99430611645125,-0.12037488,0.042077947,0.083889574
10,99430614419344,-0.20336282,-0.11352396,0.15547562
4,99430622517000,-0.03195793,0.02876214,0.07350325
10,99430630076271,-0.12933958,-0.27710676,0.32080746
4,99430633350281,0.034621093,0.008522116,0.041545313
10,99430638233198,-0.13004911,-0.28159904,0.479455
4,99430643113354,0.06764429,-0.008255799,0.012250541
10,99430649230333,-0.13075697,-0.16646004,0.53176403
2,99430652493719,-44.0,-5.0,23.0
10,99430655918927,-0.18103516,-0.061115265,0.41684246
4,99430660893719,-0.03355583,-0.0061252704,0.007989483
10,99430669294240,-0.17248118,0.021046162,0.36884117
4,99430672531323,-0.086020105,0.009054748,0.0029294773
10,99430675447677,-0.17726958,-0.05077982,0.44545555
4,99430681787365,-0.12010857,-5.326322E-4,-0.0058589545
10,99430689333198,-0.28793454,-0.16860342,0.57190704
4,99430692604552,-0.1257012,-0.026631612,-0.017576864
10,99430695539552,-0.37891424,-0.2284584,0.643733
4,99430700897781,-0.09267801,-0.04873585,-0.021837922
10,99430706160750,-0.28509808,-0.17559576,0.67446136
4,99430709395333,-0.06338324,-0.05006743,-0.024767399
10,99430715829864,-0.2795937,-0.10778284,0.6886511
4,99430720604396,-0.010652645,-0.054062173,-0.024767399
10,99430727347417,-0.32920456,0.029627323,0.5107231
4,99430730583614,0.016777916,-0.083090626,-0.02130529
10,99430735208354,-0.1869384,0.17605448,0.36013126
4,99430740099239,0.015180019,-0.08282431,-0.025300032
10,99430747122781,-0.080955505,0.24500895,0.30784512
4,99430750359969,-0.007456851,-0.06950851,-0.01784318
10,99430755582677,-0.14967859,0.26661587,0.2774458
4,99430760436531,-0.017310547,-0.06391586,-0.010120012
10,99430766898198,-0.17808115,0.28994513,0.28118038
4,99430770152521,-0.03542004,-0.05273059,0.006657903
10,99430775380646,-0.15027797,0.11916304,0.30042744
4,99430780162000,-0.031158986,-0.046339005,0.010652645
10,99430786698823,-0.1901344,0.057541847,0.29141712
4,99430789923719,-0.011984225,-0.039414786,0.020240024
10,99430795013146,-0.21881902,0.018958569,0.32211876
4,99430799823354,0.023435818,-0.030360037,0.022104237
10,99430805179917,-0.18952668,0.0044026375,0.29612732
4,99430808303771,0.04314321,-0.025832662,0.01304949
10,99430814720333,-0.2031635,-0.004942894,0.2592392
4,99430819506427,0.03542004,-0.025566347,0.0026631611
10,99430826241739,-0.226771,0.040634632,0.18166065
2,99430829521010,-45.0,-5.0,22.0
10,99430834310594,-0.20329559,0.09904337,0.19103336
4,99430839080125,-0.009054748,-0.021837922,-0.02876214
10,99430846018614,-0.25668514,0.05643177,0.17538261
4,99430849255229,-0.037550572,-0.02743056,-0.041279
10,99430854427052,-0.30335188,-0.03159809,0.15666866
4,99430859296531,-0.04660532,-0.028495824,-0.052464273
10,99430865803094,-0.26962507,0.007923126,0.2128601
4,99430869039552,-0.021038974,-0.02263687,-0.063116916
10,99430874224187,-0.24825346,0.042695522,0.31790733
4,99430879040958,-0.008788432,-0.023435818,-0.059921127
10,99430885573562,-0.31495905,-1.4257431E-4,0.27613163
4,99430888814656,-0.0018642128,-0.01784318,-0.055926383
10,99430894035021,-0.22395742,0.063685894,0.31275463
4,99430898858406,0.0053263223,-0.0061252704,-0.0561927
10,99430903955281,-0.24908173,0.11944008,0.28623962
4,99430907144708,0.002396845,-0.0034621095,-0.046072688
10,99430912685698,-0.23074377,0.120854855,0.17391396
4,99430919216219,0.0031957934,0.0063915867,-0.034621093
10,99430925457469,-0.15670443,0.14575815,0.2670288
4,99430928699083,0.0013315806,0.010918961,-0.02956109
10,99430933573823,-0.24369991,0.16842175,0.27838326
4,99430938416531,-0.014913702,0.005060006,-0.024501082
10,99430944907312,-0.30874527,0.19475508,0.20665741
4,99430948146791,-0.03009372,-0.0010652645,-0.024767399
10,99430953269656,-0.20517361,0.21276617,0.2055378
4,99430958045489,-0.023435818,0.0018642128,-0.02956109
10,99430964683041,-0.22363698,0.15177202,0.27144146
4,99430967917573,-0.015180019,0.0053263223,-0.02609898
10,99430973119760,-0.2937516,0.14259434,0.3030033
4,99430977870906,-0.01784318,0.004261058,-0.010120012
10,99430984461166,-0.3791089,0.14618921,0.1982212
4,99430987692885,-0.013848438,-0.0077231675,0.0029294773
10,99430991557781,-0.35491538,0.2310772,0.15098095
4,99430998745385,0.015180019,-0.008788432,0.0031957934
10,99431003877937,-0.26219666,0.21578121,0.181674
2,99431007008510,-43.0,-5.0,23.0
10,99431011638614,-0.32018745,0.22316456,0.18278217
4,99431017983458,0.0055926386,-0.01784318,-0.0031957934
10,99431024278666,-0.27152002,0.25741625,0.21085453
4,99431027515646,-0.027696876,-0.007190535,0.004527374
10,99431031139500,-0.24161875,0.22979498,0.1544342
4,99431037832260,-0.0777643,0.0063915867,0.022903185
10,99431043976375,-0.3263842,0.24283361,0.028579712
4,99431047182052,-0.083090626,0.0015978967,0.033023197
10,99431052110177,-0.22928464,0.2121396,0.07627964
4,99431056957260,-0.051931642,0.0058589545,0.03009372
10,99431063581948,-0.1493249,0.110206604,0.19473457
4,99431066793562,-0.013315806,0.011717909,0.02263687
10,99431071986479,-0.24998343,0.09081793,0.32004547
4,99431076816427,0.008788432,0.015180019,0.024234766
10,99431083344135,-0.3804357,0.09808588,0.2808447
4,99431086577729,-0.010918961,0.030626353,0.038083203
10,99431091740646,-0.39231873,0.16606522,0.23469543
4,99431101710385,-0.033023197,0.06791061,0.05752428
4,99431104930750,-0.040480047,0.091080114,0.07403588
10,99431110241010,-0.27678502,0.080313206,0.068517685
4,99431116738719,-0.12942964,0.17576863,0.15020229
10,99431122771219,-0.19519985,0.0998292,0.10274601
4,99431125860854,-0.19547603,0.24660872,0.19813919
10,99431130896948,-0.03504324,0.18939829,0.23466301
4,99431135586114,-0.21598236,0.27563718,0.21891184
10,99431142424291,-0.14527845,0.20376968,0.23332119
4,99431145505750,-0.21012342,0.272974,0.24687503
10,99431150673666,-0.13798869,-0.06631756,0.14863491
4,99431155482885,-0.14833808,0.24900557,0.25406557
10,99431162204291,0.0512563,-0.19710255,0.16238451
4,99431165284500,-0.08362326,0.2711098,0.25166872
10,99431170441375,-0.020466447,0.030905247,0.27603817
4,99431175092833,-0.0029294773,0.28309402,0.24474451
10,99431182021010,-0.09407377,0.14580297,0.3486204
2,99431185126896,-42.0,-4.0,23.0
10,99431190229552,-0.09582448,0.11144209,0.20721054
4,99431196123041,0.04660532,0.21731395,0.17976338
10,99431201097468,-0.07579887,0.02144146,0.14237785
4,99431204196323,0.008788432,0.2031992,0.13448964
10,99431209999135,-0.12496519,-0.059684753,0.36174774
4,99431214741271,0.006657903,0.18642128,0.11771172
10,99431221528250,-0.23711562,-0.22352457,0.4001112
4,99431224620750,0.0026631611,0.175236,0.12436963
10,99431229784552,-0.26644158,-0.33640528,0.36976528
4,99431234532000,-0.012516857,0.175236,0.12197278
10,99431241325125,-0.13896573,-0.31004953,0.33520412
4,99431244418771,-0.014913702,0.21092236,0.105993815
10,99431249272781,0.049662113,-0.30538368,0.34102345
4,99431254944239,-0.03195793,0.25672874,0.08468852
10,99431261081896,-0.017107487,-0.2007966,0.61635494
4,99431264242885,0.002130529,0.26764768,0.07536746
10,99431269340593,-0.09815335,-0.15252161,0.5445471
4,99431274068979,0.066312715,0.28229508,0.0793622
10,99431280859552,0.0416106,-0.13365555,0.18813038
4,99431284009812,0.0793622,0.31611723,0.0974717
10,99431289118771,0.18195271,-0.11256075,0.034605026
4,99431295043093,0.076965354,0.3406183,0.11984225
10,99431300021479,0.18615341,-0.013645649,0.06900501
4,99431302973458,0.0892159,0.33289513,0.13502227
10,99431308548718,0.15812624,0.20694923,0.13538551
4,99431313558041,0.10519487,0.2974751,0.1107875
10,99431320673666,0.1994226,0.35929298,0.18524742
4,99431323940125,0.083090626,0.26711506,0.057257965
10,99431328894396,0.1360594,0.27434683,0.16314697
4,99431333818250,0.038083203,0.22849922,0.009054748
10,99431340442104,-0.05515933,0.20574999,0.28907967
4,99431343663146,0.04234426,0.18961707,-0.016511599
10,99431348889239,-0.21346796,0.15212202,0.4527235
4,99431353871375,0.08868326,0.14008227,-0.029028457
10,99431360207000,-0.42267966,0.17362404,0.44439983
2,99431363467052,-43.0,-3.0,22.0
10,99431368409395,-0.6063762,0.14697075,0.41421986
4,99431373271843,0.17044231,0.03701794,-0.0727043
10,99431379999239,-0.8748582,0.2285347,0.49356937
4,99431383248510,0.175236,-0.013582122,-0.07989483
10,99431386152156,-0.98499143,0.29796648,0.52229977
4,99431394252312,0.1387507,-0.05832323,-0.08681905
10,99431400624031,-1.0709183,0.40561724,0.502429
4,99431403739552,0.08628642,-0.10652645,-0.08655274
10,99431406540020,-1.1499269,0.5636344,0.39708424
4,99431413731375,0.022370555,-0.13688648,-0.073236935
10,99431421361010,-1.1463542,0.6509285,0.36060333
4,99431424615281,-5.326322E-4,-0.14966966,-0.036218993
10,99431429086739,-1.1510863,0.6477742,0.35941887
4,99431433916635,0.015180019,-0.15819177,0.019441076
10,99431440221114,-1.282419,0.2793107,0.6768322
4,99431443431583,0.020506341,-0.16990969,0.05885586
10,99431446288718,-1.2201698,0.3295889,0.47811317
4,99431453157677,0.02609898,-0.16538231,0.07350325
10,99431460678198,-1.1890861,0.70751,0.21077538
4,99431464006427,0.011451593,-0.1768339,0.08522116
10,99431468461635,-1.1936786,0.7060256,0.21064949
4,99431473368562,-0.03488741,-0.19600865,0.092145376
10,99431479626010,-0.88083637,0.838367,-0.19056797
4,99431482855333,-0.06950851,-0.21598236,0.08442221
10,99431485754656,-0.67732924,0.4983902,0.11349583
4,99431493134187,-0.06364955,-0.26418558,0.06578008
10,99431499481010,-0.63810647,0.18478727,0.30827236
4,99431503777208,-0.047137953,-0.30386668,0.04926848
10,99431505887885,-0.3699559,0.05789423,0.30587864
4,99431512511375,-0.009853696,-0.29294774,0.046339005
10,99431520020229,-0.24919474,0.08000898,0.30046654
4,99431523285125,-0.011717909,-0.25220135,0.07643273
10,99431526284291,-0.20131075,-0.0061821938,0.26934242
4,99431531106739,-0.033289514,-0.23568976,0.095074855
10,99431538024500,0.021678805,-0.07896757,0.30369473
2,99431541354343,-42.0,-1.0,22.0
10,99431546709968,0.2535187,-0.20201254,0.21159172
4,99431551534083,-0.101999074,-0.16777915,0.11611383
10,99431557791531,0.32406998,-0.3005576,0.27917004
4,99431561038510,-0.050866377,-0.116912775,0.14407702
10,99431566450177,0.3650174,-0.39224052,0.23328781
4,99431571250177,-0.02609898,-0.10359697,0.1555286
10,99431577571427,0.42101002,-0.37890387,0.16829109
4,99431580822937,0.017310547,-0.081226416,0.15339808
10,99431586270177,0.48325706,-0.23095036,0.18403244
4,99431591074083,0.04447479,-0.058589544,0.12623383
10,99431596035333,0.51214886,-0.18961859,0.17579556
4,99431599371479,0.046871636,-0.037284255,0.08974853
10,99431606005697,0.50729585,-0.17557144,0.09036827
4,99431609979187,0.01917476,-0.02130529,0.053263225
10,99431617140177,0.42827868,-0.21263981,0.010741234
4,99431620347000,-0.007190535,-0.004527374,0.015978966
10,99431625771270,0.34240663,-0.22659111,0.10925293
4,99431630662572,0.013315806,0.0039947415,-0.018908445
10,99431636918093,0.2637545,-0.235178,0.3143053
4,99431640136427,0.070307456,-0.007456851,-0.038083203
10,99431645556843,0.086734414,-0.29564285,0.33721828
4,99431650398406,0.113983296,-0.021038974,-0.045007423
10,99431656693614,0.06137514,-0.25484562,0.26200867
4,99431659943770,0.13502227,-0.022104237,-0.045007423
10,99431665337260,0.09486163,0.02888918,0.21095562
4,99431670153822,0.14594123,-0.020772656,-0.047404267
10,99431676472781,0.09694803,0.23850155,0.11060715
4,99431679699864,0.10066749,-0.026365295,-0.06231797
10,99431685124760,0.08864617,0.32522964,0.07615185
4,99431689944031,0.018642128,-0.036218993,-0.08868326
10,99431694920020,0.09012985,0.37453604,0.08176422
4,99431698254343,-0.01917476,-0.05885586,-0.11345066
10,99431703750593,0.05564487,0.26756716,0.16481113
4,99431710280281,-0.014913702,-0.06737798,-0.11638014
10,99431716344916,0.020201802,0.13989258,0.20073986
2,99431719597677,-39.0,3.0,21.0
10,99431724517989,0.09472704,0.24894953,0.14640045
4,99431729348666,0.082025364,-0.03169162,-0.091080114
10,99431735806270,0.14713752,0.50305414,0.104709625
4,99431739053510,0.12916331,0.007456851,-0.07643273
10,99431744457520,0.12175763,0.73469496,0.13520908
4,99431749242000,0.13209279,0.10519487,-0.032490566
10,99431755568041,0.20897305,0.6152463,-0.13214254
4,99431758814031,0.033289514,0.32836777,0.0793622
10,99431764311895,0.28300583,0.36440277,0.29051304
4,99431769177520,-0.06764429,0.64049023,0.31691617
10,99431775360229,-0.14656687,-0.12725258,1.0221062
4,99431778609187,-0.13262543,0.88017476,0.6607303
10,99431782626114,-0.7440639,-0.6230335,1.5307941
4,99431788387052,-0.112918034,0.96406436,0.9257148
10,99431793719604,-0.58253264,-0.7656708,1.3174047
4,99431797156583,-0.03542004,0.908138,0.97764647
10,99431802359760,-0.13991559,-0.23500156,0.1315422
4,99431807810802,0.22343922,0.69987875,0.7635283
10,99431813587572,-0.2996245,0.6687856,-0.4601469
4,99431816936374,0.6535397,0.33742252,0.22903186
10,99431822154031,-1.3435022,-1.0044746,0.55849457
4,99431827550437,0.22423817,-0.19121496,-0.2892193
10,99431834543041,-2.1697268,-1.7379951,0.118938446
4,99431837778614,-0.14620754,-0.46472162,-0.56618804
10,99431843063770,-1.3756775,-0.91267157,0.48133945
4,99431847910281,-0.02263687,-0.36884782,-0.5659217
10,99431854474708,-1.3281227,-1.3007388,0.41218853
4,99431857717156,0.108124346,-0.29161614,-0.44661212
10,99431863165281,-1.1169461,-1.586298,0.32695103
4,99431867957312,0.3086604,-0.33981937,-0.51691955
10,99431874258093,-0.19635582,-1.1429157,0.13884354
4,99431877494447,0.47484162,-0.32170987,-0.7435546
10,99431882943874,-0.025255442,-0.22064114,-0.60831356
4,99431887762104,0.36139098,-0.22583607,-0.89162636
10,99431892662104,-0.35470474,0.41580057,-1.3576636
2,99431896850697,-38.0,3.0,20.0
10,99431902744135,-0.2803241,0.5467706,-1.5230908
4,99431907569864,-0.11771172,-0.07350325,-0.9622001
10,99431913822885,0.08957112,1.031168,-1.1459475
4,99431917069760,-0.16751283,-0.025832662,-1.0657971
10,99431922462677,0.33781374,0.63810444,-0.9437871
4,99431927233354,-0.2213087,0.010386328,-1.169394
10,99431933596791,0.17625666,0.16943884,-0.62400675
4,99431936849760,-0.15899073,0.011451593,-1.1531488
10,99431942232208,-0.06634605,0.09685612,-0.17736149
4,99431947019968,-0.06791061,0.010120012,-1.1004182
10,99431953420072,-0.009497404,-0.0026254654,-0.048000336
4,99431956624135,0.17603496,0.068176925,-0.8772453
10,99431962011270,0.26406133,0.4337468,0.08984089
4,99431966790749,0.22104238,0.12037488,-0.813862
10,99431973151479,0.25278652,1.284703,0.25833416
4,99431976382364,0.18801917,0.24820662,-0.6130597
10,99431981831687,0.08884323,1.9751377,0.18901443
4,99431986627364,0.12170646,0.2612561,-0.54248595
10,99431991550333,0.07119477,2.1212604,0.22970867
4,99431994932885,-0.018109497,0.26631612,-0.39041942
10,99432001565593,0.10944533,1.9664035,0.26230145
4,99432006374864,-0.16431704,0.26818034,-0.2213087
10,99432012744864,0.1079191,1.6393154,0.2843542
4,99432015991322,-0.19734024,0.29214877,-0.032490566
10,99432021343926,-0.1409905,1.2152898,0.577425
4,99432026081791,-0.15686019,0.31318775,0.16911073
10,99432031201218,-0.22219336,1.108799,0.52637196
4,99432035274604,-0.12410331,0.32676986,0.32943302
10,99432041231270,-0.09642601,1.2205312,0.48972893
4,99432046158145,-0.066312715,0.36618465,0.41252366
10,99432052294968,0.23557663,1.2942708,0.38393116
4,99432055533354,-0.091080114,0.46898267,0.43729106
10,99432060899239,0.4489286,1.0994039,0.40233612
4,99432065739864,-0.26498455,0.63250077,0.45380265
10,99432072079187,0.3194784,0.69952536,0.38065434
2,99432075329812,-39.0,-2.0,13.0
10,99432080759499,0.024139166,-0.4326787,0.5163851
4,99432085608822,-0.7755125,1.0146644,0.63915867
10,99432090499447,-0.37535703,-1.0825186,0.94362164
4,99432093821687,-0.7613978,0.99948436,0.71319455
10,99432099426479,-0.849564,-1.3657699,1.7337465
4,99432105707520,-0.3885552,0.76272935,0.6487461
10,99432111763093,-1.4725792,-1.8798237,2.4389248
4,99432115015489,-0.070041135,0.3270362,0.48629323
10,99432120254135,-1.9203088,-2.0897279,3.3703833
4,99432125100697,-0.105727494,-0.16591494,0.21172132
10,99432131357312,-1.7247982,-1.9057093,2.937787
4,99432134582729,-0.33822146,-0.474309,-0.021038974
10,99432140041218,-1.6364535,-1.3760943,2.820984
4,99432144993145,-0.48522797,-0.63010395,-0.061519023
10,99432151121947,-1.5621825,-1.1616716,1.9287663
4,99432154410385,-0.4133226,-0.73343456,-0.06844324
10,99432159773354,-0.4781292,-0.5423837,0.36245632
4,99432164621999,-0.087085366,-0.78536624,-0.21331921
10,99432170935958,0.42755687,-0.017517567,-0.6217499
4,99432174218510,0.18935075,-0.7914915,-0.3470099
10,99432179552572,0.37349296,0.27155972,-0.83002377
4,99432184394291,0.15739283,-0.8825716,-0.38083205
10,99432189297156,-0.0076003075,1.0649638,-1.0437169
4,99432192695124,-0.06524745,-1.0319749,-0.45327002
10,99432199091166,0.2259692,1.6033213,-0.9568968
4,99432203993614,-0.30306774,-1.0737866,-0.6295713
10,99432210496010,0.62340117,1.1487155,-0.52192926
4,99432213739604,-0.49614692,-0.95607483,-0.73796195
10,99432217558770,0.61860716,0.042596817,0.27534008
4,99432224661374,-0.5382249,-0.75127774,-0.6982809
10,99432232403614,0.26013637,-1.0413423,0.9232106
4,99432235652312,-0.34834146,-0.57284594,-0.58429754
10,99432239402624,0.18700552,-1.027278,0.9516878
4,99432244317051,0.105727494,-0.4133226,-0.45220476
10,99432250464343,0.16338515,-0.8540764,0.17457199
2,99432253711270,-37.0,-1.0,15.0
10,99432257114083,0.44590116,-0.09750843,-0.66339827
4,99432264220906,0.60427123,-0.06897587,-0.17310548
10,99432271758770,0.4890871,0.8022394,-1.2819963
4,99432275026218,0.479369,0.03701794,-0.04447479
10,99432278979447,0.48176455,0.7637582,-1.3055577
4,99432283856478,0.23222765,0.07989483,0.03888215
10,99432288715645,0.25991464,2.3541083,-2.0978708
4,99432291808562,-0.01571265,0.11531488,0.025033714
10,99432295952208,0.22400165,2.0739868,-1.8153548
4,99432303043978,-0.23355924,0.14061491,-0.03169162
10,99432310885228,-0.15111828,1.2887821,-1.0449581
4,99432314231062,-0.32810146,0.12650016,-0.056459017
10,99432317047833,-0.37377894,0.6255884,-0.27641916
4,99432323253770,-0.23435818,0.12703279,-0.04580637
10,99432330771791,-0.34143364,0.27477026,0.17902613
4,99432334104812,-0.06711166,0.19094865,0.023435818
10,99432336922572,-0.6263436,0.111964226,0.4759078
4,99432343023978,0.03781689,0.23062976,0.13848437
10,99432349305020,-1.132674,0.03969431,0.3666253
4,99432352539864,0.06684534,0.20719394,0.19414444
10,99432357535072,-1.0168611,0.14294243,0.4198637
4,99432362307520,0.07190535,0.19387813,0.18002969
10,99432368883874,-0.81997514,0.1000824,0.53937006
4,99432372124656,0.06178534,0.15313177,0.087085366
10,99432377092781,-0.77207375,0.022343159,0.6786351
4,99432382053822,0.045007423,0.13448964,0.06950851
10,99432387257312,-0.7127913,0.026390076,0.70709324
4,99432390482676,-0.011185277,0.10146644,0.06178534
10,99432396916322,-0.655892,0.057547092,0.6551256
4,99432401746478,-0.09347696,0.0793622,0.066312715
10,99432408433874,-0.636721,0.15130615,0.75550175
4,99432411677728,-0.16618125,0.04314321,0.066312715
10,99432416685020,-0.5959027,0.17238808,0.6236644
4,99432421560958,-0.18216023,-0.002396845,0.05672533
10,99432428229551,-0.4936881,0.13661909,0.56949663
2,99432431461478,-37.0,-4.0,17.0
10,99432436166374,-0.25750673,0.069229126,0.5569539
4,99432441074760,-0.103064336,-0.04261058,0.04314321
10,99432447984864,-0.23653042,0.09298849,0.54425716
4,99432451229864,-0.052464273,-0.058056913,0.026897928
10,99432456431478,-0.19428647,0.32962465,0.19847584
4,99432461214655,-0.049801115,-0.06764429,-0.007456851
10,99432467762155,-0.136621,0.454257,-0.013549328
4,99432471008458,-0.09534117,-0.060453758,-0.03169162
10,99432475977624,-0.0017926693,0.18045616,0.04321003
4,99432481766999,-0.111852765,-0.072970614,-0.051665325
10,99432486847780,0.14058542,-0.3739581,0.25425434
4,99432489962312,-0.0743022,-0.08335695,-0.06471482
10,99432495924812,0.10719752,-0.73982954,0.3837824
4,99432500714343,-0.007989483,-0.066046394,-0.053263225
10,99432507323458,0.055983543,-0.6299076,0.442266
4,99432510544708,0.0727043,-0.01917476,-0.024501082
10,99432515807624,-0.03578353,-0.40676498,0.2628312
4,99432520626530,0.08016115,0.022104237,0.0055926386
10,99432527113718,-0.027101517,-0.23125601,0.07833958
4,99432530366218,0.015180019,0.041279,0.014114754
10,99432535312780,0.081330776,-0.06439829,0.077660084
4,99432540139239,-0.04474111,0.043942157,-0.0053263223
10,99432546888874,0.093786,-0.04882002,0.16139412
4,99432550133562,-0.09960223,0.0479369,-0.010918961
10,99432555333614,-0.045979023,-0.11748409,0.20712852
4,99432560185385,-0.120907515,0.043409526,0.0053263223
10,99432566665072,-0.14590514,-0.14471006,0.2665944
4,99432569908666,-0.08868326,0.041012682,0.017044231
10,99432575131426,-0.11876774,-0.1211853,0.3366909
4,99432579940489,-0.05832323,0.04926848,0.021038974
10,99432585074968,-0.14329803,0.042197227,0.39196444
4,99432588223510,-0.026631612,0.051132694,0.022370555
10,99432594702780,-0.23138225,0.17361593,0.41841078
4,99432599498926,-0.016511599,0.03834952,0.026897928
10,99432606213353,-0.38307893,0.11975813,0.42959738
2,99432609475801,-39.0,-7.0,17.0
10,99432614288353,-0.5093448,0.0025134087,0.48258305
4,99432619134603,-0.03834952,-0.02609898,0.022903185
10,99432625995853,-0.40952075,0.045909405,0.56302357
4,99432629246478,-0.013582122,-0.025033714,0.018109497
10,99432634414603,-0.43697608,0.123066425,0.656446
4,99432639171374,0.011185277,-0.021837922,0.033822145
10,99432645771583,-0.51313496,0.10020447,0.70748854
4,99432649009447,-0.0077231675,-0.04181163,0.05352954
10,99432654171791,-0.6102351,0.08859205,0.52490187
4,99432658951478,-0.037550572,-0.071106404,0.051132694
10,99432665563510,-0.5140147,0.09422159,0.44800425
4,99432668804239,-0.036485307,-0.084155895,0.036218993
10,99432673987207,-0.40159523,0.02828598,0.48935556
4,99432678839135,-0.026631612,-0.09161274,0.03222425
10,99432683964551,-0.42380035,-0.050403118,0.5925541
4,99432687115645,-0.02956109,-0.09667275,0.03195793
10,99432692650957,-0.46049035,-0.11434364,0.58831644
4,99432699134082,-0.048469532,-0.112918034,0.019441076
10,99432705441374,-0.51990104,-0.012273312,0.5466337
4,99432708689239,-0.040213734,-0.118776985,-0.0026631611
10,99432713509187,-0.49526954,-0.022943974,0.4838133
4,99432718276530,-0.030626353,-0.11265171,-0.014647386
10,99432724887780,-0.42405927,-0.0013127327,0.44922256
4,99432728147155,-0.01784318,-0.11558119,-0.021837922
10,99432733281270,-0.43455493,0.13079357,0.46836853
4,99432738120801,7.9894834E-4,-0.13129385,-0.036751624
10,99432744667937,-0.5039774,0.26558542,0.4313774
4,99432747917468,0.019441076,-0.13156016,-0.04873585
10,99432751681635,-0.40564096,0.28601265,0.36497927
4,99432758480228,0.020772656,-0.11797804,-0.0479369
10,99432764739030,-0.4035957,0.32243967,0.38856173
4,99432767991635,0.021038974,-0.083889574,-0.02263687
10,99432772720228,-0.35846448,0.30916548,0.34729004
4,99432777564916,0.018642128,-0.07829694,-0.011984225
10,99432782786166,-0.2596506,0.36876106,0.16761446
2,99432786075905,-38.0,-7.0,18.0
10,99432792593562,-0.16337442,0.3859706,0.16740322
4,99432797361114,0.01571265,-0.009321064,0.026897928
10,99432803998874,-0.13441396,0.36943722,0.2185173
4,99432807244551,0.018109497,0.01784318,0.055926383
10,99432812416999,-0.070067644,0.37004852,0.18082237
4,99432817172937,0.023702133,0.022903185,0.055926383
10,99432823767832,-0.06512451,0.39908934,0.13800907
4,99432827008718,0.03195793,0.0314253,0.052464273
10,99432832167312,0.012201071,0.27709723,0.15237522
4,99432837003249,0.035153728,0.04873585,0.056459017
10,99432843557207,0.016581535,0.2504568,0.16133547
4,99432846798874,0.046339005,0.048469532,0.052996907
10,99432851449343,-0.06275177,0.15659952,0.15100098
4,99432856227364,0.05219796,0.033023197,0.05006743
10,99432863326010,-0.113568544,0.092536926,0.14864254
4,99432866559760,0.023435818,0.016511599,0.051132694
10,99432871742676,-0.1863941,0.032526493,0.21458054
4,99432876568614,0.0058589545,0.0037284256,0.042876896
10,99432881694082,-0.23608553,0.05709839,0.4009843
4,99432884913301,0.008788432,-0.011717909,0.033289514
10,99432890512207,-0.3656435,-0.068119526,0.3273611
4,99432896793093,-0.005060006,-0.033289514,0.026365295
10,99432903106166,-0.40894043,-0.1660018,0.25263643
4,99432906357364,0.0018642128,-0.043675844,0.014647386
10,99432911191895,-0.3040688,-0.10554266,0.30407667
4,99432916031687,0.037550572,-0.046871636,-0.0034621095
10,99432922659968,-0.21708953,-0.05999279,0.24845362
4,99432925895697,0.047404267,-0.047137953,-0.0127831735
10,99432931050332,-0.303092,0.03295183,0.05618
4,99432935976322,0.019707393,-0.05219796,-0.013582122
10,99432942438874,-0.25175393,0.22554159,-0.017354012
4,99432945682207,-0.0039947415,-0.049534798,-0.021038974
10,99432950889968,-0.20982611,0.33538914,0.0055623055
4,99432955760489,-0.018908445,-0.033023197,-0.023435818
10,99432962221582,-0.20458114,0.23645067,0.04852295
2,99432965493926,-38.0,-6.0,18.0
10,99432970370332,-0.21753466,0.17333698,0.059296608
4,99432976224343,-0.057257965,-0.024767399,0.0061252704
10,99432981382207,-0.12248969,0.22535276,0.09409428
4,99432984547312,-0.048469532,-0.008255799,0.019441076
10,99432990265437,-0.05434227,0.27167463,0.101448536
4,99432995130489,-0.022104237,0.009054748,0.036218993
10,99433001765645,-0.031627417,0.1860156,0.11992216
4,99433005011062,-0.026897928,0.017310547,0.0561927
10,99433010188353,-0.047969818,0.07784653,0.117397785
4,99433015079187,-0.041545313,0.012516857,0.061519023
10,99433021569239,-0.04790163,0.039978027,0.16106033
4,99433024788405,-0.028495824,0.013848438,0.057790596
10,99433027574499,-0.038324833,0.004065037,0.15387821
4,99433035358353,-0.022104237,0.019707393,0.057257965
10,99433042097468,-0.119004965,0.036020756,0.17888403
4,99433045349082,-0.030360037,0.0058589545,0.06231797
10,99433048195280,-0.33448315,0.012078762,0.15733671
4,99433055171218,-0.048469532,-0.017310547,0.054328486
10,99433062753509,-0.31469798,0.0730629,0.17052507
4,99433066009030,-0.047670584,-0.030360037,0.030626353
10,99433070483457,-0.31480122,0.07733631,0.17352295
4,99433075401114,-0.03542004,-0.03222425,0.015978966
10,99433080507728,-0.42251122,0.081487656,0.23147488
4,99433083626426,-0.04261058,-0.03914847,0.019707393
10,99433087548301,-0.4512416,0.052757263,0.18598461
4,99433094705905,-0.053263225,-0.03701794,0.019707393
10,99433102277312,-0.2799679,0.18335152,0.12819195
4,99433105540801,-0.039414786,-0.020240024,0.013582122
10,99433108412416,-0.2799679,0.18335152,0.12819195
4,99433113330957,-0.032490566,-0.00958738,0.024234766
10,99433121720332,-0.30358648,0.27272797,0.108064175
4,99433124995020,-0.072970614,0.0018642128,0.046339005
10,99433127865593,-0.31795168,0.21766138,0.3091774
4,99433134169186,-0.10519487,2.663161E-4,0.071106404
10,99433141743718,-0.43700254,0.077334404,0.35479212
2,99433145046270,-39.0,-7.0,18.0
10,99433147047051,-0.44657934,-0.032798767,0.371552
4,99433154053718,-0.06391586,-0.009054748,0.1123854
10,99433160256739,-0.3326819,0.07083368,0.41306496
4,99433163466947,-0.007989483,0.0039947415,0.120907515
10,99433168513718,-0.28558254,0.20093822,0.4129424
4,99433173442364,0.0053263223,0.0061252704,0.12596752
10,99433178314447,-0.2543553,0.24795055,0.38577175
4,99433181569655,-0.015180019,0.0037284256,0.13369069
10,99433188195957,-0.2752385,0.2546196,0.36829472
4,99433193080280,-0.072970614,-0.0037284256,0.13289174
10,99433199351478,-0.3677938,0.2149229,0.47804546
4,99433202590905,-0.096939065,-0.0077231675,0.13928333
10,99433207972311,-0.42162526,-0.013017178,0.54215
4,99433212887989,-0.09187906,-0.007456851,0.16138756
10,99433219124186,-0.46836984,-0.14271784,0.4542117
4,99433222368666,-0.05912218,-0.00958738,0.18082865
10,99433227749186,-0.44458067,-0.2542944,0.49458027
4,99433232587520,-0.002396845,-0.010386328,0.18455707
10,99433238901947,-0.40925753,-0.17144108,0.44584227
4,99433242119239,0.045007423,-0.0031957934,0.18535602
10,99433247535176,-0.33353293,0.021960735,0.21930408
4,99433252316061,0.0396811,0.006924219,0.19281286
10,99433258677780,-0.3006096,0.075386524,0.18345594
4,99433261922259,-0.0018642128,0.016511599,0.19094865
10,99433267314603,-0.23627043,0.1432271,0.19717646
4,99433272101218,-0.041279,0.013582122,0.170176
10,99433277037572,-0.33931172,0.09413576,0.32537413
4,99433280459499,-0.040746365,0.004261058,0.14780544
10,99433286809030,-0.4122429,-0.011689186,0.4016924
4,99433291680697,-0.020506341,-0.00479369,0.128897
10,99433298234186,-0.4128313,-0.05899763,0.36500454
4,99433301481374,0.012516857,-0.010386328,0.11451593
10,99433306869134,-0.3342024,-0.010929108,0.29814816
4,99433311701374,0.031158986,-0.009321064,0.10359697
10,99433318011478,-0.330572,0.08453846,0.358706
2,99433321357988,-39.0,-3.0,17.0
10,99433326838509,-0.34716725,0.12918806,0.22281837
4,99433331611791,0.002396845,-0.028495824,0.07376956
10,99433337779030,-0.25429308,0.28018093,0.10036707
4,99433341000905,-0.057790596,-0.021837922,0.060453758
10,99433346446895,-0.15579939,0.3796358,0.04786253
4,99433351318822,-0.05672533,-0.011451593,0.06364955
10,99433357566947,-0.0785048,0.33174753,0.20914412
4,99433360822572,0.0031957934,-0.010652645,0.09081379
10,99433366201218,-0.09998524,0.29934072,0.2931404
4,99433370971009,0.06178534,-0.010652645,0.11957593
10,99433375981218,-0.034229755,0.3246169,0.31375074
4,99433379349082,0.10066749,0.0010652645,0.14674018
10,99433384882468,-0.012122631,0.39890575,0.3767929
4,99433391363718,0.11824436,0.014647386,0.17443706
10,99433397469134,-0.04208219,0.38822222,0.37125397
4,99433400675332,0.09321064,0.023702133,0.20772657
10,99433405947416,-0.021870375,0.33453465,0.25443363
4,99433410777676,0.051665325,0.025566347,0.24021713
10,99433416951791,0.05491972,0.22775412,0.20742369
4,99433420159499,0.008522116,0.02876214,0.26711506
10,99433425534134,0.08317244,0.013768196,0.19732952
4,99433430374759,-0.0063915867,0.029827405,0.28149614
10,99433436674759,0.117337465,-0.02854681,0.36058807
4,99433439882624,0.0039947415,0.021038974,0.283893
10,99433445319030,0.113016844,-0.059023857,0.35143995
4,99433450209186,-0.0031957934,0.014647386,0.27776772
10,99433456450957,0.13140714,0.034936905,0.20848465
4,99433459687832,-0.010120012,0.016511599,0.257794
10,99433465088822,0.17484832,0.076334,0.22395086
4,99433470718041,-0.004527374,0.012250541,0.22716765
10,99433475703197,0.09987402,-0.026070118,0.22761011
4,99433478808666,-0.008788432,-7.9894834E-4,0.1965413
10,99433485063978,-0.031439304,-0.1901474,0.25353765
4,99433489902988,-0.014114754,-0.020772656,0.17603496
10,99433495988249,-0.14995766,-0.22939253,0.22979403
2,99433499244186,-41.0,-3.0,18.0
10,99433504673718,-0.17206955,-0.2170291,0.31104088
4,99433509455020,0.016777916,-0.03435478,0.12783173
10,99433515778457,-0.29556978,-0.20422888,0.32642794
4,99433519014082,0.019441076,-0.04926848,0.1073254
10,99433524431738,-0.35851622,-0.17575979,0.26959038
4,99433529285853,0.004527374,-0.056991648,0.087618
10,99433535544186,-0.35156727,-0.11607075,0.3138113
4,99433538783718,-0.014913702,-0.063116916,0.06950851
10,99433544243822,-0.33205867,-0.098537445,0.33516788
4,99433549136270,-0.01917476,-0.07376956,0.04660532
10,99433555329395,-0.362028,-0.045165062,0.35682726
4,99433558576634,-0.0077231675,-0.08841695,0.034088463
10,99433563977207,-0.37252843,-0.01199007,0.32552862
4,99433568806947,-5.326322E-4,-0.09161274,0.034088463
10,99433573732728,-0.3814268,0.08483839,0.27214622
4,99433577131738,0.008522116,-0.094009586,0.03542004
10,99433583764759,-0.4331925,0.13436985,0.25332546
4,99433588623301,0.02130529,-0.101999074,0.037550572
10,99433594899186,-0.36888313,0.38840628,0.12363911
4,99433598104395,0.02876214,-0.094808534,0.046339005
10,99433603541165,-0.29028118,0.4001894,0.1397047
4,99433608403978,0.03169162,-0.08575379,0.050600063
10,99433614677207,-0.2889235,0.35648203,0.19098663
4,99433617922520,0.04873585,-0.06897587,0.062051654
10,99433623316738,-0.38257253,0.31671333,0.23136759
4,99433628269707,0.061519023,-0.05352954,0.08681905
10,99433634445957,-0.42770422,0.303257,0.15133715
4,99433637651270,0.072171666,-0.037550572,0.12516858
10,99433643086947,-0.36452425,0.3041582,0.116131306
4,99433647852624,0.0743022,-0.01784318,0.17310548
10,99433654239343,-0.3407091,0.33915377,0.046996593
4,99433657463249,0.070307456,-0.0013315806,0.21944448
10,99433662886165,-0.27609122,0.5246768,-0.006144047
4,99433667663770,0.0793622,0.002396845,0.252734
10,99433672621582,-0.19817829,0.59299946,0.033909798
2,99433676033145,-40.0,2.0,20.0
10,99433682812676,-0.15760446,0.54408026,0.03962946
4,99433687582988,0.021571605,0.0063915867,0.26365295
10,99433693795072,-0.1674751,0.3933034,0.16283035
4,99433697009655,-0.0058589545,2.663161E-4,0.2511361
10,99433702431270,-0.14796436,0.18281746,0.18290138
4,99433707254030,-0.0053263223,0.008255799,0.23595607
10,99433713568353,0.047966838,0.0150818825,0.255579
4,99433716806478,0.021038974,0.041279,0.23249397
10,99433722206843,0.10096705,-0.10839176,0.22378922
4,99433727033926,0.033289514,0.050600063,0.24474451
10,99433733352780,-0.05718708,-0.14798927,0.15576601
4,99433736594447,0.032756884,0.04447479,0.25086978
10,99433741986165,-0.053441763,-0.29869747,0.10095978
4,99433746814499,0.017044231,0.05352954,0.23915187
10,99433753121686,0.055256367,-0.3970003,0.25197697
4,99433756331374,0.03355583,0.07882957,0.19920446
10,99433761761582,0.0793823,-0.21967793,0.3017888
4,99433766589811,0.088150635,0.09773801,0.13289174
10,99433771538040,0.03442335,-0.150455,0.15134335
4,99433774907572,0.07669904,0.12010857,0.061252706
10,99433781666634,0.020352364,-0.27800512,-0.100110054
4,99433786606530,-0.009054748,0.14940333,-0.015180019
10,99433792734290,0.084601164,-0.19382286,0.13037157
4,99433795979134,-0.07456851,0.16271915,-0.11558119
10,99433801316842,0.11013889,-0.07050657,0.27083445
4,99433806135280,-0.0628506,0.1438107,-0.21544974
10,99433812490645,0.10840678,-0.68719244,0.16503525
4,99433815997988,-0.034621093,0.14567491,-0.257794
10,99433821127259,0.09426415,-1.2658076,0.15799713
4,99433826032311,0.066046394,0.16005598,-0.24607609
10,99433832277780,0.02308917,-1.1995769,0.32429886
4,99433835528926,0.20293288,0.18455707,-0.20879184
10,99433838397103,-0.005641222,-0.7662263,0.32669258
4,99433846242520,0.23782028,0.21172132,-0.17496969
10,99433853791895,0.027335763,-0.14772797,0.12368584
2,99433857077363,-42.0,4.0,19.0
10,99433861477884,-0.0110628605,0.31162977,0.13623285
4,99433866314967,0.039414786,0.2034655,-0.21225394
10,99433871339186,-0.065300465,0.33605337,0.07554531
4,99433874502936,-0.066312715,0.17230652,-0.2615224
10,99433877707624,-0.0030511618,0.07269144,0.19764948
4,99433885818926,-0.07829694,0.14833808,-0.29987195
10,99433893359759,-0.08459616,-0.17545366,0.53468466
4,99433896613613,-0.014114754,0.12623383,-0.29348037
10,99433901502415,-0.16041696,-0.30770636,0.68538284
4,99433906381999,0.06684534,0.12650016,-0.2660498
10,99433912485645,-0.09400797,-0.03194523,0.8441911
4,99433915709186,0.11957593,0.128897,-0.2511361
10,99433918505905,-0.15146875,0.44450092,0.9375653
4,99433925455957,0.13502227,0.1107875,-0.24048345
10,99433933070905,-0.30499685,0.50908613,0.65757036
4,99433936333353,0.07856325,0.09054748,-0.22743396
10,99433939205332,-0.30499685,0.50908613,0.65757036
4,99433944153301,0.037284255,0.06684534,-0.21704763
10,99433952368197,-0.28109837,0.56737804,0.6246996
4,99433955650592,0.06684534,0.0479369,-0.20133498
10,99433958416322,-0.22363758,0.60807943,0.45710564
4,99433965301738,0.07483483,0.042077947,-0.180296
10,99433971657676,-0.24733448,0.41129923,0.29146385
4,99433974765436,0.047670584,0.046072688,-0.15845808
10,99433977534499,-0.19226778,0.39214563,0.35610676
4,99433984702363,0.047670584,0.043675844,-0.15180019
10,99433990998509,-0.12881804,0.39067173,0.2962737
4,99433994272988,0.08229168,0.057257965,-0.14460965
10,99433998949030,-0.12258685,0.36507463,0.11656904
4,99434003879290,0.09321064,0.071106404,-0.14807177
10,99434010412207,-0.089013815,0.3784032,0.009678841
4,99434013646009,0.113983296,0.2181129,-0.12170646
10,99434018877155,-0.010753036,0.11210537,0.018005371
4,99434023868561,0.05965481,0.3174488,-0.080960095
10,99434030197780,-0.3076049,0.16640377,0.3519945
2,99434033423717,-41.0,4.0,20.0
10,99434038284447,-0.865235,0.23313284,1.0864735
4,99434043185801,-0.16058862,0.8048073,0.34914044
10,99434049998457,-1.1585884,0.012550831,1.1611886
4,99434053229238,-0.15765914,0.8815063,0.6601977
10,99434058420853,-1.547524,-0.1294117,0.8749428
4,99434063279342,-0.08655274,0.78296936,0.88949585
10,99434068419447,-1.2965986,0.3628769,0.4628601
4,99434071554186,0.14221281,0.5363607,0.8396947
10,99434078012728,-0.9664815,2.183381,-0.033310413
4,99434082941947,0.48735848,0.20080236,0.41918156
10,99434089534655,-1.3368691,2.1837366,0.33982658
4,99434092776426,0.056459017,-0.20612867,-0.10173275
10,99434097539655,-2.1544642,1.8715708,-0.47535658
4,99434102317780,-0.6215818,-0.5387575,-0.43675843
10,99434109325280,-2.2442412,2.4620056,-0.19313335
4,99434112554759,-0.8676579,-0.69961244,-0.51478904
10,99434117757467,-2.2136047,1.2686286,-0.26974583
4,99434122599707,-0.8748484,-0.8498147,-0.43382895
10,99434129070749,-2.0626686,-0.25423098,-0.3306017
4,99434132305176,-0.49055427,-1.0796455,-0.36139098
10,99434137353301,-2.1600893,-1.5282393,0.8741703
4,99434142131582,0.124902256,-1.4210628,-0.27643612
10,99434148844967,-2.2633104,-1.2911282,1.0228271
4,99434152065801,0.7755125,-1.6687368,-0.09241169
10,99434157322519,-1.334043,0.7097397,0.3099599
4,99434162019342,1.1630025,-1.6663399,0.1073254
10,99434167204603,-0.45340705,0.95038366,-0.09959793
4,99434171121269,0.8293084,-1.3685985,0.34248254
10,99434176947624,0.21598434,0.3089261,0.48056555
4,99434181719811,0.10652645,-0.96086854,0.65007764
10,99434188400957,-0.023218036,0.6864543,1.3032641
4,99434191638092,-0.19228023,-0.64075655,0.9917612
10,99434196730436,0.276649,0.7218089,1.0904074
4,99434201570176,-0.2591256,-0.37470677,1.2197278
10,99434208207519,1.9053541,0.8604603,0.62964106
2,99434211461738,-39.0,4.0,23.0
10,99434216176634,2.3568096,0.33251524,-0.20898533
4,99434221073926,-0.17630127,0.114782244,1.179514
10,99434227998978,1.6875297,-0.86118555,-0.7740798
4,99434231213613,-0.09773801,0.381631,1.3166668
10,99434236480801,1.8972651,-0.5521145,-1.2192302
4,99434241246321,0.13448964,0.7257114,1.2719258
10,99434247774655,2.9279184,0.4062891,-2.439117
4,99434251027051,0.2942793,0.892159,0.78589886
10,99434256251217,1.6379045,0.031196594,-0.40587854
4,99434261064030,0.039414786,0.4926848,0.17443706
10,99434266229707,-1.0268843,-2.610098,0.4218459
4,99434269362571,-0.54248595,-0.08282431,-0.27696875
10,99434275822519,-0.7485499,-4.1603036,1.5163908
4,99434280649603,-0.4857606,-0.29001826,-0.47564057
10,99434287336790,-0.69257206,-5.178936,2.561541
4,99434290585280,0.07350325,-0.3371562,-0.41944787
10,99434295636894,-0.9513537,-5.069213,2.1073456
4,99434300446738,0.6362292,-0.3898868,-0.2806972
10,99434307088092,-0.07320058,-2.6193953,0.83933926
4,99434310331686,0.9502159,-0.39441416,-0.216515
10,99434315537415,0.59483635,0.55149126,-0.57748365
4,99434320382103,0.82344943,-0.38589206,-0.27004454
10,99434326873769,0.5651003,2.1421347,-1.9670196
4,99434330106790,0.21837921,-0.41545314,-0.39574575
10,99434335366061,0.41177845,1.9582527,-1.8430338
4,99434340134655,-0.49614692,-0.48389637,-0.5502091
10,99434346654655,0.24192071,0.8190274,-1.0296979
4,99434349891269,-0.71798825,-0.46552056,-0.6849651
10,99434355139342,0.18395996,-0.45384884,0.38106823
4,99434359937519,-0.45486793,-0.34301516,-0.73290193
10,99434365030853,-0.2908504,-1.4268594,0.7866545
4,99434368228092,-0.2711098,-0.26711506,-0.70840085
10,99434374713509,-0.50394845,-0.9853234,0.5839114
4,99434379475280,0.2657835,-0.051665325,-0.55287224
10,99434386181374,-0.313195,0.1194787,0.09932995
2,99434389445228,-36.0,11.0,23.0
10,99434394280749,-0.32653928,0.7822232,-0.47111177
4,99434399129603,0.4316984,0.08841695,-0.39388153
10,99434405955957,-0.18670833,1.2885294,-0.74568844
4,99434409192676,0.16165388,0.18162759,-0.283893
10,99434414466582,-0.034843445,1.7379787,-0.67548513
4,99434419260801,0.066046394,0.21731395,-0.25752768
10,99434425759655,0.058135986,1.8284757,-0.46548557
4,99434428998613,-0.16911073,0.31798145,-0.15073492
10,99434434202676,0.008132935,1.6763134,-0.13622141
4,99434438980540,-0.20746025,0.34807515,-0.103863284
10,99434445529707,-0.014301062,1.4828691,0.06720686
4,99434448768613,-0.14833808,0.40373522,5.326322E-4
10,99434453778561,-0.10615826,1.1744881,0.038985252
4,99434458614186,-0.0777643,0.42237735,0.013582122
10,99434463871686,-0.04560554,1.1609282,-0.063622475
4,99434467116217,0.038083203,0.48309743,0.04234426
10,99434472121061,-0.039941072,1.1945534,-0.056085587
4,99434472121061,0.070307456,0.50839746,0.063116916
4,99434477710228,0.08575379,0.5278385,0.07590009
4,99434486885228,0.09560748,0.5438175,0.06924219
10,99434491919082,-0.1027683,1.1008892,0.39374924
4,99434497515123,0.091080114,0.5028048,0.05486112
10,99434503462363,-0.63752425,0.6091957,0.1754322
4,99434506707207,0.07163903,0.40240365,0.07563378
10,99434511679498,-1.0342256,-0.06008339,0.17954206
4,99434519352051,0.076965354,0.30120352,0.100933805
10,99434525660071,-0.8644608,-0.21325588,0.3844242
4,99434528880071,0.15446335,0.2396845,0.08362326
10,99434533315332,-0.7723438,0.08406353,0.79145813
4,99434538085748,0.15579493,0.21731395,0.07643273
10,99434544399863,-0.88401324,0.036928177,0.8881793
4,99434547643613,0.07962852,0.12916331,0.05885586
10,99434552777415,-0.99806327,-0.10067797,0.9227886
4,99434557598040,-0.016245283,0.03009372,0.0055926386
10,99434562816998,-0.72154564,-0.18901968,0.76820755
2,99434566006478,-39.0,6.0,22.0
10,99434572629498,-0.4069885,-0.19988012,0.5420475
4,99434577431894,-0.004527374,-0.05832323,-0.105993815
10,99434583971842,-0.20428455,-0.156456,0.38770533
4,99434587203717,0.087618,-0.09081379,-0.12197278
10,99434592398196,0.060918212,-0.17949963,0.33041906
4,99434597188353,0.09853696,-0.06711166,-0.1454086
10,99434603742623,0.17394257,-0.34514332,0.5413022
4,99434606978769,2.663161E-4,0.06578008,-0.12250541
10,99434612109915,0.12986255,-0.47216415,0.79820013
4,99434616926530,-0.13209279,0.36139098,0.03568636
10,99434623542676,0.052969575,-0.7087574,1.1072578
4,99434626789915,-0.29001826,0.75420725,0.36005938
10,99434631933248,-0.005006075,-0.83123827,1.4653335
4,99434636698196,-0.3571299,1.0410297,0.7214503
10,99434643298509,-0.13516772,-0.85943174,1.7493339
4,99434646531634,-0.2511361,1.0721886,1.0388992
10,99434651718821,-0.53146696,-1.135478,2.0066118
4,99434656493925,0.025033714,0.80081254,1.2357068
10,99434661625748,-0.6704142,-0.78586483,0.86393833
4,99434664888144,0.52597433,0.42290998,0.98137486
10,99434668797050,-0.86195034,-0.9103632,2.6643772
4,99434676915123,0.18908444,-0.101999074,0.27084348
10,99434684524030,-2.0248516,-0.87120295,1.7815008
4,99434687780748,-0.67537767,-0.52837116,-0.3289004
10,99434692327936,-2.0762684,-0.81306696,1.8286786
4,99434697110228,-1.0934939,-0.6442187,-0.49028796
10,99434703552571,-1.7019916,-0.93905306,1.0695829
4,99434706800384,-1.0620687,-0.6601977,-0.4498079
10,99434709614498,-0.4450357,-2.1409426,-0.010202408
4,99434716583717,-0.45513424,-0.6695187,-0.44554687
10,99434724203300,0.7772784,-1.4357543,-0.5992384
4,99434727454238,0.3323625,-0.6079997,-0.52411014
10,99434732012155,0.6912472,-1.4692364,-0.60832167
4,99434736780436,0.49774483,-0.5680523,-0.6402239
10,99434743128457,-0.05468619,1.0046473,-2.4901686
2,99434746389759,-35.0,8.0,21.0
10,99434748464082,0.27092528,2.1658354,-2.2938442
4,99434756433300,-0.27537087,-0.6061355,-0.84022737
10,99434762853248,0.59580684,1.8544278,-1.8805184
4,99434767169238,-0.48842376,-0.49614692,-0.8594021
10,99434770886321,0.3880192,0.6071377,-1.3859458
4,99434775726269,-0.46685216,-0.386691,-0.76912093
10,99434782041582,0.095559835,-0.15024471,-0.7066417
4,99434785282363,-0.16751283,-0.29960564,-0.6332997
10,99434788147675,0.3301916,-0.35135746,-0.6443925
4,99434795593925,0.14833808,-0.17337179,-0.51026165
10,99434803227311,0.62798476,0.10886097,-0.92290926
4,99434806480957,0.28309402,-0.027164243,-0.38908786
10,99434808729082,0.62798476,0.10886097,-0.92290926
4,99434814336530,0.2841593,0.03542004,-0.3291667
10,99434821128873,0.5773864,1.842689,-1.1736541
4,99434824444655,0.058056913,0.13954964,-0.17949706
10,99434829782884,0.46684456,1.897814,-1.2122788
4,99434834618925,-0.050600063,0.1571265,-0.14727281
10,99434840410384,0.45159006,1.869446,-1.0300889
4,99434843821530,-0.18748654,0.18855181,-0.11504856
10,99434849517832,0.2580943,1.5123854,-0.8084259
4,99434854387311,-0.2146508,0.23702134,-0.081226416
10,99434859320332,0.11109948,1.2934041,-0.72793865
4,99434862661165,-0.23542345,0.2711098,-0.010918961
10,99434869283977,-0.1412785,1.1985536,-0.28218699
4,99434874176321,-0.17550232,0.26977822,0.048469532
10,99434880432780,-0.19151866,0.9865341,0.2753482
4,99434883682259,-0.0793622,0.2545982,0.09054748
10,99434889100592,-0.817909,-0.071410656,0.6447978
4,99434893982936,-0.00479369,0.22929817,0.14807177
10,99434900215748,-1.0069517,-0.38120937,0.72688246
4,99434903462519,0.08069378,0.23329292,0.19867182
10,99434908836061,-1.1723673,-0.5520582,0.89071846
4,99434913750957,0.17816548,0.2625877,0.2213087
10,99434920002727,-1.211587,-0.35813618,1.0497241
2,99434923269186,-34.0,1.0,20.0
10,99434928742519,-1.102285,-0.14686298,1.0389581
4,99434933639290,0.122771725,0.25220135,0.15233281
10,99434939763457,-1.0048721,0.12874222,1.0909715
4,99434942983248,-0.05006743,0.20266657,0.07669904
10,99434948414759,-1.0724881,0.120818615,1.1001029
4,99434953300175,-0.22743396,0.14647387,0.036218993
10,99434958228509,-1.2244956,-0.16439438,1.1716309
4,99434961548977,-0.2894856,0.09374327,0.0034621095
10,99434967094759,-1.1317327,-0.36769485,1.2815084
4,99434973566790,-0.21012342,0.06977482,-0.031158986
10,99434979621373,-0.90676284,-0.371768,1.2174573
4,99434982865488,-0.06364955,0.06471482,-0.050600063
10,99434988033717,-0.7261841,-0.25809765,1.1601439
4,99434992931217,0.04447479,0.034621093,-0.05965481
10,99434999102519,-0.5736332,0.014251232,1.0978065
4,99435002346165,0.076166406,-0.010918961,-0.06524745
10,99435007721582,-0.50715876,0.19580364,0.9541235
4,99435012492311,0.022370555,-0.04660532,-0.058589544
10,99435018882675,-0.5108073,0.2845664,0.78220415
4,99435022098665,-0.031158986,-0.070307456,-0.03542004
10,99435027492936,-0.44462228,0.23079872,0.564785
4,99435031427936,-0.054062173,-0.06364955,0.004527374
10,99435038649967,-0.20597446,0.20149517,0.60566807
4,99435041900280,-0.011451593,-0.047404267,0.04181163
10,99435047289811,-0.08890581,0.27934074,0.91425514
4,99435052069446,0.06737798,-0.08175905,0.047137953
10,99435057018561,-0.10428333,0.23215389,0.86238813
4,99435060435332,0.07376956,-0.11851067,0.0314253
10,99435066721373,-0.09019494,0.26933765,0.6880059
4,99435071572675,0.03355583,-0.12676647,0.02263687
10,99435078215332,-0.09499717,0.36581945,0.6758714
4,99435081422102,-0.009321064,-0.12144015,0.037550572
10,99435086842832,-0.12743199,0.2845416,0.6426244
4,99435091632102,-0.0479369,-0.11744541,0.064182185
10,99435097995800,-0.11977303,0.22175694,0.5880513
2,99435101254238,-37.0,1.0,17.0
10,99435106749186,-0.045601606,0.20734978,0.5165534
4,99435111589394,-0.06018744,-0.13662016,0.06178534
10,99435117754707,-0.08942032,0.1595087,0.47880793
4,99435120963561,-0.033289514,-0.15020229,0.062051654
10,99435126396738,-0.08435869,0.06325388,0.29735756
4,99435131211894,-0.002396845,-0.1486044,0.06764429
10,99435137544707,-0.017753601,0.09185028,0.16008711
4,99435140785644,0.034088463,-0.12809806,0.06578008
10,99435146175488,0.0065928698,0.2513199,0.06337929
4,99435150938561,0.0644485,-0.104928546,0.061519023
10,99435155944342,-0.02246809,0.30273342,0.005010128
4,99435159330436,0.05566007,-0.09427591,0.05885586
10,99435165686998,0.004249811,0.26785946,0.020625591
4,99435170524967,0.025300032,-0.08229168,0.05539375
10,99435177104446,-0.016026497,0.20652628,0.073615074
4,99435180343665,0.0026631611,-0.063116916,0.054594804
10,99435185739811,-0.1061753,0.16424417,0.029659271
4,99435190552363,-0.002130529,-0.025566347,0.08016115
10,99435196868352,-0.17285478,0.20429802,0.06676531
4,99435200075540,0.015446335,0.013582122,0.11611383
10,99435205498144,-0.22420526,0.20520449,0.18808794
4,99435210319602,0.025832662,0.023702133,0.13795175
10,99435216658196,-0.26495326,0.1480403,0.27224302
4,99435219907832,0.0314253,0.013582122,0.14274544
10,99435225285696,-0.3835076,0.117060184,0.31531572
4,99435230113457,0.032490566,0.006924219,0.14168017
10,99435236425852,-0.4214847,0.13831568,0.32236814
4,99435239674863,0.042876896,-0.004261058,0.14567491
10,99435245076165,-0.48569047,0.1944747,0.36936998
4,99435249935957,0.04873585,-0.0063915867,0.15313177
10,99435254895227,-0.5583228,0.16919279,0.38017845
4,99435258206477,0.03488741,-0.017576864,0.17124127
10,99435263725644,-0.5660707,0.1381979,0.43991375
4,99435270210488,0.013582122,-0.04447479,0.1736381
10,99435276263665,-0.60268056,0.16061544,0.43373632
2,99435279522415,-37.0,2.0,18.0
10,99435283243613,-0.6559888,0.24627352,0.42946863
4,99435288858300,0.041012682,-0.09134643,0.14434333
10,99435295529915,-0.68717515,0.19698668,0.43935013
4,99435298725540,0.034088463,-0.1222391,0.13688648
10,99435304098717,-0.7521608,0.13200998,0.42188454
4,99435308682467,0.0127831735,-0.14966966,0.12783173
10,99435315260279,-0.7151481,0.21604824,0.4271388
4,99435318354602,0.010386328,-0.16644756,0.12144015
10,99435323666686,-0.63207483,0.2405467,0.3636055
4,99435329043509,0.005060006,-0.16911073,0.12516858
10,99435335063404,-0.5660207,0.21564817,0.30556583
4,99435338153092,-0.01571265,-0.16937704,0.12516858
10,99435343706634,-0.55096316,0.22632694,0.27313757
4,99435349333040,-0.03169162,-0.18908444,0.11638014
10,99435354118300,-0.5027878,0.2334156,0.19194794
4,99435357105175,-0.041279,-0.1898834,0.10892329
10,99435363473352,-0.37458754,0.26908398,0.103797436
4,99435368078717,-0.025832662,-0.16937704,0.1073254
10,99435374614029,-0.22711205,0.36019516,0.07639885
4,99435377693300,-0.016777916,-0.14567491,0.11504856
10,99435383259550,-0.042928457,0.42713642,0.012748718
4,99435387862675,-0.03435478,-0.12010857,0.12144015
10,99435394396165,0.0763067,0.4335041,0.026467323
4,99435397490644,-0.047670584,-0.09560748,0.13528858
10,99435403458092,0.059871435,0.3298211,0.019724369
4,99435408142467,-0.058589544,-0.06870956,0.15792546
10,99435414174029,0.108243465,0.18646622,-0.027543545
4,99435417254550,-0.036218993,-0.03435478,0.17443706
10,99435422811165,0.24560606,0.09474993,0.017160892
4,99435427413144,0.0039947415,7.9894834E-4,0.18242654
10,99435433987988,0.33293295,-0.080494404,-0.009747028
4,99435437072311,0.032756884,0.013315806,0.17630127
10,99435442591529,0.27952528,-0.15398693,-0.03765583
4,99435448129602,0.035153728,0.016245283,0.16218652
10,99435452918144,0.2517804,-0.20842075,-0.0726552
2,99435456012311,-35.0,8.0,18.0
10,99435462411009,0.26244378,-0.22789097,0.011332035
4,99435467089029,0.050600063,0.024234766,0.12942964
10,99435473510488,0.24827254,-0.22255564,0.10157347
4,99435476593144,0.06578008,0.014647386,0.10839066
10,99435480515592,0.15250456,-0.27762222,-0.008559704
4,99435486363977,0.0644485,0.004261058,0.083090626
10,99435495005488,0.16136765,-0.24484634,-0.093841076
4,99435498281269,0.062051654,7.9894834E-4,0.05273059
10,99435503139290,0.12680233,-0.21238136,-0.06804228
4,99435507921998,0.043942157,-0.0031957934,0.024234766
10,99435513986738,0.09061611,-0.20991516,-0.021891594
4,99435517230592,0.01571265,-0.03089267,-0.0077231675
10,99435520089602,0.03317046,-0.27215385,0.18161964
4,99435527325852,0.005060006,-0.055127434,-0.034621093
10,99435534864706,-0.08975637,-0.34555578,0.23722029
4,99435538129029,0.002130529,-0.060720075,-0.0396811
10,99435543092519,-0.19407916,-0.24997711,0.22174072
4,99435547865540,0.03089267,-0.046072688,-0.020772656
10,99435552801894,-0.23479712,-0.1803379,0.3074231
4,99435555901008,0.060720075,-0.040746365,-7.9894834E-4
10,99435560016008,-0.14142334,-0.07978153,0.3289714
4,99435566899029,0.035952676,-0.037284255,0.0034621095
10,99435574442571,-0.19791532,0.058274746,0.27598524
4,99435577705123,-0.010386328,-0.05273059,2.663161E-4
10,99435580495696,-0.4205761,0.08700514,0.32865763
4,99435586349029,-0.03568636,-0.07829694,-0.0026631611
10,99435593963404,-0.4567381,0.0016465187,0.29864693
4,99435597231842,-0.043942157,-0.09241169,-0.012516857
10,99435600074394,-0.5094105,0.0016465187,0.28667545
4,99435606246061,-0.033289514,-0.09933591,-0.015180019
10,99435612528977,-0.5319121,0.043842316,0.17119884
4,99435615735331,-0.017310547,-0.105727494,-0.014913702
10,99435620636946,-0.48789024,0.15633535,0.3108983
4,99435625550748,-0.0055926386,-0.10892329,-0.019441076
10,99435632177311,-0.47833204,0.11141157,0.33456278
2,99435635435644,-37.0,11.0,17.0
10,99435640447727,-0.55797696,0.062554836,0.36682177
4,99435645408404,0.014913702,-0.116912775,-0.04873585
10,99435650534758,-0.54750144,0.11794424,0.32425022
4,99435653760540,0.017310547,-0.11105382,-0.040746365
10,99435660193613,-0.5560776,0.11865568,0.22449493
4,99435665106581,7.9894834E-4,-0.10359697,-0.024767399
10,99435671731425,-0.53711784,0.25912428,0.12033653
4,99435674948352,0.0058589545,-0.10439592,-0.0314253
10,99435680070383,-0.47024822,0.23477459,0.19602585
4,99435684991477,0.015180019,-0.10466223,-0.037284255
10,99435691506165,-0.4239229,0.19512272,0.15405464
4,99435694751946,0.036218993,-0.098004326,-0.046339005
10,99435699929342,-0.3942567,-0.10303736,0.12408161
4,99435704876998,0.038083203,-0.08442221,-0.0727043
10,99435711239029,-0.4057237,-0.07711029,0.21040773
4,99435714542363,0.021837922,-0.079095885,-0.076166406
10,99435719740436,-0.35575962,0.083722115,-0.121421814
4,99435724638717,-0.032756884,-0.08841695,-0.07190535
10,99435731058769,-0.30915236,0.211905,-0.16326475
4,99435734332206,-0.082558,-0.11744541,-0.1371528
10,99435739456790,-0.03737223,0.22644567,-0.38733625
4,99435744311581,-0.16777915,-0.14354439,-0.24234766
10,99435749441113,-0.0057559013,0.039787292,-0.36161566
4,99435752656373,-0.21438447,-0.16538231,-0.30386668
10,99435759091425,-0.13863981,-0.32976246,0.06800985
4,99435763939863,-0.15233281,-0.18908444,-0.3174488
10,99435770604758,-0.1796447,-0.7619457,0.6038604
4,99435773846790,0.0013315806,-0.1818939,-0.3139867
10,99435779094081,-0.13906646,-0.97256565,0.97374964
4,99435784054810,0.19627498,-0.1403486,-0.28549087
10,99435790357102,-0.11876774,-0.8846946,1.0727739
4,99435793602623,0.36085832,-0.040746365,-0.20266657
10,99435798765696,0.060844183,-0.5114455,0.9700527
4,99435803745592,0.4876248,0.06258429,-0.10652645
10,99435810202206,0.14267302,-0.07243681,0.8321543
2,99435813460071,-36.0,12.0,17.0
10,99435818201633,0.3191173,0.3339305,0.3207121
4,99435823009446,0.3603257,0.14434333,-0.021837922
10,99435829940540,0.42911887,0.7442374,0.11983442
4,99435833174706,0.22503711,0.16192019,5.326322E-4
10,99435838290748,0.3749044,0.9555893,0.1476593
4,99435843207571,0.11824436,0.1818939,0.040213734
10,99435848358508,0.31493092,0.83013296,0.18679333
4,99435851520592,0.077231675,0.1949434,0.0892159
10,99435857967727,0.25775886,0.5110302,0.30415678
4,99435862857467,0.14674018,0.18562233,0.10279802
10,99435869273560,0.2527809,0.19004536,0.5609751
4,99435872497258,0.27696875,0.15739283,0.07829694
10,99435877756373,0.19552779,-0.1269865,0.6115885
4,99435882603248,0.4079963,0.12916331,0.042876896
10,99435889301894,0.12040758,-0.2694893,0.5461645
4,99435892538456,0.520648,0.11824436,0.020506341
10,99435897489498,0.123940945,-0.21154404,0.52955437
4,99435902343196,0.59601545,0.122771725,0.017044231
10,99435909068769,0.11025286,-0.16268206,0.33638382
4,99435912278925,0.603206,0.12623383,0.011984225
10,99435917274238,0.053752422,-0.015789509,0.19209242
4,99435922112519,0.5605954,0.12916331,-0.0013315806
10,99435928817310,0.120652914,0.09188318,0.19076061
4,99435932061165,0.49428272,0.13448964,-0.023702133
10,99435937047519,0.18151164,0.07477379,0.14762497
4,99435942776217,0.39947417,0.14327806,-0.039947417
10,99435947849915,0.04700041,0.06164837,0.24761105
4,99435950953144,0.31505197,0.14274544,-0.040213734
10,99435955941425,-0.17382789,-0.07302666,0.3786354
4,99435962460956,0.2580603,0.14594123,-0.03781689
10,99435968737779,-0.2265166,-0.27957106,0.1862812
4,99435971986269,0.19228023,0.1635181,-0.045540057
10,99435976666633,-0.18293536,-0.19646263,0.092713356
4,99435981502675,0.16538231,0.17550232,-0.055127434
10,99435988153092,-0.207847,-0.14698267,0.20394993
2,99435991411581,-34.0,13.0,14.0
10,99435996036112,-0.2957971,-0.3145504,0.25313377
4,99436001001633,0.18668759,0.17230652,-0.00479369
10,99436007927935,-0.2410376,-0.42954493,0.43842793
4,99436011178040,0.23568976,0.17337179,0.015978966
10,99436016388456,-0.24710894,-0.4207759,0.5233002
4,99436021204394,0.3358246,0.1898834,0.047404267
10,99436027685435,-0.26253498,-0.3953061,0.6006861
4,99436030907623,0.4098605,0.21385184,0.10759171
10,99436036201112,-0.37077463,-0.34970713,0.5677662
4,99436040869133,0.42344263,0.23036344,0.1438107
10,99436046070383,-0.40558445,-0.14160252,0.5678892
4,99436049315592,0.42876893,0.2593919,0.21438447
10,99436055754029,-0.3831923,-0.026645184,0.52437496
4,99436060595383,0.40187103,0.27856666,0.26045716
10,99436067264081,-0.22978866,0.47482252,0.2636032
4,99436070498144,0.3187804,0.27137613,0.25859293
10,99436075636581,-0.28040504,0.8329706,0.08872414
4,99436080453508,0.27563718,0.25086978,0.23382555
10,99436087045904,-0.3171736,0.9093232,0.086128235
4,99436090276633,0.114782244,0.13289174,0.09427591
10,99436094133769,-0.40285957,0.622982,0.31115055
4,99436099571008,0.06711166,0.09534117,0.051132694
10,99436106618092,-0.4464774,0.38638878,0.38526154
4,99436109816685,0.019441076,0.040746365,0.016245283
10,99436114842050,-0.65199685,-0.07865715,0.45044136
4,99436120209550,0.043675844,0.022370555,0.04261058
10,99436126339133,-0.5707029,-0.060008526,0.3108406
4,99436129430644,0.08655274,0.080960095,0.10519487
10,99436134617362,-0.369668,0.1906023,0.30760384
4,99436140633665,0.13129385,0.11105382,0.19307919
10,99436145605748,-0.5970433,0.19761086,0.60167885
4,99436148559237,0.18508969,0.052464273,0.20026971
10,99436154396008,-0.38595295,-0.23575687,0.7717867
4,99436159767831,0.22264028,-0.02609898,0.1107875
10,99436165942050,-0.25671732,-0.5382743,0.77437687
2,99436169039914,-31.0,11.0,13.0
10,99436174162779,-0.37266123,-0.44426203,0.55736923
4,99436179521789,0.2727077,-0.071106404,-0.09853696
10,99436185676060,-0.35749972,0.07927036,0.22911835
4,99436188772571,0.23728766,-0.048203215,-0.16298546
10,99436193949862,-0.32892942,0.42439938,-0.23805428
4,99436198627779,0.12357068,-0.024234766,-0.1834918
10,99436205459654,-0.3578683,0.49845457,-0.17129707
4,99436208548196,0.0396811,-0.0314253,-0.14940333
10,99436213761112,-0.42859828,0.2660761,0.057379723
4,99436218411164,0.043675844,-0.026365295,-0.119043306
10,99436225262571,-0.29014885,0.025368214,0.26608658
4,99436228361946,0.059388492,-0.024234766,-0.12650016
10,99436233505435,-0.3175776,0.35609388,0.24909401
4,99436239552935,0.12250541,-0.035153728,-0.1387507
10,99436244531217,-0.31667435,0.8648591,-0.13482189
4,99436247489185,0.1768339,-0.020506341,-0.12809806
10,99436253272883,-0.14582086,0.8857074,-0.3502283
4,99436258645123,0.15845808,0.019707393,-0.06897587
10,99436264796737,-0.16831839,0.7307286,-0.1340704
4,99436267882727,0.11957593,0.027963191,0.0077231675
10,99436273052519,-0.245857,0.64949465,-0.03325081
4,99436277702779,0.091080114,0.014114754,0.02956109
10,99436284568977,-0.11588788,0.68494177,-0.029429436
4,99436287652571,0.08282431,0.018375812,0.019973708
10,99436291656633,-0.23731554,0.6225152,0.115345
4,99436297479342,0.092145376,0.019707393,0.02396845
10,99436304659914,-0.34747696,0.4531598,0.2319994
4,99436308028352,0.09534117,0.011717909,0.013848438
10,99436310938873,-0.17270029,0.20655727,0.227211
4,99436318422675,0.07376956,0.013315806,-0.020506341
10,99436325978717,-0.19965398,0.15311146,0.026330948
4,99436329247571,0.07856325,-0.0055926386,-0.047404267
10,99436333640539,-0.31027782,0.028546333,-0.12901592
4,99436338401685,0.08069378,-0.019707393,-0.042876896
10,99436343468300,-0.29265964,-0.1243453,-0.20730782
2,99436346595331,-27.0,10.0,13.0
10,99436349893456,-0.14421785,-0.07645607,-0.05647278
4,99436357991060,0.15313177,5.326322E-4,-0.04527374
10,99436365527310,-0.21985757,0.07812977,-0.06289196
4,99436368779133,0.20852552,0.0031957934,-0.041545313
10,99436373226060,-0.24307346,0.2592125,-0.07113838
4,99436378083300,0.22077605,0.009054748,-0.013848438
10,99436384335487,-0.24743307,0.44119835,0.40177917
4,99436387568716,0.28016454,0.012250541,0.014114754
10,99436390428769,-0.17321289,0.48429394,0.634017
4,99436397712623,0.22450449,0.0013315806,0.036485307
10,99436405323873,-0.11720574,0.66625214,0.335083
4,99436408549654,0.0793622,0.03781689,0.08735169
10,99436411473873,-0.11720574,0.66625214,0.335083
4,99436416306581,-0.05539375,0.1387507,0.15180019
10,99436423697883,0.2615043,0.22198343,0.16078186
4,99436427538821,-0.23222765,0.2695119,0.25246766
10,99436432454446,-0.14571989,-0.33809614,1.0805302
4,99436437248248,-0.22077605,0.2580603,0.32650355
10,99436443595279,-0.58405995,-1.1734838,1.8518543
4,99436446701946,-0.16724652,0.14594123,0.22903186
10,99436449482258,-0.2153529,-1.6954198,1.9045267
4,99436456867831,-0.13981596,0.094808534,0.15153387
10,99436462957623,-0.2580583,-1.4417448,1.9073496
4,99436466208091,-0.002130529,-0.0314253,-0.028495824
10,99436471333664,-0.26457095,-1.1086359,1.8035784
4,99436476160123,-0.014913702,-0.0644485,-0.06870956
10,99436482413144,-0.2995684,-0.60685444,1.5416918
4,99436485627362,-0.14407702,-0.12516858,-0.14620754
10,99436491051633,-0.38868976,-0.29109526,1.0809231
4,99436495993508,-0.3022688,-0.17390442,-0.19441076
10,99436502229550,-0.47952127,-0.25712347,1.0402088
4,99436505436112,-0.3121225,-0.27403927,-0.2066613
10,99436510822987,0.024613261,-0.21226215,-1.0704384
4,99436515672466,-0.39521313,-0.2958772,-0.25033715
10,99436521969289,0.22102976,0.70259094,-1.3522716
2,99436525224810,-25.0,9.0,14.0
10,99436530636060,-0.016470313,2.3051758,-1.8052449
4,99436535522883,-0.21278657,-0.27830034,-0.3190467
10,99436540432050,-0.23127735,1.9492905,-2.0970445
4,99436543763821,-0.24554345,-0.4016047,-0.32996565
10,99436550389341,-0.53012323,1.1758158,-1.6886363
4,99436555283769,-0.14514229,-0.5334312,-0.37097836
10,99436561569446,-0.46795416,0.951746,-1.0770884
4,99436564786789,0.06924219,-0.5390238,-0.43409526
10,99436570158039,0.07447612,1.179457,-1.9493394
4,99436574162831,-0.007190535,-0.45486793,-0.51052797
10,99436581308873,-0.18855488,1.4906471,-1.4606404
4,99436584558821,-0.10173275,-0.4261058,-0.4809669
10,99436589932675,-0.5696969,0.06366253,-0.46254253
4,99436594968352,-0.13928333,-0.3470099,-0.44421527
10,99436601051216,-0.00421834,-0.4778142,0.007552147
4,99436604366946,0.016245283,-0.1454086,-0.42797
10,99436609753352,-0.32788622,-0.4754753,0.30756855
4,99436614677623,0.20053603,0.084155895,-0.28868666
10,99436620835696,-0.59880865,-0.51461077,0.066799164
4,99436624142727,0.2612561,0.26418558,-0.14727281
10,99436629488977,-0.37254477,-0.13370895,-0.18519688
4,99436634393873,0.21704763,0.3568636,-0.10626013
10,99436639352571,-0.32621276,0.25758886,-0.40129519
4,99436642632102,0.073236935,0.37417415,-0.10040118
10,99436648181425,-0.16594696,0.51403236,-0.5216665
4,99436654559029,-0.13582122,0.40213734,-0.07856325
10,99436660667623,0.20182276,0.71090174,-0.47309685
4,99436663976841,-0.37603834,0.4892227,-0.02876214
10,99436669143404,0.24021006,0.8141155,-0.1907587
4,99436674041841,-0.58429754,0.5651228,0.033822145
10,99436680176841,0.16765451,0.7398157,0.17641926
4,99436683395643,-0.7030745,0.62371236,0.033822145
10,99436688821268,0.46096563,0.40775442,0.59589577
4,99436693819498,-0.72304827,0.6942861,-0.03834952
10,99436699970487,0.6481366,-0.05342865,0.74563026
2,99436703209602,-28.0,3.0,16.0
10,99436708685279,0.68431354,-0.45899773,0.4922905
4,99436713521633,-0.54621434,0.793622,-0.12836437
10,99436719820331,0.4170531,-0.7570076,-0.036898613
4,99436723064446,-0.47377637,0.7819041,-0.08628642
10,99436728422310,0.42828834,-1.040606,-0.03692341
4,99436733345904,-0.38589206,0.7592673,-0.023702133
10,99436738265071,0.5339086,-0.85399914,0.53038406
4,99436741530071,-0.21252026,0.70440614,-7.9894834E-4
10,99436747211685,0.3184241,-0.40345192,0.7578621
4,99436753391893,-0.1488707,0.6250439,-0.025566347
10,99436759484550,0.20905662,0.15263939,0.6636553
4,99436762703925,-0.2000034,0.5539375,-0.11105382
10,99436767947571,0.192832,0.59891367,0.7378998
4,99436772845331,-0.28842035,0.505468,-0.19813919
10,99436779075331,0.13018394,0.4142685,0.9228773
4,99436782322571,-0.40373522,0.4316984,-0.2263687
10,99436787748560,-0.24525547,-0.16818762,1.1686468
4,99436792505123,-0.42850262,0.34754252,-0.21038973
10,99436798860956,-0.3005215,-0.6216097,1.364893
4,99436802106789,-0.28336033,0.3110572,-0.20692763
10,99436807484446,-0.16923964,-0.89009047,1.3808699
4,99436812322518,-0.071106404,0.33981937,-0.19041602
10,99436818680852,-0.2917459,-0.7822175,1.0557356
4,99436821921008,0.082025364,0.37364152,-0.15632756
10,99436827264602,-0.3024565,-0.23288631,0.79167175
4,99436832099029,0.15100123,0.37390783,-0.15153387
10,99436837044393,-0.18877196,0.090479374,0.40045547
4,99436840411164,0.1307612,0.36139098,-0.16618125
10,99436846776529,-0.13159227,0.18810558,0.13317776
4,99436851594498,0.041545313,0.3270362,-0.20719394
10,99436858202310,-0.3079332,0.46186924,0.16972828
4,99436861421373,-0.07563378,0.2793656,-0.2263687
10,99436866873091,-0.4596702,0.2829442,0.30677986
4,99436871697206,-0.100933805,0.26658243,-0.21944448
10,99436877957935,-0.644599,0.054899693,0.35417747
2,99436881193300,-35.0,-10.0,21.0
10,99436886763925,-0.7255993,-0.11209154,0.4552679
4,99436891701737,-0.070307456,0.20985709,-0.2213087
10,99436897953195,-0.6660971,-0.18441725,0.44541168
4,99436901195904,0.12436963,0.180296,-0.21358553
10,99436906416373,-0.6061953,-0.054998398,0.39759064
4,99436911184029,0.18295917,0.170176,-0.20799288
10,99436917522570,-0.6096571,0.06681585,0.24791431
4,99436920768456,0.23648871,0.14753912,-0.19627498
10,99436926141060,-0.5575658,0.5575533,0.08378315
4,99436931008977,0.23222765,0.12969595,-0.1784318
10,99436935984341,-0.5723057,0.6677017,0.05145645
4,99436939308039,0.21518342,0.12197278,-0.14913702
10,99436945928664,-0.6494914,0.637599,0.0640831
4,99436950700591,0.1669802,0.12969595,-0.09853696
10,99436957080018,-0.7669432,0.36936617,0.16111374
4,99436960327102,0.12863068,0.14141385,-0.041279
10,99436965706477,-0.8654926,0.12407017,0.30292797
4,99436970466945,0.119043306,0.21704763,0.025033714
10,99436976900852,-0.64486414,-0.0708189,0.46395302
4,99436980131268,0.10626013,0.3832289,0.1387507
10,99436985483143,-0.5170402,-0.24874783,0.6139231
4,99436990289445,0.09241169,0.624245,0.31931302
10,99436996671998,-0.40407985,-0.5103774,1.1030455
4,99436999914498,0.04527374,0.8431568,0.5291701
10,99437005259550,-0.737594,-0.9935851,1.2507563
4,99437010099341,-0.05273059,0.9089369,0.7488809
10,99437016409914,-1.3418036,-0.98658276,0.9521637
4,99437019616477,0.007456851,0.7597999,0.89375687
10,99437025092362,-1.6044838,0.17100668,0.7623491
4,99437029896060,0.42903525,0.43542686,0.660464
10,99437034825227,-1.3226058,0.3150816,2.229042
4,99437038194862,0.21145499,-0.055127434,0.08894958
10,99437044901372,-2.6946115,-0.54432535,1.5726252
4,99437049695800,-0.39814258,-0.45247108,-0.27164245
10,99437055959654,-3.1400714,-0.31176758,2.6037197
2,99437059223404,-35.0,-18.0,24.0
10,99437064648195,-2.3681962,-1.0065393,2.2606354
4,99437069462727,-0.28469193,-0.7012103,-0.3888215
10,99437075780904,-0.9986002,-1.1875753,0.31855965
4,99437078996997,0.06764429,-0.6777745,-0.41918156
10,99437084381268,-0.32778186,0.15260935,-1.5435967
4,99437089162570,0.35473305,-0.6309029,-0.4098605
10,99437095514081,-0.3853861,1.3844459,-2.3931775
4,99437098728039,0.20612867,-0.61226076,-0.4101268
10,99437104203143,-0.9695175,1.6014066,-2.433238
4,99437109028247,-0.24660872,-0.6889598,-0.4607269
10,99437115301320,-1.029169,1.8183415,-1.2711415
4,99437118537518,-0.43089947,-0.732103,-0.5254417
10,99437121479341,-0.9262183,0.80559397,-0.30867243
4,99437129717154,-0.464189,-0.6894924,-0.53289855
10,99437136087154,-1.4351468,-0.1448574,0.33510685
4,99437140523872,-0.3123888,-0.62744075,-0.47377637
10,99437143968039,-1.550377,-0.6017046,0.45796967
4,99437143968039,-0.1949434,-0.5866944,-0.42663842
4,99437150112102,-0.06551377,-0.53529537,-0.37417415
10,99437154645435,-1.6034368,-0.6047349,0.4649315
4,99437154645435,0.063116916,-0.4759069,-0.3174488
4,99437157754654,0.17736652,-0.41385525,-0.2615224
10,99437160768716,-0.8109516,0.4151926,-0.061793327
4,99437167472102,0.2580603,-0.32091093,-0.14487597
10,99437174767362,-0.6802854,1.1200008,-0.41321516
4,99437177998300,0.12783173,-0.26498455,-0.048469532
10,99437180551320,-0.49832606,1.6610904,-0.48264694
4,99437187253039,-0.10173275,-0.26312032,0.012250541
10,99437196122258,-0.5654569,1.8294895,-0.7732744
4,99437199380956,-0.32623723,-0.29001826,0.04580637
10,99437202179341,-0.62770617,1.6044345,-0.9432626
4,99437207822675,-0.44501424,-0.3022688,0.07669904
10,99437215656685,-0.78472924,1.2767363,-0.70787525
4,99437218937518,-0.42237735,-0.33156356,0.10546118
10,99437221734393,-0.825428,0.8409958,-0.43972445
4,99437228823456,-0.34887412,-0.36964676,0.101200126
10,99437235196112,-0.5045365,0.52430725,-0.231184
2,99437239488143,-28.0,-10.0,20.0
10,99437243850331,-0.13770676,0.5589342,0.034600258
4,99437248662883,-0.22583607,-0.38962048,0.06231797
10,99437254831789,0.007032037,0.60127974,0.2162962
4,99437258075122,-0.21518342,-0.36911413,0.10013486
10,99437260873924,-0.07676506,0.3834076,0.31206512
4,99437267752570,-0.23995082,-0.34967306,0.13741912
10,99437274045539,-0.45127332,0.052651882,0.4104147
4,99437277288352,-0.31292143,-0.35659727,0.21598236
10,99437282102049,-0.63989747,0.08699942,0.09839535
4,99437286897935,-0.30146983,-0.36272255,0.20106867
10,99437293499497,-0.3543012,0.3435588,-0.23801756
4,99437296741216,-0.19973709,-0.3502057,0.113983296
10,99437301874341,-0.22932088,0.3766508,-0.14595556
4,99437306679966,-0.16138756,-0.35233623,0.094009586
10,99437313274602,-0.23334587,0.28048325,-0.031747818
4,99437316507727,-0.13422333,-0.43409526,0.05352954
10,99437321660747,0.006790161,0.048002243,0.4516406
4,99437326450279,-0.1470065,-0.4609932,0.040746365
10,99437331576268,0.029099584,0.006791115,0.50804234
4,99437334856529,-0.20532973,-0.48363006,0.037550572
10,99437340186112,0.019739509,-0.08784437,0.5297847
4,99437347019289,-0.31957933,-0.49854377,0.058589544
10,99437353314133,-0.07559323,0.16095543,0.15757513
4,99437356532206,-0.44687843,-0.613326,-0.053263225
10,99437361109133,0.08541787,1.0569382,-0.43618298
4,99437365970331,-0.47058058,-0.6668556,-0.13422333
10,99437372627518,0.106181145,1.0091667,-0.44949055
4,99437375867102,-0.5451491,-0.7765778,-0.27643612
10,99437380991685,-0.054840326,0.39866304,-0.20354652
4,99437385907727,-0.61172813,-0.902279,-0.34408042
10,99437392442622,-0.10568738,-0.38502407,0.3411479
4,99437395679393,-0.54195327,-1.020257,-0.36671728
10,99437400810383,-0.025396109,-1.1386337,0.71724033
4,99437408768404,-0.33316147,-1.0306433,-0.3222425
10,99437415264341,-0.22081304,-1.0855026,0.8167062
4,99437418172102,-0.20026971,-0.94755274,-0.20932446
10,99437420197518,-0.22081304,-1.0855026,0.8167062
4,99437425267518,-0.16112125,-0.90494215,-0.13901702
10,99437430690122,0.36071897,-0.73225546,0.34435797
4,99437433942935,-0.17257284,-0.82185155,-0.027963191
10,99437438757883,1.0255582,-0.33334732,-0.18888664
4,99437438757883,-0.22903186,-0.7880294,-0.0037284256
4,99437446518664,-0.2860235,-0.7502125,-0.004261058
10,99437451759654,1.4713354,0.10997915,-0.4304409
4,99437455007935,-0.38376153,-0.67511135,-0.060453758
10,99437460166789,1.5532384,0.32397795,-0.4882226
4,99437465101216,-0.45486793,-0.5547365,-0.11611383
10,99437471713456,1.4667289,0.1158452,-0.22580051
4,99437474966008,-0.48655954,-0.4066647,-0.120907515
10,99437479814029,1.3275175,-0.07529163,0.087682724
4,99437484798351,-0.40053943,-0.24873926,-0.075101145
10,99437491326112,1.3459835,-0.24102402,0.30270576
4,99437494573612,-0.2625877,-0.0727043,0.010652645
10,99437499696997,1.4194806,-0.33012056,0.31417036
4,99437504679497,-0.11717909,0.09960223,0.1041296
10,99437511062674,1.3393037,-0.22397327,0.32352495
4,99437514343351,0.013582122,0.25033715,0.19121496
10,99437519316476,1.2022977,-0.07092333,0.31689072
4,99437524143716,0.07483483,0.37736994,0.2711098
10,99437529419497,1.0354424,0.23512745,0.34547138
4,99437532624497,0.12543489,0.4673848,0.33635727
10,99437539068872,0.8429072,0.4832306,0.3549466
4,99437543921945,0.15899073,0.5278385,0.37736994
10,99437550617154,0.6857903,0.5570593,0.35254097
4,99437553910956,0.16831179,0.53982276,0.37630466
10,99437559039862,0.41882157,0.39165068,0.4038825
4,99437563896112,0.15819177,0.48522797,0.34115094
10,99437570382049,0.13388562,0.1641984,0.66704035
4,99437573614601,0.16085494,0.40586576,0.2905509
10,99437578832518,-0.06828976,-0.09024477,0.9178853
4,99437583796945,0.17550232,0.33289513,0.25166872
10,99437590137101,-0.3210454,-0.37689924,1.1389203
2,99437593372362,-36.0,2.0,13.0
10,99437598386112,-0.5018971,-0.5848732,1.1701107
4,99437603232831,0.18295917,0.21624869,0.19973709
10,99437609919758,-0.4564681,-0.68277216,1.1269164
4,99437613157154,0.18269286,0.2066613,0.18136127
10,99437618333872,-0.28430963,-0.6488905,0.8127117
4,99437623202518,0.16298546,0.2591256,0.20559604
10,99437628355487,-0.24356103,-0.42539597,0.7040415
4,99437631477154,0.13608754,0.2908172,0.23568976
10,99437637944914,-0.2740531,-0.10098934,0.7962642
4,99437642827362,0.032756884,0.33795515,0.32117724
10,99437649458508,-0.33467054,0.03575182,0.6523185
4,99437652707779,-0.040213734,0.33822146,0.34807515
10,99437657897414,-0.3053081,0.1523385,0.44838
4,99437662679601,-0.06684534,0.3254383,0.36432046
10,99437669237154,-0.30012536,0.32264328,0.19720602
4,99437672481164,-0.041012682,0.29933932,0.35899413
10,99437677672570,-0.20208192,0.45355463,-0.04646063
4,99437682490279,-0.02263687,0.2892193,0.34487936
10,99437689041529,-0.09623337,0.5072036,-0.21918392
4,99437692258820,-0.011185277,0.29241508,0.28895298
10,99437697219393,-0.26125145,0.4351697,-0.14114285
4,99437701994549,-0.014913702,0.2942793,0.28336033
10,99437708809810,-0.45103478,0.22492838,0.04252863
4,99437713686112,0.020240024,0.26391926,0.29481193
10,99437717366268,-0.37881708,0.05181122,0.1420703
4,99437722133143,0.046339005,0.2543319,0.29134983
10,99437727224445,-0.29455853,-0.007762432,0.19642735
4,99437730396216,0.096939065,0.24527714,0.26658243
10,99437736841737,-0.28430223,-0.05670786,0.14328575
4,99437741620539,0.112119086,0.22290659,0.23169503
10,99437748369810,-0.3265463,-0.028383255,0.116509914
4,99437751606112,0.10013486,0.20186761,0.17816548
10,99437756608716,-0.21673918,0.17882538,0.0046958923
4,99437761390747,0.095074855,0.17923075,0.108124346
10,99437768137153,-0.22967184,0.19602633,-0.058434486
2,99437771402987,-38.0,1.0,14.0
10,99437776287414,-0.27928448,0.069196224,-0.16348219
4,99437781148351,0.087884314,0.11744541,-2.663161E-4
10,99437787909237,-0.23119903,-0.13838768,0.006269932
4,99437791128820,0.06977482,0.080960095,-0.040480047
10,99437796311841,-0.18832481,-0.25749207,0.22994089
4,99437801129758,0.051132694,0.052996907,-0.075101145
10,99437807679237,-0.13939297,-0.21616888,0.36354303
4,99437810923143,0.045007423,0.0561927,-0.087884314
10,99437816153299,-0.10438967,-0.1652236,0.41087723
4,99437820910695,0.048203215,0.06924219,-0.07137272
10,99437826116112,-0.16089296,-0.16442013,0.32378006
4,99437829279028,0.04926848,0.08175905,-0.056991648
10,99437835831737,-0.07128036,-0.09455919,0.27947044
4,99437840663820,0.058056913,0.08681905,-0.060720075
10,99437847238091,0.020658135,0.05703926,0.27191448
4,99437850456164,0.092145376,0.0974717,-0.059388492
10,99437855481112,0.013686657,0.13452911,0.22389889
4,99437860256476,0.10146644,0.10519487,-0.04314321
10,99437867012778,-0.08767986,0.14751482,0.17087221
4,99437870262570,0.08175905,0.09640643,-0.03542004
10,99437875434289,-0.047063947,0.22391176,0.13593292
4,99437880221268,0.06471482,0.09640643,-0.06471482
10,99437886779653,-0.018853188,0.23897362,0.16884089
4,99437890037726,0.05006743,0.10546118,-0.07456851
10,99437895152310,-0.15396476,0.060070038,0.3036356
4,99437900113924,0.018642128,0.08548747,-0.062051654
10,99437906567987,-0.27269995,-0.08804989,0.42093325
4,99437909786789,0.02263687,0.053795855,-0.06791061
10,99437914993091,-0.27252722,-0.18883514,0.47876167
4,99437920033820,0.042876896,0.029827405,-0.09427591
10,99437925124080,-0.23770261,-0.19834042,0.4209876
4,99437928232258,0.06791061,0.014647386,-0.11371698
10,99437933375174,-0.27840412,-0.06905365,0.35395002
4,99437940199185,0.07536746,-5.326322E-4,-0.11451593
10,99437947724862,-0.34190488,-0.02076149,0.3652768
2,99437951012674,-38.0,1.0,17.0
10,99437954512778,-0.36426747,-0.035323143,0.35874176
4,99437959301893,0.02396845,-0.05486112,-0.13022858
10,99437965947362,-0.40145218,-0.11710358,0.3713646
4,99437969164185,0.008522116,-0.06498113,-0.14913702
10,99437972016060,-0.3655454,-0.0979476,0.29714394
4,99437979737362,0.01571265,-0.058056913,-0.14168017
10,99437987304289,-0.2963246,-0.0485425,0.25355053
4,99437990544289,0.018908445,-0.03834952,-0.11744541
10,99437994875955,-0.26642072,-0.070109844,0.32571602
4,99437999650955,0.011185277,-0.02956109,-0.100933805
10,99438005923872,-0.3094256,-0.12688589,0.3837204
4,99438009172778,0.014647386,-0.020772656,-0.101200126
10,99438011990278,-0.2926662,-0.13406849,0.4148445
4,99438019690487,0.02876214,0.0127831735,-0.092145376
10,99438026080174,-0.3547058,-0.12751007,0.3311863
4,99438029325122,0.03888215,0.05486112,-0.06498113
10,99438031370903,-0.4815961,-0.086802006,0.2809081
4,99438039070018,0.027696876,0.08229168,-0.048469532
10,99438046611528,-0.5265937,0.06319761,0.23099375
4,99438049858143,0.025033714,0.10279802,-0.05486112
10,99438052663976,-0.5385647,0.18290806,0.15677357
4,99438058536008,0.014114754,0.11451593,-0.057790596
10,99438064647258,-0.6101711,0.21153116,0.069200516
4,99438067884549,0.007456851,0.11371698,-0.052464273
10,99438073247310,-0.6517514,0.24612427,0.073171616
4,99438078024080,0.018109497,0.11797804,-0.056459017
10,99438084401945,-0.5735265,0.2779951,0.09843063
4,99438087652674,0.02743056,0.1222391,-0.072970614
10,99438093025695,-0.52249455,0.29659414,0.23786879
4,99438097857518,0.035153728,0.123038046,-0.08362326
10,99438104166841,-0.5513071,0.31348562,0.23739052
4,99438107384393,0.043942157,0.12330436,-0.09454222
10,99438112811893,-0.52342165,0.3696108,0.18814373
4,99438117595383,0.049002163,0.1304949,-0.08974853
10,99438122495591,-0.5049578,0.36090612,0.15309572
2,99438125964080,-36.0,-3.0,19.0
10,99438132677935,-0.4542327,0.35241604,0.14906693
4,99438137520903,0.06231797,0.14647387,-0.042077947
10,99438143720643,-0.41366482,0.40125322,0.06310558
4,99438146930435,0.08229168,0.1438107,-0.020506341
10,99438152379393,-0.2083956,0.56609297,-0.12903023
4,99438157165851,0.08735169,0.15632756,0.0063915867
10,99438163545643,-0.11275482,0.5725045,-0.17551327
4,99438166782987,0.06524745,0.17789917,0.03568636
10,99438172127726,0.04265225,0.49679422,0.0013604164
4,99438176925487,0.036751624,0.19414444,0.06657903
10,99438183291164,0.06691539,0.42158413,0.019272804
4,99438186515382,0.01917476,0.19973709,0.08735169
10,99438191923976,0.069607735,0.22703362,0.110506535
4,99438196765018,0.017044231,0.19600865,0.08868326
10,99438203063507,0.058155656,0.12541866,-0.05301428
4,99438206312882,0.02609898,0.20133498,0.09454222
10,99438211700643,0.07078028,0.08326483,-0.046828747
4,99438216480539,0.04926848,0.20053603,0.11638014
10,99438221416007,0.032818913,-0.06024456,0.08522034
4,99438224832622,0.06231797,0.17124127,0.11638014
10,99438231466945,-0.0010831356,-0.07891178,0.30217934
4,99438236255591,0.05486112,0.13342437,0.08948222
10,99438242618039,-0.026836634,-0.047853947,0.36641312
4,99438245842049,0.03542004,0.112918034,0.057257965
10,99438251233143,-0.16958892,-0.14739323,0.42955065
4,99438256138768,-0.008788432,0.08894958,0.037550572
10,99438262393403,-0.31413865,-0.23409939,0.4499941
4,99438265633768,-0.03435478,0.0793622,0.03355583
10,99438271019185,-0.35448563,-0.2514305,0.52029943
4,99438275919862,-0.022370555,0.07243799,0.041545313
10,99438282174757,-0.45610213,-0.2619481,0.568593
4,99438285417466,-0.0026631611,0.05352954,0.039947417
10,99438290798039,-0.5179744,-0.17860413,0.5917716
4,99438295767935,0.0127831735,0.03568636,0.029028457
10,99438301933820,-0.5220376,-0.092598915,0.60666466
2,99438305196685,-37.0,-3.0,18.0
10,99438310599445,-0.58940005,0.031237602,0.5424433
4,99438315478560,-0.009054748,0.028229509,0.020240024
10,99438320379705,-0.6802654,0.25990534,0.6046486
4,99438323722205,-0.013315806,0.028495824,0.057790596
10,99438329373247,-0.77835184,0.3528099,0.58546925
4,99438335564132,-0.019973708,0.024234766,0.101999074
10,99438341653560,-0.79261243,0.4127984,0.59974146
4,99438344871841,-0.01917476,0.015446335,0.13635385
10,99438350132726,-0.78165996,0.5381069,0.44906425
4,99438355060851,-2.663161E-4,0.01304949,0.15499598
10,99438361332101,-0.7155482,0.7076788,0.30706978
4,99438364572518,0.009321064,0.024501082,0.18429075
10,99438369907049,-0.6577841,0.78998613,0.25025368
4,99438374935903,0.007456851,0.02609898,0.23249397
10,99438381079705,-0.68304056,0.7393484,0.20561361
4,99438384387414,-0.0058589545,0.018375812,0.26738137
10,99438389686684,-0.62534225,0.6832628,0.20027113
4,99438394522674,-0.011717909,0.006657903,0.28309402
10,99438400823924,-0.6510437,0.5786905,0.18902206
4,99438404092466,-0.013582122,-0.019707393,0.29481193
10,99438409453820,-0.62989944,0.42502928,0.17650366
4,99438414371684,-0.0037284256,-0.043942157,0.2972088
10,99438419307153,-0.4776603,0.3383174,0.210042
4,99438422611164,0.020240024,-0.06364955,0.28522456
10,99438428101007,-0.3094555,0.1592536,0.28632498
4,99438434607049,0.017310547,-0.08282431,0.26844665
10,99438440661164,-0.15700638,-0.010168552,0.329885
4,99438443949289,0.006657903,-0.09347696,0.2514024
10,99438449128403,-0.052735448,-0.100063324,0.4389944
4,99438454035174,-0.0026631611,-0.094009586,0.24580978
10,99438460057622,-0.049787045,-0.2243743,0.4128809
4,99438463288924,-0.023702133,-0.099069595,0.24580978
10,99438468816684,-0.047013044,-0.2753954,0.45492458
4,99438473797518,-0.03089267,-0.10839066,0.22849922
10,99438479901684,0.09224653,-0.3039751,0.4430151
2,99438483148351,-37.0,-1.0,18.0
10,99438488643872,0.2900505,-0.34790564,0.4478655
4,99438493479653,-0.015446335,-0.10013486,0.16192019
10,99438499706112,0.36737442,-0.28380394,0.45177364
4,99438502940903,0.006924219,-0.07376956,0.087618
10,99438508352049,0.43060887,-0.28849316,0.38776064
4,99438513271476,0.011185277,-0.053795855,0.06764429
10,99438518221320,0.5106399,-0.31747866,0.27081966
4,99438521488768,-0.004527374,-0.0031957934,0.038083203
10,99438527030434,0.5465174,-0.2932806,0.25216007
4,99438533467257,-0.0010652645,0.043409526,0.019441076
10,99438539578559,0.73455286,-0.2223773,0.14858198
4,99438542789705,0.047404267,0.101200126,-0.006657903
10,99438548027622,0.82069457,-0.12798214,0.011575699
4,99438552847205,0.06498113,0.12783173,-0.019707393
10,99438559065539,0.8633759,-0.019732475,0.16713715
4,99438562309289,0.1307612,0.17656758,-0.048203215
10,99438567683455,0.64906263,0.119874954,-0.04054165
4,99438572508247,0.14966966,0.21252026,-0.054594804
10,99438578847778,0.5931976,0.08762598,-0.16934681
4,99438582081945,0.11638014,0.24367924,-0.057257965
10,99438587506111,0.61531377,0.13074017,-0.05094576
4,99438592262153,0.13262543,0.27190876,-0.07137272
10,99438598623299,0.669865,0.13996792,-0.06885195
4,99438601856945,0.18136127,0.29134983,-0.07057377
10,99438607228924,0.647732,0.11429739,0.013058186
4,99438612099705,0.22796659,0.29694247,-0.056991648
10,99438617012049,0.5597502,0.21656942,-0.05631733
4,99438620396320,0.25992453,0.2942793,-0.051132694
10,99438626777778,0.5444802,0.23803234,0.0022411346
4,99438631550539,0.25406557,0.29294774,-0.050333746
10,99438638131476,0.38222075,0.26187277,0.08699036
4,99438641370955,0.2561961,0.27510455,-0.045540057
10,99438646792309,0.24301052,0.36811352,0.10399675
4,99438651630799,0.27803403,0.25672874,-0.040213734
10,99438657922934,0.2544155,0.41573858,0.1491003
2,99438661176476,-36.0,-1.0,20.0
10,99438666606372,0.066664696,0.34458447,0.17956829
4,99438671451216,0.20586236,0.23515713,-0.03542004
10,99438677701632,-0.16422379,0.1943698,0.28289413
4,99438680945122,0.16884442,0.21331921,-0.051132694
10,99438686338716,-0.17510271,0.017377853,0.3498044
4,99438691239601,0.17896444,0.21544974,-0.0743022
10,99438697464861,-0.088932514,-0.098139286,0.33503103
4,99438700701320,0.20053603,0.22743396,-0.08175905
10,99438706116736,-0.12774813,-0.08360243,0.2973423
4,99438710937309,0.22770028,0.24234766,-0.06844324
10,99438715898143,-0.26878047,-0.10822153,0.16047001
4,99438719280018,0.23782028,0.2580603,-0.04580637
10,99438725903716,-0.37495464,-0.17627764,0.1760931
4,99438730727570,0.23808661,0.2609898,-0.03888215
10,99438737043820,-0.56143343,-0.14720917,0.29870224
4,99438740278716,0.2609898,0.25246766,-0.072970614
10,99438745682570,-0.5883116,-0.17064905,0.39411354
4,99438750516007,0.2972088,0.25193503,-0.14966966
10,99438756811945,-0.4672498,-0.44392967,0.5002775
4,99438760052309,0.34594464,0.2825614,-0.23595607
10,99438763876528,-0.28050208,-0.6833496,0.8426485
4,99438770979757,0.4213121,0.386691,-0.28229508
10,99438778589184,-0.20573795,-0.87853765,1.0764055
4,99438781825643,0.48203218,0.56006277,-0.25539714
10,99438786771216,-0.16097546,-0.9173584,1.0445662
4,99438791556476,0.52863747,0.7355651,-0.12250541
10,99438797711216,-1.1646135,-1.2612681,1.3510714
4,99438800981736,0.5861618,0.8266452,0.12996227
10,99438805834341,-1.9053471,-1.9295058,2.1021404
4,99438810603663,0.7073356,0.7307714,0.44554687
10,99438815481216,-2.740137,-1.4558172,2.567154
4,99438818577257,1.0863035,0.46232477,0.5552691
10,99438822712986,-3.1112385,-0.9650059,4.772213
4,99438830195330,0.91799164,0.0058589545,0.23835292
10,99438837779341,-3.5459447,-0.8264222,3.3117514
2,99438841033716,-37.0,-10.0,29.0
10,99438845440382,-3.5721545,-0.85071087,3.2998428
4,99438850196111,-0.2197108,-0.49188587,-0.5174522
10,99438856348872,-2.6028483,1.3907831,1.0546722
4,99438859575330,-0.4149205,-0.5123922,-0.5297027
10,99438862486320,-1.211817,0.87363577,-0.29326344
4,99438869753143,-0.27723506,-0.50813115,-0.5158543
10,99438877341528,-0.5135039,0.961781,-1.322648
4,99438880590434,0.08468852,-0.5001417,-0.48842376
10,99438883507466,-0.5135013,0.9617858,-1.322648
4,99438889303299,0.18295917,-0.50813115,-0.45007423
10,99438895559757,-1.9085648,1.7636092,-2.7361412
4,99438898784288,-0.15153387,-0.5997439,-0.46552056
10,99438903939966,-2.0527658,2.1410494,-2.4281492
4,99438908768872,-0.27723506,-0.65913236,-0.4854943
10,99438913856632,-1.2738299,1.9882565,-1.5575752
4,99438917044080,-0.33449304,-0.711863,-0.52331114
10,99438923503403,-0.9904233,1.5326672,-1.2668114
4,99438928333820,-0.26844665,-0.65034395,-0.48336375
10,99438935010695,-1.2710806,0.33494902,-0.41338873
4,99438938248716,0.033822145,-0.5209143,-0.19973709
10,99438943412309,-1.2301039,0.15537834,-0.25949097
4,99438948538403,0.15819177,-0.47723848,-0.10013486
10,99438954836736,-0.86817557,0.40654993,-0.6422806
4,99438958087778,0.3552657,-0.33103094,0.12197278
10,99438963008768,-0.66772276,0.92930937,-0.9265318
4,99438967933195,0.34674358,-0.28868666,0.18136127
10,99438974601007,-0.594123,1.1617236,-1.0938663
4,99438977835538,0.20106867,-0.23915187,0.2926814
10,99438983014393,-0.25802398,1.7658699,-1.3920178
4,99438987777413,-0.020506341,-0.22423817,0.36112466
10,99438994379913,-0.094071984,1.7539561,-1.4833226
4,99438997585955,-0.24181503,-0.22770028,0.3603257
10,99439002770590,0.3123455,1.1716781,-1.3534946
4,99439007591945,-0.39760995,-0.22237396,0.33502567
10,99439012674913,0.3818345,0.9554863,-1.2707906
2,99439015964288,-25.0,4.0,22.0
10,99439021984549,0.56331,0.38721514,-0.96173143
4,99439026798715,-0.46525425,-0.17710021,0.314253
10,99439033102413,0.8263054,-0.12022972,-0.71969175
4,99439036337986,-0.44315,-0.11558119,0.30519825
10,99439041853976,1.0208044,-0.5252657,-0.3776331
4,99439046669497,-0.36218992,-0.051132694,0.3043993
10,99439053697101,1.0201087,-0.79141855,-0.10156536
4,99439056931163,-0.23329292,-0.016511599,0.31265512
10,99439062141320,0.95216584,-0.8897724,-0.037941933
4,99439066975643,-0.10918961,0.01304949,0.32144356
10,99439073480226,0.9970169,-0.80030346,-0.07023811
4,99439076685747,-0.031158986,0.05352954,0.31505197
10,99439081410226,1.0843283,-0.5470166,-0.24239159
4,99439086186111,-0.016245283,0.087618,0.28442562
10,99439093245590,1.0892463,-0.18398762,-0.24573565
4,99439096483872,-0.06364955,0.0974717,0.24101609
10,99439101606580,0.9793416,0.06199932,-0.22735071
4,99439106460903,-0.13608754,0.094009586,0.19893813
10,99439111614288,0.9464407,0.0064988136,-0.1311245
4,99439114824132,-0.20719394,0.08522116,0.15952335
10,99439121256007,0.866503,-0.19441032,0.20600033
4,99439126119705,-0.21864553,0.100933805,0.1323591
10,99439132800278,0.8578787,-0.38602448,0.4393301
4,99439136039861,-0.17550232,0.14114754,0.1073254
10,99439141191476,0.6804218,-0.49954176,0.7417412
4,99439146060486,-0.086020105,0.20932446,0.11717909
10,99439152548924,0.45022535,-0.48677588,1.1455107
4,99439155786111,0.019707393,0.30679616,0.19734024
10,99439160939809,0.28238595,-0.3986535,1.1729078
4,99439165887778,0.083889574,0.46019423,0.350472
10,99439172409861,0.35979676,-0.096847534,1.2552776
4,99439175637830,0.08042747,0.6239787,0.5542038
10,99439180767153,0.33156097,0.25960016,1.1183777
4,99439185685486,0.14940333,0.7241135,0.7882957
10,99439192133768,0.1474917,0.4502864,1.4267387
2,99439195386632,-33.0,7.0,19.0
10,99439200316945,0.017156243,0.28384876,0.6608801
4,99439206119705,0.31451932,0.48709217,0.9089369
10,99439211201684,-0.42841703,0.10736704,1.1391392
4,99439214437622,0.20586236,0.14434333,0.48522797
10,99439220365070,-1.16009,-1.0401826,1.4924641
4,99439225258351,-0.2695119,-0.20426446,0.018642128
10,99439231658559,-1.573561,-1.5043192,1.3698635
4,99439234884028,-0.531567,-0.37364152,-0.30652985
10,99439240065070,-1.5194354,-2.079432,1.4518766
4,99439244948872,-0.4892227,-0.45859635,-0.4215784
10,99439251440851,-1.2732565,-2.8445134,1.1219282
4,99439254687882,-0.19867182,-0.5536712,-0.46232477
10,99439259818820,-0.40658814,-2.7784033,0.08027649
4,99439264779757,0.2543319,-0.57098174,-0.53929013
10,99439271200642,0.19515657,-1.709127,-0.8171067
4,99439274509392,0.6447513,-0.5581986,-0.6218481
10,99439279728507,-0.13394594,-0.54140186,-1.4389958
4,99439284634028,0.6556703,-0.6018744,-0.7033408
10,99439290982101,0.05843699,0.721323,-2.5854125
4,99439294255642,0.29321405,-0.6098639,-0.8788432
10,99439299379757,0.73932266,1.1934605,-2.4000297
4,99439304349809,-0.23515713,-0.515588,-1.045557
10,99439309458924,0.45743203,0.8207774,-1.636241
4,99439312582674,-0.43995422,-0.4575311,-1.0815097
10,99439319083976,0.22188962,0.56011677,-1.0037088
4,99439324011215,-0.65061027,-0.32863408,-1.0615361
10,99439330538195,1.3589859E-4,-0.649755,-0.02991867
4,99439333790278,-0.6010755,-0.02956109,-0.8873653
10,99439338993976,-0.07868719,-0.6136217,0.45860815
4,99439344022882,-0.4825648,0.08042747,-0.8042747
10,99439350353611,-0.11742473,0.110601425,0.5927768
4,99439353605174,-0.10759171,0.32863408,-0.5699165
10,99439358771736,0.10918343,0.87309885,0.34178352
4,99439363743403,-0.04474111,0.3640541,-0.5294364
10,99439370107101,0.15292513,1.2102232,0.19374752
2,99439373362934,-32.0,4.0,17.0
10,99439378171372,0.036426663,1.752773,-0.1599698
4,99439383079601,-0.105727494,0.27057716,-0.51505536
10,99439389882934,0.07688296,1.7217624,-0.13803005
4,99439393129601,-0.23861924,0.23196134,-0.48682585
10,99439398329392,0.14223182,1.7579544,0.32682133
4,99439403167570,-0.25060347,0.27457193,-0.39494678
10,99439408280538,0.17626679,1.6757057,0.5312576
4,99439411485434,-0.21198763,0.4111921,-0.23036344
10,99439417918507,0.1263957,1.3682957,0.8036299
4,99439422812101,-0.21571605,0.59361863,-0.0063915867
10,99439429512622,-0.011300921,1.0450468,1.0428061
4,99439432748195,-0.22077605,0.7438209,0.20852552
10,99439437677413,0.069279194,1.0020466,1.0710831
4,99439442489184,-0.12037488,0.8878979,0.40879524
10,99439449213976,0.14640689,0.66772985,0.8765087
4,99439452461788,-0.029028457,1.0072075,0.60560286
10,99439457703663,-0.0679605,0.41931295,0.62213993
4,99439462485174,0.0018642128,1.0354371,0.7603325
10,99439468984549,-0.5952767,0.7862296,0.5349684
4,99439472230069,0.16058862,0.8767126,0.8279768
10,99439477240799,-1.3708719,1.0744219,1.2342625
4,99439482062778,0.33502567,0.54674697,0.71798825
10,99439488756163,-1.6091889,0.23391104,3.366642
4,99439491982361,-0.06684534,0.06551377,0.36432046
10,99439497074497,-2.1245046,-0.8010664,2.807683
4,99439501866319,-0.6609966,-0.3153183,-0.07643273
10,99439507122569,-1.7656608,-0.97595406,2.8925142
4,99439510371424,-0.8186557,-0.4314321,-0.267914
10,99439516882778,-1.4340656,-2.0995007,2.6457682
4,99439521726319,-0.61625546,-0.43862265,-0.20399815
10,99439528357674,-0.92043376,-2.4855003,1.7122736
4,99439531592986,-0.16058862,-0.45886266,-0.13262543
10,99439536636528,0.019147396,-1.6142516,0.13360262
4,99439541471632,0.24900557,-0.4383563,-0.20932446
10,99439548139497,0.27481735,-0.54799175,-1.0415139
2,99439551384444,-36.0,-1.0,14.0
10,99439555248299,-0.0824486,0.19209528,-0.90234613
4,99439561974132,0.12436963,-0.5629923,-0.40719733
10,99439568259705,-0.21360946,0.53392935,-1.0827603
4,99439571496476,-0.08841695,-0.68629664,-0.48682585
10,99439576131372,0.30366933,0.9565196,-0.7792988
4,99439580947569,-0.11558119,-0.6849651,-0.5470133
10,99439587658767,0.3182764,0.59587145,-0.08095169
4,99439590867986,-0.13289174,-0.6061355,-0.52357745
10,99439593843247,-0.10789156,-0.12717772,0.78335524
4,99439601913872,-0.20053603,-0.55739963,-0.4644553
10,99439608276215,-0.42909884,-0.41461086,0.95070505
4,99439612614705,-0.14620754,-0.5158543,-0.42797
10,99439616330747,-0.3152839,-0.38710308,0.9007201
4,99439621095434,0.046072688,-0.42397526,-0.35579833
10,99439627442622,-0.23508596,-0.19298649,0.619668
4,99439630649705,0.23489082,-0.32170987,-0.22397186
10,99439633699340,-0.23987436,0.1685381,0.3036337
4,99439641047622,0.28176245,-0.28522456,-0.11638014
10,99439648676788,-0.32221758,0.6578851,-0.30658913
4,99439651914653,0.18429075,-0.27803403,-0.1025317
10,99439656421163,-0.35407913,0.63943815,-0.31158447
4,99439661216267,0.04261058,-0.26365295,-0.14221281
10,99439667766580,-0.1395781,1.3889766,-0.626843
4,99439670980694,-0.12117383,-0.2759035,-0.1667139
10,99439674001528,-0.2305578,1.1519504,-0.4784026
4,99439680778455,-0.22583607,-0.30280143,-0.16165388
10,99439688398663,-0.24471223,0.816195,-0.14414167
4,99439691971528,-0.23435818,-0.3057309,-0.13954964
10,99439696672101,-0.27446043,0.8319125,-0.12523317
4,99439701465694,-0.21678132,-0.29640985,-0.11371698
10,99439706531111,-0.59176016,0.051766396,0.20078993
4,99439709631163,-0.175236,-0.26897928,-0.090281166
10,99439712055955,-0.61570215,0.24809074,0.22712564
4,99439720159757,-0.10173275,-0.23489082,-0.054594804
10,99439727723090,-0.44390202,0.44853067,0.17936993
2,99439731021111,-30.0,-1.0,15.0
10,99439733145226,-0.15420365,0.31206083,0.062054157
4,99439739941007,-0.023169503,-0.20373182,-0.038615838
10,99439746082153,-0.19584179,0.27481508,0.14981031
4,99439749330486,-0.03009372,-0.19893813,-0.009054748
10,99439754445955,-0.41101134,0.42808867,-0.0011544228
4,99439759280642,-0.04314321,-0.2000034,-0.006924219
10,99439765483038,-0.34508193,0.60243225,-0.25395155
4,99439768730226,-0.12916331,-0.16405073,-0.016245283
10,99439774124809,-0.2323935,0.69605637,-0.31983376
4,99439778919601,-0.1603223,-0.15286545,-0.01571265
10,99439785300174,-0.14009905,0.5931897,-0.18636751
4,99439788537101,-0.2000034,-0.14647387,-0.005060006
10,99439793900121,-0.05117917,0.4893222,-0.11995983
4,99439798730851,-0.21358553,-0.15792546,0.004261058
10,99439803693976,-0.05391574,0.44029188,-0.09720516
4,99439807036580,-0.21731395,-0.15126756,0.021038974
10,99439813668403,-0.121934414,0.3114047,-0.09530449
4,99439818500642,-0.2213087,-0.123038046,0.05006743
10,99439824856736,-0.22377801,0.22000551,-0.07913113
4,99439828105955,-0.20905815,-0.112918034,0.06950851
10,99439833455069,0.027681828,0.20819283,-0.26396704
4,99439838350538,-0.14753912,-0.09614012,0.070041135
10,99439844630955,0.09420872,0.1761074,-0.30507898
4,99439847880642,-0.08175905,-0.0727043,0.058056913
10,99439854677674,0.11684036,0.0048246384,-0.11338711
4,99439858494236,-0.051665325,-0.079095885,0.044208474
10,99439863058246,-0.0034999847,-0.17218637,0.061295033
4,99439866369549,-0.06018744,-0.094009586,0.033822145
10,99439871575017,0.029921293,-0.18158245,0.08094978
4,99439876990486,-0.070041135,-0.08735169,0.03089267
10,99439882799028,0.0747869,-0.21162844,0.03921461
4,99439886163194,-0.11105382,-0.05352954,0.045540057
10,99439891401996,0.12876296,-0.20982122,-0.11328697
4,99439898774080,-0.175236,-0.018109497,0.064182185
10,99439903722517,0.15563583,-0.1157856,0.13797808
2,99439906856736,-33.0,-1.0,16.0
10,99439911482048,0.10954499,-0.15135574,0.27554512
4,99439917885382,-0.20772657,-0.046072688,0.023702133
10,99439924023871,0.12971377,-0.4720993,0.24817753
4,99439927266788,-0.2428803,-0.06551377,-0.020240024
10,99439932399653,0.100907326,-0.6254196,0.29071426
4,99439937195746,-0.21038973,-0.0644485,-0.042077947
10,99439943183871,0.10403705,-0.6584945,0.38271332
4,99439946447465,-0.15339808,-0.04926848,-0.043942157
10,99439952121892,0.057666063,-0.667233,0.37540865
4,99439956903611,-0.123038046,-0.024234766,-0.050866377
10,99439963301007,0.058110952,-0.49769163,0.3313756
4,99439966540121,-0.10359697,-5.326322E-4,-0.08442221
10,99439971827726,-0.0056302547,-0.26007128,0.38009644
4,99439976837309,-0.09134643,0.015180019,-0.112119086
10,99439982848871,-0.10264993,-0.2443161,0.2910533
4,99439986084184,-0.101200126,0.019441076,-0.11824436
10,99439991664236,-0.16325402,-0.26192188,0.32887697
4,99439996430798,-0.10146644,0.014913702,-0.12250541
10,99440001406371,-0.1452756,-0.1893611,0.4979005
4,99440004820903,-0.068176925,0.024767399,-0.12516858
10,99440011452986,-0.26265216,-0.06944227,0.566133
4,99440016243976,-0.046871636,0.0396811,-0.105727494
10,99440022595903,-0.43178463,4.7063828E-4,0.6292567
4,99440025845017,-0.0561927,0.03888215,-0.071106404
10,99440031201632,-0.5380024,-0.019446373,0.615674
4,99440036199392,-0.068176925,0.034621093,-0.05566007
10,99440041671423,-0.49984455,0.08316326,0.7554245
4,99440044919601,-0.048469532,0.03169162,-0.05566007
10,99440050996528,-0.5237614,0.1794548,0.8173003
4,99440055934705,-0.02876214,0.020506341,-0.054062173
10,99440062153923,-0.55069244,0.19032192,0.7631936
4,99440065405382,-0.040746365,0.0055926386,-0.042077947
10,99440070793142,-0.6302695,0.19083309,0.5475273
4,99440075672673,-0.06338324,-0.023702133,-0.03089267
10,99440081932778,-0.65599966,0.25752068,0.57048273
2,99440085197465,-34.0,-5.0,16.0
10,99440090590486,-0.5882231,0.22768164,0.6797571
4,99440095454757,-0.008522116,-0.06018744,-0.052996907
10,99440100371788,-0.61056745,0.0948329,0.7205677
4,99440103697361,-0.0010652645,-0.070307456,-0.05965481
10,99440109251684,-0.59896624,0.13434696,0.798429
4,99440115597465,0.0037284256,-0.07989483,-0.046072688
10,99440121702413,-0.6019267,0.16923809,0.68495893
4,99440124942100,-0.02609898,-0.066312715,-0.018642128
10,99440130103975,-0.5815438,0.3234377,0.6131706
4,99440135199132,-0.03089267,-0.057790596,0.0015978967
10,99440141308455,-0.53573024,0.39517117,0.53715134
4,99440144568819,-0.03435478,-0.054062173,0.00479369
10,99440149884444,-0.48491287,0.32187462,0.4427061
4,99440154921892,-0.03888215,-0.05219796,-0.0039947415
10,99440161011319,-0.4133711,0.3112812,0.39197254
4,99440164281163,-0.03888215,-0.053795855,-0.004527374
10,99440169661423,-0.4356668,0.38907814,0.31730413
4,99440174561111,-0.03195793,-0.05219796,0.0018642128
10,99440180802257,-0.42140818,0.38992643,0.23737383
4,99440184076580,0.006657903,-0.047137953,0.020240024
10,99440189448507,-0.29697633,0.36031246,0.2949462
4,99440194303715,0.02263687,-0.046072688,0.016511599
10,99440199251528,-0.23255229,0.2685542,0.31485844
4,99440202594288,0.05832323,-0.043942157,0.012250541
10,99440208091788,-0.25252843,0.24941397,0.24513865
4,99440214502153,0.072171666,-0.043942157,0.013848438
10,99440220623767,-0.17688918,0.26738214,0.16256666
4,99440223918871,0.070041135,-0.026897928,0.031158986
10,99440229039600,-0.063518524,0.4029174,0.1179142
4,99440233895017,0.07163903,0.004527374,0.046339005
10,99440240154444,-0.03823757,0.3930335,0.075203896
4,99440243391788,0.06178534,0.024767399,0.06578008
10,99440248760694,-0.02319765,0.33948565,0.08842373
4,99440253662413,0.027963191,0.03222425,0.073236935
10,99440259937621,0.08973026,0.34344482,0.062927246
2,99440263192830,-34.0,-4.0,16.0
10,99440268736267,0.1384561,0.28731966,0.04376316
4,99440273626319,-0.011717909,0.040746365,0.07350325
10,99440279762673,0.069476366,0.12799788,0.051949978
4,99440283001215,-0.022104237,0.040213734,0.083090626
10,99440288306371,-0.055483818,0.010241985,0.1704812
63,3.0
10,99440298065278,-0.19862294,-0.03615141,0.15263653
4,99440301470850,0.010918961,0.00479369,0.06657903
10,99440307893871,-0.20248151,-0.06033659,0.09338951
4,99440312599757,0.019441076,0.004261058,0.0479369
10,99440319014965,-0.21394014,-0.10428381,0.12956667
4,99440322106892,0.0053263223,-7.9894834E-4,0.030626353
10,99440327623402,-0.27887034,-0.13592339,0.2620349
4,99440333209809,-0.01571265,-0.018908445,0.0058589545
10,99440338907830,-0.36995482,-0.12772322,0.29825068
4,99440341989132,-0.032756884,-0.033023197,-0.015446335
10,99440347390121,-0.4243121,-0.26382446,0.23577833
4,99440352005434,-0.05006743,-0.03888215,-0.024767399
10,99440358543350,-0.43901873,-0.20899725,0.19712591
4,99440361625538,-0.021837922,-0.039414786,-0.031158986
10,99440367188142,-0.37601757,-0.002500534,0.21325779
4,99440371881163,0.027164243,-0.039947417,-0.03781689
10,99440378342569,-0.33063197,0.045880318,0.12716293
4,99440381422725,0.018109497,-0.040213734,-0.042876896
10,99440386966371,-0.31040573,0.080862045,0.0110964775
4,99440392597257,-0.021837922,-0.046339005,-0.056459017
10,99440397411163,-0.2059207,0.15111923,0.14124584
4,99440400406684,-0.03781689,-0.043675844,-0.061252706
10,99440406582830,-0.08530855,0.12648821,0.06161785
4,99440411974184,-0.043409526,-0.02396845,-0.04527374
10,99440417896215,0.037407875,0.1380558,0.14433622
4,99440420983975,-0.045007423,-0.0013315806,-0.027963191
10,99440425237673,0.09965706,0.21227598,0.16109562
4,99440431901007,-0.025033714,0.015978966,-0.017310547
10,99440439256319,0.18232417,0.1933279,0.12037659
2,99440442363090,-33.0,-3.0,16.0
10,99440446607465,0.12601447,0.10218954,0.14409304
4,99440451211111,-0.029827405,0.020240024,0.01438107
10,99440457453663,0.10861349,0.11604929,0.18409777
4,99440460535694,-0.005060006,0.020772656,0.023435818
10,99440464718455,0.1014328,0.20464134,0.16973257
4,99440471457465,0.022104237,0.025033714,0.026897928
10,99440478677257,0.012280226,0.1766386,0.17739773
4,99440481768194,0.009321064,0.01917476,0.02743056
10,99440484613038,-0.16728497,0.11678362,0.17739773
4,99440491636319,-0.033023197,0.006924219,0.017310547
10,99440498757257,-0.25018287,0.16599512,0.2606449
4,99440503144600,-0.052996907,0.0029294773,0.006657903
10,99440506913923,-0.2775159,0.14345217,0.27753353
4,99440511749809,-0.053263225,0.010120012,0.007190535
10,99440517851788,-0.34862685,0.071352005,0.35189152
4,99440521064080,-0.03701794,0.006924219,0.00958738
10,99440523996319,-0.45876026,-0.02441597,0.33513212
4,99440531147882,-0.033822145,0.007190535,0.008522116
10,99440538838194,-0.49034834,-0.04314375,0.28146744
4,99440542064913,-0.022903185,0.0127831735,0.008788432
10,99440544931163,-0.49034834,-0.04314375,0.28146744
4,99440549711892,0.010120012,0.015978966,0.01438107
10,99440556771215,-0.42981076,0.12811136,0.35567904
4,99440559990902,0.02609898,0.016245283,0.016777916
10,99440565210694,-0.4023373,0.21548367,0.3248415
4,99440569997152,0.021837922,0.014647386,0.01784318
10,99440576536579,-0.3944459,0.31402302,0.2863207
4,99440579782517,0.0010652645,0.008522116,0.033023197
10,99440584947517,-0.3813746,0.39412212,0.26020956
4,99440589748923,-0.0029294773,0.007456851,0.040213734
10,99440594914652,-0.28015065,0.43176222,0.28741646
4,99440598134444,-0.017044231,0.006657903,0.060453758
10,99440604591423,-0.26713228,0.46565866,0.24589396
4,99440609381684,-0.030360037,0.013315806,0.07962852
10,99440616130642,-0.27461195,0.4599104,0.38921785
2,99440619358246,-34.0,-4.0,16.0
10,99440624201840,-0.2754643,0.31025982,0.45224
4,99440628998819,-0.050866377,-0.013315806,0.11797804
10,99440635907673,-0.25259542,0.24362516,0.43760633
4,99440639129548,-0.021837922,-0.01571265,0.12703279
10,99440644278350,-0.25888944,0.05212164,0.36776257
4,99440649144184,2.663161E-4,-5.326322E-4,0.14008227
10,99440655677829,-0.3056543,0.036818027,0.32743406
4,99440658925434,0.008255799,-7.9894834E-4,0.1536644
10,99440664120902,-0.35061526,-0.00320673,0.41281748
4,99440668922517,0.019707393,-0.00479369,0.1486044
10,99440675425954,-0.34783792,-0.055206776,0.34263992
4,99440678675538,0.01304949,-0.008522116,0.1307612
10,99440683797361,-0.3036685,-0.116286755,0.23749256
4,99440688617413,-0.0013315806,-0.0061252704,0.113983296
10,99440693758298,-0.33922243,-0.10746384,0.26224518
4,99440697023090,-0.002396845,-7.9894834E-4,0.10040118
10,99440703456215,-0.3463204,-0.08231068,0.29632854
4,99440708293142,-0.004527374,0.0031957934,0.08522116
10,99440714999757,-0.32762027,-0.117164135,0.3376565
4,99440718235902,-0.007190535,-0.0013315806,0.07137272
10,99440723250954,-0.3315711,-0.106425285,0.29801226
4,99440728094757,0.0053263223,-0.00479369,0.0561927
10,99440734797309,-0.25858355,-0.027857304,0.28887367
4,99440738050590,0.025300032,0.0037284256,0.049534798
10,99440742821944,-0.2316916,0.10097456,0.30913734
4,99440747675902,0.043942157,0.0077231675,0.054328486
10,99440754695121,-0.2899394,0.18949938,0.33227634
4,99440757926631,0.047137953,0.004261058,0.05832323
10,99440762780277,-0.38046408,0.15330982,0.37401104
4,99440767565902,0.037550572,-0.0031957934,0.05832323
10,99440774324027,-0.368783,0.11086607,0.31616402
4,99440777567100,0.030360037,-0.0010652645,0.06258429
10,99440782749079,-0.2861998,0.20990515,0.28033447
4,99440787525486,0.042876896,0.017576864,0.071106404
10,99440792655017,-0.26921082,0.29124308,0.28162718
2,99440795944704,-35.0,-4.0,18.0
10,99440802367829,-0.25829482,0.33654976,0.2106576
4,99440807232048,0.039947417,0.021837922,0.08575379
10,99440813900798,-0.2093792,0.36795616,0.12340212
4,99440817139756,0.031158986,0.024767399,0.08655274
10,99440822337621,-0.18685603,0.34762764,0.068032265
4,99440827179965,0.017310547,0.04261058,0.09933591
10,99440833670121,-0.056052446,0.280622,0.090069294
4,99440836880538,0.0063915867,0.063116916,0.11345066
10,99440842071006,-0.030795813,0.20828056,0.079387665
4,99440846937309,0.00958738,0.07882957,0.12516858
10,99440853448975,0.0010004044,0.16768265,0.035158634
4,99440856704652,0.020506341,0.09241169,0.12703279
10,99440861827569,0.07667279,0.17866468,0.10715532
4,99440866613975,0.048203215,0.101200126,0.12436963
10,99440873232152,0.07434678,0.05870819,0.24221277
4,99440876441267,0.06764429,0.092145376,0.12783173
10,99440881630694,0.029253006,-0.10251999,0.18280888
4,99440886418715,0.05139901,0.08335695,0.12969595
10,99440891555381,0.06957793,-0.021974087,0.25051928
4,99440894798142,0.055926383,0.09267801,0.13528858
10,99440900179965,0.043680906,0.007982731,0.327343
4,99440906907048,0.05752428,0.090014845,0.1667139
10,99440913144496,-0.13911605,-0.15252733,0.40640068
4,99440916404027,0.050866377,0.03568636,0.2031992
10,99440921029548,-0.3114668,-0.26321983,0.42212343
4,99440925910590,0.05139901,-0.02609898,0.20586236
10,99440932573454,0.011306524,-0.14594078,0.12685013
4,99440935812100,0.0127831735,-0.030360037,0.17310548
10,99440940774027,0.3729825,0.06329775,-0.14658403
4,99440944943975,-0.03488741,0.03435478,0.14940333
10,99440952340798,0.5927217,0.1187644,-0.6343484
4,99440955579913,-0.114782244,0.09720538,0.1587244
10,99440960711215,0.24658418,0.03079462,-0.23958015
4,99440965538559,-0.1520665,0.08468852,0.14567491
10,99440971902933,-0.07371497,-0.23601103,0.36478376
2,99440975286840,-36.0,-3.0,18.0
10,99440980268975,-0.16358352,-0.43390942,0.5347314
4,99440985139183,-0.043675844,0.045007423,0.051665325
10,99440990453611,-0.23322213,-0.44938326,0.4925952
4,99440993691475,0.09454222,0.06391586,0.0053263223
10,99440998975746,-0.27200663,-0.4960761,0.4021325
4,99441005786267,0.17124127,0.080960095,-0.008255799
10,99441012073454,-0.3824861,-0.23437119,0.21889305
4,99441015308871,0.18961707,0.058589544,-0.015978966
10,99441019893402,-0.27092803,0.13961458,0.07994127
4,99441024716111,0.1784318,0.05672533,-0.02263687
10,99441031526319,-0.28532445,0.27989864,-0.02430439
4,99441034814183,0.05965481,0.057790596,-0.03355583
10,99441039750954,-0.38997412,0.4748845,0.18121195
4,99441044750329,0.018375812,0.049534798,-0.0314253
10,99441051197361,-0.42478228,0.43717146,0.25304365
4,99441054479913,-0.034088463,0.03089267,-0.025832662
10,99441059652100,-0.5504354,0.113479614,0.4666319
4,99441064620277,-0.04660532,0.021837922,-0.013848438
10,99441070965694,-0.5320941,0.03284788,0.47759295
4,99441074234704,-0.024501082,0.042077947,-0.002396845
10,99441079184340,-0.5167762,0.08488083,0.2499404
4,99441084025121,0.004261058,0.053263225,0.004261058
10,99441089339652,-0.49618804,0.11665058,0.10029316
785,3.0
4,99441092577361,0.013315806,0.05672533,5.326322E-4
4,99441097600225,0.0061252704,0.057790596,-0.0055926386
4,99441104422308,-0.0053263223,0.06178534,-0.011984225
10,99441110415746,-0.27971447,0.03303814,0.0019154549
4,99441113508194,0.0029294773,0.05832323,-0.033023197
10,99441118535954,-0.32235122,-0.025129795,0.10352945
4,99441123265954,0.048203215,0.04926848,-0.054594804
10,99441130052204,-0.35184646,-0.16032314,0.1865139
4,99441133130433,0.08868326,0.05539375,-0.07163903
10,99441138305381,-0.3676715,-0.22671652,0.14521217
4,99441143045225,0.107858025,0.08628642,-0.07749799
10,99441149832517,-0.259822,-0.07999134,0.1112237
2,99441152927881,-39.0,-5.0,19.0
10,99441158092465,-0.18737805,0.07324886,0.14059162
4,99441162755225,0.10066749,0.1488707,-0.062051654
10,99441169611579,-0.1664964,0.11079836,0.16855764
4,99441172699808,0.05752428,0.15339808,-0.07376956
10,99441177871058,-0.1457907,0.16282415,0.13867903
4,99441183878558,0.027164243,0.16484967,-0.09081379
10,99441188855017,-0.196221,0.19214058,0.18381071
4,99441191811058,0.025300032,0.17337179,-0.088150635
10,99441197638298,-0.2527845,0.14717197,0.2453804
4,99441202298975,0.04660532,0.18082865,-0.0793622
10,99441209161527,-0.16783631,0.10935688,0.3864274
4,99441212247985,0.0727043,0.18269286,-0.08735169
10,99441217431944,-0.11684358,0.1720128,0.44190073
4,99441222803298,0.08468852,0.1818939,-0.10013486
10,99441228936475,-0.20197034,0.19092083,0.4968152
4,99441232013038,0.076965354,0.17337179,-0.09081379
10,99441237192152,-0.23641622,0.15079069,0.55946636
4,99441242624027,0.08335695,0.16378441,-0.07057377
10,99441248719079,-0.22578537,0.13875484,0.61937237
4,99441251811267,0.107858025,0.14966966,-0.06231797
10,99441255791267,-0.19705486,0.2010045,0.56909466
4,99441262558923,0.13129385,0.14088123,-0.06338324
10,99441269757725,-0.12634516,0.2140131,0.5224662
4,99441272846996,0.12436963,0.13662016,-0.063116916
10,99441275590173,-0.12873936,0.27386808,0.4985242
4,99441282734027,0.092944324,0.11504856,-0.056459017
10,99441288990590,-0.15210986,0.23534727,0.52495813
4,99441291971788,0.072171666,0.087085366,-0.051665325
10,99441294301163,-0.09464908,0.16830969,0.5584769
4,99441302431319,0.05566007,0.08442221,-0.04234426
10,99441310085954,-0.16653657,0.06241083,0.49696112
4,99441313342725,0.037550572,0.076166406,-0.029028457
10,99441317920381,-0.16237545,0.057991505,0.49258804
4,99441322804913,0.048203215,0.056991648,-0.024501082
10,99441329107881,-0.18162835,0.009903431,0.49784136
2,99441332366371,-40.0,-9.0,18.0
10,99441334386996,-0.112196445,-0.033192158,0.47389936
4,99441341921944,0.10040118,0.04261058,-0.02263687
10,99441349504131,-0.17123544,-0.055749416,0.4903264
4,99441352741579,0.11851067,0.019707393,-0.022370555
10,99441355692725,-0.26460922,-0.03659582,0.45920134
4,99441361438819,0.11052119,0.0,-0.023435818
10,99441368978142,-0.28686512,-0.02498436,0.28383255
4,99441372254340,0.082025364,-0.00479369,-0.027164243
10,99441375157621,-0.21025062,0.05881262,0.26946735
4,99441382057152,0.056991648,0.0037284256,-0.027963191
10,99441388540017,-0.28199232,0.03864622,0.3795123
4,99441392772048,0.047404267,-0.017310547,-0.023702133
10,99441394884600,-0.3873372,-0.090640545,0.41542482
4,99441401242256,0.045540057,-0.030626353,-0.024234766
10,99441407383767,-0.40536642,-0.08182335,0.32482624
4,99441410624287,0.07084008,-0.037284255,-0.03914847
10,99441415854860,-0.36828446,0.024080276,0.28669548
4,99441420741996,0.08042747,-0.029294772,-0.03914847
10,99441426904965,-0.379089,0.039560795,0.24960756
4,99441430147673,0.08468852,-0.013582122,-0.012250541
10,99441435421423,-0.3620119,0.0855732,0.23803997
4,99441440259444,0.083090626,-0.013315806,-0.004261058
10,99441446550225,-0.36019683,0.100868225,0.20724869
4,99441449792673,0.07084008,-0.01571265,-0.002396845
10,99441455187725,-0.36787474,0.12431955,0.16518974
4,99441460036162,0.056459017,-0.014913702,0.0
10,99441466330485,-0.39440262,0.11078644,0.135993
4,99441469549287,0.053263225,-0.013582122,0.018375812
10,99441474986423,-0.3291359,0.050644875,0.10035133
4,99441479810381,0.055127434,0.004261058,0.047670584
10,99441484742256,-0.31698227,0.06961346,0.15048552
4,99441488120954,0.0743022,0.025832662,0.07376956
10,99441493654548,-0.33489597,0.11609745,0.22520018
4,99441500174808,0.09827065,0.032490566,0.092944324
10,99441506228194,-0.4050933,0.19184017,0.23322296
2,99441509480954,-39.0,-9.0,21.0
10,99441514432100,-0.38130045,0.2616682,0.19001532
4,99441519259392,0.10013486,0.036218993,0.12463594
10,99441525663715,-0.44230545,0.3057723,0.09186268
4,99441528900017,0.07856325,0.03781689,0.14114754
10,99441534320329,-0.4685048,0.3204007,0.14306259
4,99441539135694,0.05832323,0.035153728,0.16245283
10,99441545439600,-0.5028002,0.36543655,0.18077946
4,99441548676423,0.045540057,0.027164243,0.180296
10,99441554141527,-0.5361742,0.41398048,0.20953274
4,99441558094235,0.04873585,0.008522116,0.18429075
10,99441565260121,-0.53456056,0.421947,0.20031786
4,99441568495798,0.047137953,-0.010652645,0.19387813
10,99441573862360,-0.4985019,0.4441328,0.21531725
4,99441578639027,0.04181163,-0.017044231,0.21544974
10,99441583564131,-0.4672854,0.49051428,0.25686836
4,99441587020642,0.043675844,-0.017576864,0.2543319
10,99441593652204,-0.5245949,0.5227442,0.29801655
4,99441598501996,0.03222425,-0.033023197,0.3075951
10,99441604783246,-0.56052554,0.49432993,0.29675198
4,99441608002204,0.016511599,-0.052464273,0.35979307
10,99441613430017,-0.4426105,0.40849113,0.33304167
4,99441618278558,0.013582122,-0.06471482,0.4066647
10,99441624606423,-0.3642485,0.26938152,0.4087243
4,99441627837204,0.016245283,-0.06258429,0.4527374
10,99441633207048,-0.36223817,0.3026948,0.50064516
4,99441637179704,0.032490566,-0.051931642,0.5001417
10,99441644327152,-0.30486214,0.36648226,0.47424078
4,99441647565642,0.0396811,-0.03169162,0.53316486
10,99441652973506,-0.2446835,0.47760057,0.35352707
4,99441657763142,0.0055926386,-0.02396845,0.5267733
10,99441664119079,-0.2813486,0.5755329,0.31488466
4,99441668953819,-0.07084008,-0.047404267,0.49321744
10,99441673638402,-0.27285242,0.513566,0.2663908
4,99441678435173,-0.14674018,-0.08495484,0.44394895
10,99441683305485,-0.36666167,0.30490685,0.28107405
2,99441686501631,-38.0,-7.0,20.0
10,99441692212048,-0.3846314,0.08824062,0.3860855
4,99441697084808,-0.16058862,-0.14141385,0.34621096
10,99441702243610,-0.42556977,-0.067080975,0.46737432
4,99441705683714,-0.103064336,-0.15925704,0.30333406
10,99441710892777,-0.47453916,-0.17172241,0.4982834
4,99441716582048,-0.057790596,-0.18908444,0.2559298
10,99441723159860,-0.3876567,-0.27081013,0.45314693
4,99441726415642,-0.047137953,-0.19014971,0.19813919
10,99441731911319,-0.2604245,-0.333313,0.37189054
4,99441736852985,-0.053263225,-0.1736381,0.16085494
10,99441742874079,-0.19745064,-0.38395405,0.35562754
4,99441746112777,-0.043942157,-0.14327806,0.13475595
10,99441752132048,-0.12010002,-0.44968605,0.4322152
4,99441756946162,-0.025832662,-0.11265171,0.10333065
10,99441762748714,-0.08536363,-0.4645505,0.42358112
4,99441765962464,-0.00958738,-0.07563378,0.062051654
10,99441772184339,-0.1456604,-0.34487915,0.25772762
4,99441777009079,-0.0061252704,-0.05139901,0.0314253
10,99441781907204,-0.21737397,-0.26447248,0.12696552
4,99441785097569,-0.0053263223,-0.04447479,0.02130529
10,99441790921527,-0.16763937,-0.19879866,0.065497875
4,99441795681319,0.005060006,-0.02956109,0.0013315806
10,99441801480642,-0.03992498,-0.034517765,0.086586475
4,99441805408871,0.019707393,-0.026631612,-0.007989483
10,99441811148142,-0.0130649805,0.009748459,0.086556435
4,99441816031631,0.03701794,-0.015446335,-0.018375812
10,99441822337412,-0.117132664,0.0554142,0.047319412
4,99441825576423,0.046871636,0.0018642128,-0.03222425
10,99441830972829,-0.023159742,0.11684084,0.021850586
4,99441835920485,0.06231797,0.01784318,-0.037284255
10,99441842122881,0.045799136,0.14213037,0.07793331
4,99441845340173,0.11052119,0.07403588,-0.04580637
10,99441850747048,0.033482432,0.27165556,0.11173296
4,99441855656162,0.11584751,0.08681905,-0.05352954
10,99441861892621,0.017889857,0.39084196,0.12851763
2,99441865124444,-37.0,-7.0,18.0
10,99441870566371,-0.07623768,0.6671829,-0.02060318
4,99441875471839,0.112119086,0.1041296,-0.084155895
10,99441880370433,-0.14638937,0.56709814,-0.13303709
4,99441883681891,0.04873585,0.07403588,-0.04580637
10,99441890304391,-0.15710282,0.36470842,-0.15755749
4,99441895214183,0.03542004,0.032490566,-0.00479369
10,99441901453766,-0.06153059,0.28650475,-0.019196987
4,99441904702725,0.0958738,0.002130529,0.015978966
10,99441910079808,-0.062041163,0.17579031,0.10926247
4,99441914942673,0.11504856,-0.022104237,0.038083203
10,99441921217673,-0.18682444,0.17564917,0.12308979
4,99441924527100,0.06578008,-0.041012682,0.05352954
10,99441929856423,-0.19282162,0.12518978,0.16933393
4,99441934905485,-0.0063915867,-0.06471482,0.054062173
10,99441941007412,-0.14809096,0.025395393,0.18428373
4,99441944290277,-0.050866377,-0.08016115,0.047404267
10,99441949634912,-0.1666205,-0.116185665,0.21174431
4,99441954537048,-0.073236935,-0.08894958,0.050866377
10,99441960771579,-0.20469189,-0.14828253,0.19031239
4,99441964078714,-0.08335695,-0.092944324,0.06258429
10,99441968294131,-0.16123998,-0.12251997,0.16917038
4,99441975344391,-0.087085366,-0.08948222,0.06391586
10,99441980321996,-0.111195564,-0.04906988,0.14802408
4,99441983417152,-0.087618,-0.08175905,0.05139901
10,99441987779339,-0.04187739,-0.020893097,0.15097952
4,99441994288298,-0.08335695,-0.0793622,0.04447479
10,99442000360329,-0.112996936,-0.22126055,0.13080359
4,99442003576371,-0.09241169,-0.072970614,0.046871636
10,99442008949600,-0.19265997,-0.29219627,0.09857321
4,99442013923350,-0.06684534,-0.057257965,0.033023197
10,99442019002256,-0.2237438,-0.27053356,0.18115664
4,99442023157829,-0.019441076,-0.03701794,0.007989483
10,99442028754183,-0.25229788,-0.2736764,0.1367774
4,99442033822464,-0.0055926386,-0.025566347,-0.020772656
10,99442039909548,-0.3152554,-0.16870594,0.07432222
2,99442043147308,-40.0,2.0,19.0
10,99442047400173,-0.24424827,-0.034377098,0.027838707
4,99442052783975,0.008255799,0.0034621095,-0.10359697
10,99442058540954,-0.218413,0.014327049,-0.02247715
4,99442062785433,0.027963191,0.019707393,-0.1307612
10,99442069205068,-0.40952408,0.012880325,0.17909575
4,99442074206423,0.0644485,0.0063915867,-0.12463594
10,99442079145954,-0.44082642,-0.029545784,0.20641994
4,99442082246839,0.10546118,0.021837922,-0.09773801
10,99442085359183,-0.34026992,-0.07742977,0.24712133
4,99442093040173,0.12197278,0.072171666,-0.03888215
10,99442101198454,-0.4084226,0.21414423,0.35143375
4,99442104293350,0.14327806,0.10066749,0.038615838
10,99442108308558,-0.39491236,0.19987488,0.33791876
4,99442112777777,0.15020229,0.09321064,0.096939065
10,99442118962881,-0.59144247,0.45461512,0.47467852
4,99442122190433,0.09427591,0.054062173,0.122771725
10,99442126095693,-0.81649745,0.38039494,0.35018015
4,99442131690537,0.04314321,0.006924219,0.13102753
10,99442140218818,-0.6316409,0.5452814,0.28028345
4,99442143482412,0.04314321,-0.007190535,0.1387507
10,99442148477725,-0.4219017,0.68425703,0.33250952
4,99442153422933,0.030360037,-0.02130529,0.14647387
10,99442159459443,-0.45065784,0.5972009,0.3160262
4,99442162693923,-0.061519023,-0.0727043,0.12037488
10,99442165186683,-0.42671573,0.60438347,0.07900047
4,99442171754027,-0.15472966,-0.13954964,0.036751624
10,99442178718298,-0.31142032,0.69839907,0.03436947
4,99442182839964,-0.19680761,-0.18615496,-0.05219796
10,99442185039652,-0.42155945,0.37039566,0.11098385
4,99442191238975,-0.17869811,-0.267914,-0.10945592
10,99442198265068,-0.5654013,-0.3309455,0.46047354
4,99442201512621,-0.10918961,-0.35553202,-0.13662016
4,99442206533714,-0.10918961,-0.35553202,-0.13662016
4,99442210711058,0.015978966,-0.37257624,-0.14221281
10,99442216989964,-0.2477467,-0.7492852,0.8276291
2,99442220391943,-40.0,2.0,19.0
10,99442226306683,-0.45844674,-0.5375452,0.7891803
4,99442230487412,0.16777915,-0.304133,-0.00958738
10,99442237511162,-0.31324112,-0.19648361,0.5568018
4,99442240740329,0.1555286,-0.10546118,0.28043085
10,99442246322412,0.09236097,-0.17504215,1.0052071
4,99442250405225,0.13182648,0.002396845,0.396811
10,99442257612777,0.008115649,-0.43730545,1.2106118
4,99442260856475,-0.049534798,0.3358246,0.82557994
10,99442265627360,0.12920511,0.2542262,1.3853669
4,99442270751371,-0.052464273,0.42370895,0.9648633
10,99442275979287,0.42295337,0.69315434,1.3144913
4,99442279229079,0.040746365,0.56618804,1.0881677
11,99442285649183,-0.297725,0.122516,-0.573095,0.753598,3.0
4,99442289887620,-0.07989483,0.51052797,0.9310411
10,99442297165225,0.51723194,-0.017318249,0.10146761
4,99442300410381,-0.2247708,0.24181503,0.5113269
10,99442305676787,0.3379972,0.31554127,1.0322866
4,99442309957673,-0.35979307,-0.03009372,-0.027696876
10,99442316969704,0.056851983,0.33486843,0.89904404
4,99442320184548,-0.57577544,-0.1520665,-0.37364152
10,99442325219964,-0.796018,1.0388627,0.31412888
4,99442329992985,-0.6269081,-0.22503711,-0.5267733
10,99442336717204,-0.8887853,0.8641267,0.018026829
4,99442339971787,-0.598146,-0.3888215,-0.57817227
10,99442343883350,-1.1217415,0.36725044,-0.7271075
4,99442349473975,-0.3768373,-0.6580671,-0.53742594
10,99442356557725,-1.2970849,0.32017088,-0.6708064
4,99442359804912,0.041545313,-0.85514104,-0.42583945
10,99442364808037,-1.0938916,0.096176624,0.25525475
4,99442370559235,0.340352,-0.9920275,-0.31931302
10,99442375720641,-1.137282,0.3898492,0.018603802
4,99442378812829,0.49694586,-0.99069595,-0.15126756
10,99442383123350,-0.40175557,1.8657718,0.47978115
4,99442390195798,0.582167,-0.7323693,0.10439592
10,99442396497048,0.48648167,1.7305031,0.9005499
2,99442399759495,-37.0,8.0,20.0
10,99442403278766,0.1621399,0.75087976,0.8445034
4,99442410039964,-0.14301175,-0.10972224,0.6870956
10,99442416312725,-0.27978313,0.5365658,0.9398551
4,99442419521058,-0.20879184,0.028495824,0.94755274
10,99442423729287,0.59016764,0.40881014,0.18370008
4,99442429464548,-0.1603223,0.2130529,1.0250508
10,99442435721735,1.3879406,1.3337002,-0.6227379
4,99442438960381,-0.095074855,0.41225734,0.9089369
10,99442442801423,1.2820797,1.4404535,-1.5995264
4,99442448355329,-0.23196134,0.51292485,0.7526093
10,99442455437881,0.7477237,0.5034442,-1.6096263
4,99442458677725,-0.38269624,0.4079963,0.4809669
10,99442463880225,-0.051668048,-1.5834694,-0.03857565
4,99442468647985,-0.4708469,0.1123854,0.05672533
10,99442473781110,-0.46313214,-3.9312234,1.1557364
4,99442477009079,-0.5504754,-0.24101609,-0.35633096
10,99442483498558,-0.7379582,-4.132864,1.1814456
4,99442488354964,-0.23595607,-0.39574575,-0.5030711
10,99442494961579,-0.73616123,-3.9004436,1.2355299
4,99442498209443,0.13768543,-0.39388153,-0.3933489
10,99442501842672,-0.2908665,-2.9940124,0.28974295
4,99442507389079,0.47137952,-0.3518036,-0.31771514
10,99442513353037,0.39163864,-1.1222286,-0.6497364
4,99442517328297,0.7097325,-0.32011196,-0.38908786
10,99442521618870,0.77466214,0.079734325,-1.3187981
4,99442527181058,0.63010395,-0.30200246,-0.5637912
10,99442533145745,0.7069218,0.30874062,-1.7482886
4,99442536385068,0.23782028,-0.2761698,-0.7640609
10,99442541421527,0.6581211,0.4806075,-1.6967664
4,99442546975381,0.021571605,-0.16165388,-0.91799164
10,99442553617152,0.85899734,0.22607946,-1.0986695
4,99442556834339,0.044208474,0.06364955,-0.9851033
10,99442561701527,0.940773,-0.32693243,-0.7556586
4,99442568508818,0.1355549,0.27643612,-0.9829728
10,99442573665954,0.52836895,-0.5481615,-0.5181203
2,99442576782829,-36.0,12.0,21.0
10,99442581215068,0.023234129,-0.83648586,-0.18497086
4,99442586598662,0.4135889,0.41864893,-0.8021441
10,99442592762777,0.09108305,-0.76810503,0.05667305
4,99442595996162,0.50626695,0.5203817,-0.6649913
10,99442600995797,0.056769133,-0.096392155,0.3588581
4,99442607677933,0.58456385,0.6420882,-0.5073322
11,99442612862100,-0.323825,0.069284,-0.509665,0.794089,3.0
4,99442616011162,0.5536712,0.7099988,-0.36112466
10,99442620804079,-0.28449595,1.3712187,0.3022442
4,99442626243975,0.42743737,0.7123956,-0.2727077
10,99442633037464,-0.24523675,1.6935902,0.14230013
4,99442636257412,0.2615224,0.6825682,-0.24660872
10,99442641636683,-0.21982086,1.7059197,0.121733665
4,99442646411787,0.18056233,0.66818714,-0.24208134
10,99442652450902,-0.30447912,1.3879933,0.25564098
4,99442655742933,0.017576864,0.63862604,-0.22077605
10,99442660324391,-0.5119947,1.0688119,0.599864
4,99442667399964,-0.0743022,0.582167,-0.18455707
10,99442672521058,-0.6656027,0.8113303,0.7769213
4,99442676148975,-0.013315806,0.46472162,-0.15313177
10,99442680105277,-0.64211094,0.3815174,0.7063918
4,99442686776214,0.018375812,0.43755737,-0.1536644
10,99442691671006,-0.6012734,0.24219179,0.70364475
4,99442695489287,0.08042747,0.38456047,-0.1536644
10,99442700543975,-0.6806464,0.17659616,0.7937703
4,99442705496631,0.16458336,0.32037827,-0.14434333
10,99442711254547,-0.831457,0.18446112,0.7279568
4,99442714672672,0.22423817,0.22663501,-0.13422333
10,99442719645641,-0.83147776,0.20006514,0.60833263
4,99442726321943,0.24101609,0.1520665,-0.13901702
10,99442731702360,-0.8039,0.2765317,0.6352873
4,99442734941891,0.22556975,0.08628642,-0.14807177
10,99442740563402,-0.84903693,0.3807063,0.55684423
4,99442745437724,0.1949434,0.013582122,-0.14647387
10,99442751848193,-0.8054271,0.4899602,0.41727352
2,99442755173037,-41.0,12.0,20.0
10,99442760440797,-0.710817,0.6617212,0.17731333
4,99442765308245,0.081226416,-0.13289174,-0.1387507
10,99442770425589,-0.6431483,0.77996445,-0.15631247
4,99442773668506,0.053263225,-0.17789917,-0.12357068
10,99442779003089,-0.2085383,0.71801424,0.0677371
4,99442785673089,0.060720075,-0.09427591,-0.08175905
10,99442791930745,0.20011151,0.22487116,0.46758223
4,99442795177568,0.017044231,0.14168017,0.018109497
10,99442800028349,0.16784632,-0.31989145,0.9567852
4,99442805005120,-0.0892159,0.504669,0.23355924
10,99442811408974,-0.006303191,-0.594543,1.6027603
4,99442814635485,-0.19014971,0.8839032,0.58696073
10,99442818616318,-0.4753691,-0.90951633,1.2706871
4,99442823823193,-0.2412824,1.0796455,0.94568855
11,99442833334079,-0.281169,0.112988,-0.578983,0.756938,3.0
10,99442833334079,-0.8211456,-0.7580328,1.1712637
4,99442828823193,-0.1571265,1.077515,1.081776
4,99442836465016,0.16192019,0.8700547,1.1483551
10,99442839591683,-0.67764455,-0.7446809,1.1545153
4,99442843599131,0.37390783,0.7419567,1.026116
10,99442849535954,-0.6075768,-0.60701656,1.9548845
4,99442852779391,0.47830373,0.20612867,0.49188587
10,99442857855641,-1.7518666,-1.6060839,1.9060831
4,99442863752724,-0.21678132,-0.3832289,-0.20985709
10,99442869330277,-1.9041101,-0.35861015,1.417985
4,99442872535954,-0.5251754,-0.6269081,-0.61439127
10,99442877572829,-1.6880418,-0.44859457,1.3286009
4,99442883221527,-0.5797702,-0.63223445,-0.65007764
10,99442889454131,-1.5969865,-1.8813858,0.69576025
4,99442893950016,-0.34967306,-0.65673554,-0.57604176
10,99442897391162,-0.3739599,-1.6200576,-0.018200874
4,99442904107777,0.2428803,-0.669785,-0.6085323
10,99442910133922,0.5010768,-0.7031269,-0.5146985
4,99442913346735,0.545948,-0.64847976,-0.7222493
10,99442916330172,0.12039864,-0.09499931,-1.350275
4,99442924147412,0.29321405,-0.7259777,-0.804541
10,99442931744131,-0.35772836,0.45280218,-1.0513101
2,99442935032151,-39.0,-4.0,24.0
10,99442939330433,-0.4669181,0.4384308,-1.0356746
4,99442944203818,-0.15259913,-0.6644587,-0.81545997
10,99442950482829,0.044208527,0.62044144,-0.15921307
4,99442953716787,-0.19041602,-0.4809669,-0.74941355
10,99442956726006,-0.25267243,0.01231432,0.11851406
4,99442964097151,-0.11824436,-0.3400857,-0.60720074
10,99442971841058,-0.41404605,0.0037055016,0.387105
4,99442974559235,0.08841695,-0.23062976,-0.46845004
10,99442979574495,-0.45657206,-0.01871109,0.38332415
4,99442984451631,0.23542345,-0.111852765,-0.36991307
10,99442990830954,-0.030593872,0.71690226,-0.12029505
4,99442994157308,0.21997711,-0.018375812,-0.2761698
10,99442996955224,-0.066512585,1.2101102,-0.24479342
4,99443003021474,0.11371698,0.059921127,-0.17204021
10,99443010599964,-0.0093102455,1.66903,-0.3243394
4,99443013878506,-0.004527374,0.12197278,-0.07163903
10,99443016824860,-0.052405834,1.8533835,-0.626009
4,99443022874599,-0.11930962,0.1304949,0.011451593
10,99443030499131,-0.12564826,2.0559566,-0.84361744
4,99443033742672,-0.14354439,0.12117383,0.046871636
10,99443036833245,0.0012443066,1.9338522,-0.7909446
4,99443042710797,-0.1107875,0.12516858,0.041012682
10,99443050254079,-0.07605791,1.2935729,-0.45048904
4,99443053676214,-0.08042747,0.10892329,0.038083203
10,99443056581370,-0.076063395,1.2935753,-0.45048904
4,99443062772672,-0.06524745,0.09534117,0.040746365
10,99443069122047,-0.17278886,0.76705265,0.025727272
4,99443073484391,0.036218993,0.09374327,0.070041135
10,99443075589964,0.0043821335,0.81014824,0.1861391
4,99443082342985,0.057257965,0.1257012,0.09827065
10,99443088431995,-0.26724696,0.44763136,0.2391181
4,99443091680485,-0.08229168,0.16405073,0.21758026
10,99443096846474,-0.7537044,0.186234,0.13108349
4,99443101629391,-0.13528858,0.15339808,0.22343922
10,99443107858558,-0.70594573,0.05685997,0.063548565
2,99443111130641,-33.0,-4.0,21.0
10,99443116031943,-0.43303442,-0.31019068,0.19171381
4,99443120930589,-0.12010857,0.17230652,0.07856325
10,99443127650381,-0.3700149,-0.4685955,0.20234203
4,99443130883193,-0.09560748,0.18109496,0.023169503
10,99443136277516,-0.24021208,-0.551661,0.5320716
4,99443141053193,-0.071106404,0.165116,-0.011185277
10,99443147470693,-0.23075497,-0.54751396,0.5727706
4,99443150707672,-0.090281166,0.15180019,-0.033023197
10,99443156056318,-0.34990263,-0.5146866,0.52053547
4,99443160876839,-0.14567491,0.09667275,-0.04527374
10,99443165868037,-0.69983137,-0.367692,0.31571198
4,99443169219391,-0.16538231,-0.00479369,-0.076965354
10,99443174742933,-0.4372958,-0.037518978,-0.11490154
4,99443181221631,-0.13315806,-0.05219796,-0.12863068
10,99443187399443,0.13070607,0.10231018,-0.1735239
4,99443190620433,-0.08495484,-0.06391586,-0.20399815
10,99443195817360,0.024772406,-0.023983479,0.014262199
4,99443200645120,-0.07536746,-0.14061491,-0.272974
10,99443206773401,-0.31379795,-0.048738003,0.3013897
4,99443210028558,-0.086020105,-0.23062976,-0.31158987
10,99443215385016,-0.29831684,0.07733679,0.548862
4,99443220226214,-0.07749799,-0.25646242,-0.31345406
10,99443226552047,-0.33664978,0.19016361,0.5954399
4,99443229798818,-0.060453758,-0.23435818,-0.26897928
10,99443235184912,-0.42163253,0.32757807,0.6806736
4,99443240047360,-0.06977482,-0.21252026,-0.19361182
10,99443246332828,-0.48890972,0.49893618,0.6641722
4,99443249551943,-0.10705908,-0.19254655,-0.11345066
10,99443254962828,-0.6143173,0.81681156,0.5473485
4,99443259734391,-0.1486044,-0.18615496,-0.0479369
10,99443264724912,-0.74208045,1.2911577,0.22315168
4,99443268093349,-0.19893813,-0.23062976,0.0063915867
10,99443274752724,-1.0097489,1.9373198,-0.51744556
4,99443279565589,-0.29640985,-0.33502567,0.05006743
10,99443285875120,-1.0322297,2.5418,-1.1082096
2,99443289144808,-37.0,-7.0,20.0
10,99443294503558,-0.9391781,2.9336367,-1.1600666
4,99443299291995,-0.64528394,-0.61439127,0.10945592
10,99443305657203,-1.1004233,3.1620903,-0.55001974
4,99443308905745,-0.7869641,-0.8127968,0.1488707
10,99443314295953,-1.4840131,2.7484941,0.48996687
4,99443319033506,-0.9057411,-1.0186591,0.23355924
10,99443325481370,-1.9492655,1.4895554,1.077662
4,99443328697203,-0.99708754,-1.1510183,0.35313517
10,99443334082256,-1.9144938,0.23832369,1.2448487
4,99443338896058,-0.933438,-1.1182613,0.464189
10,99443345225745,-1.328382,-0.55853176,1.4138837
4,99443348469339,-0.6897587,-0.9483517,0.5850965
10,99443353893089,-0.9035516,-1.1856904,1.4208937
4,99443358740485,-0.42317632,-0.76565886,0.7278419
10,99443363639860,-0.6871809,-1.7439623,1.0934114
4,99443366985849,-0.21198763,-0.6178534,0.83490103
10,99443373618245,-0.27837348,-1.928308,0.6035991
4,99443378400068,-0.06844324,-0.45193845,0.85700524
10,99443384846474,0.209409,-1.6666145,0.1830945
4,99443388068714,0.016511599,-0.28575718,0.8231831
10,99443393405224,0.34912562,-1.1223636,-0.25281477
4,99443398213141,0.060453758,-0.165116,0.7518104
10,99443404588193,0.59220314,-0.7637205,-0.7064872
4,99443407839599,0.040746365,-0.08016115,0.6287723
10,99443413182203,0.8950224,-0.7833638,-0.8977742
4,99443417970901,-0.041012682,-0.023435818,0.46685216
10,99443424407985,0.8633559,-0.96615314,-0.8751049
4,99443427650380,-0.111852765,0.0037284256,0.3304983
10,99443432961995,0.71718335,-1.1282454,-0.49994326
4,99443437816683,-0.09880328,0.047404267,0.24660872
10,99443444143714,0.72670436,-1.3191733,-0.044579506
4,99443447389130,0.0034621095,0.12144015,0.20905815
10,99443452736526,0.6915076,-1.4344425,0.32863665
4,99443457544183,0.14141385,0.20426446,0.18002969
10,99443462694703,0.68215895,-1.3124766,0.52997494
2,99443465876943,-49.0,-1.0,25.0
10,99443471933766,0.6705551,-1.1332531,0.48549986
4,99443476753974,0.3174488,0.31984565,0.092145376
10,99443483693193,0.63057923,-0.51457834,0.3932953
4,99443486925172,0.31984565,0.33662358,0.05352954
10,99443492283037,0.50942445,-0.26551485,0.3894081
4,99443497037933,0.3043993,0.3320962,0.03542004
10,99443503466058,0.32059813,-0.2766018,0.4871869
4,99443506724703,0.2692456,0.3043993,-5.326322E-4
10,99443512019651,0.08377528,-0.3561797,0.7439985
4,99443516844495,0.267914,0.2796319,-0.011984225
10,99443523241683,-0.024894,-0.40761852,0.8627453
4,99443526480953,0.28202876,0.2314287,-0.042077947
10,99443531845901,-0.037865877,-0.28716373,1.0071244
4,99443536700433,0.28895298,0.19600865,-0.06338324
10,99443542994078,-0.060781956,-0.1764698,1.0929523
4,99443546240901,0.30972564,0.12942964,-0.064182185
10,99443551668558,-0.17483759,-0.069906235,1.1503305
4,99443556483193,0.31611723,0.070307456,-0.056459017
10,99443561403453,-0.092067,-0.07756567,1.0732751
4,99443564759183,0.27457193,0.054594804,-0.055127434
10,99443571400901,-0.104673386,-0.0972209,0.9737215
4,99443576222203,0.20399815,0.021837922,-0.043942157
10,99443582535641,-0.30180788,-0.19420433,0.93523884
4,99443585775276,0.14487597,-0.03834952,-0.04474111
10,99443591181110,-0.15092993,-0.24363375,0.7154927
4,99443596105745,0.11265171,-0.06178534,-0.059921127
10,99443602351422,0.03248787,-0.1280961,0.4554062
4,99443605591787,0.08628642,-0.046072688,-0.072171666
10,99443610980432,0.05938649,-0.0964818,0.28526783
4,99443615881526,0.050600063,-0.04314321,-0.070307456
10,99443622117516,-0.1538508,-0.14096212,0.461689
4,99443625338610,0.049002163,-0.11052119,-0.09081379
10,99443630714651,-0.46244323,-0.4245572,0.27600956
4,99443635595224,0.05219796,-0.20612867,-0.1635181
10,99443641880901,-0.36024737,-0.72329235,-0.02354765
2,99443645143714,-47.0,1.0,21.0
10,99443650564287,-0.23126674,-0.7233677,0.056664467
4,99443655496839,0.07057377,-0.19600865,-0.33076462
10,99443660414287,-0.50275695,-0.7020626,0.319304
4,99443663959964,0.1387507,-0.17070863,-0.32037827
10,99443669382620,-0.52849185,-0.6780944,0.5138993
4,99443675533245,0.23036344,-0.113983296,-0.3089267
10,99443681657307,-0.2733314,-0.357419,0.55872774
4,99443684898922,0.3422162,-0.041279,-0.3222425
10,99443690098714,-0.20786214,-0.049975395,0.43542385
4,99443694993245,0.4045342,0.020240024,-0.31478566
10,99443701231005,-0.29111528,0.20350361,0.06387997
4,99443704527568,0.4111921,0.056459017,-0.2761698
10,99443709829964,-0.20026088,0.4891572,-0.039185524
4,99443714876630,0.41172472,0.11025487,-0.22343922
10,99443721018453,-0.18909049,0.73555994,0.023831367
4,99443724314703,0.38615838,0.1206412,-0.14247912
10,99443729619703,-0.5478337,0.7340708,-0.17619705
4,99443734508401,0.30786142,0.10918961,-0.06764429
10,99443740818349,-0.37692952,0.8175249,-0.18265152
4,99443744121578,0.24820662,0.11957593,-0.035153728
10,99443749388922,-0.26414633,0.9102483,-0.14631414
4,99443754271110,0.19867182,0.12623383,-2.663161E-4
10,99443759170641,-0.49804807,0.9783726,-0.09579992
4,99443762534235,0.17097494,0.10333065,0.04234426
10,99443766448401,-0.3927033,0.9400654,0.1029191
4,99443774554182,0.1784318,0.07536746,0.07669904
10,99443782089651,-0.45173216,0.5868106,0.3014326
4,99443785356891,0.21544974,0.022903185,0.108124346
10,99443790148974,-0.49298072,0.2398758,0.46144342
4,99443795018037,0.29827404,-0.016777916,0.1371528
10,99443801096162,-0.36285615,0.093165874,0.5866637
4,99443804398818,0.3997405,-0.029294772,0.17470337
10,99443807204912,-0.37961555,0.088377476,0.3735795
4,99443814088662,0.44581318,-0.01917476,0.2263687
10,99443821719651,-0.19777393,0.22426319,0.18768787
2,99443824998766,-39.0,4.0,18.0
10,99443829353193,-0.18408656,0.19545221,0.16332579
4,99443834488766,0.39814258,0.04527374,0.2910835
10,99443840632724,-0.0013389587,0.40533733,0.21502781
4,99443843911370,0.34461305,0.082025364,0.32650355
10,99443846725380,0.020208836,0.41251993,-0.026786804
4,99443854072568,0.23861924,0.11132014,0.3422162
10,99443860507099,0.082992315,0.7210021,-0.43578768
4,99443864850537,0.11345066,0.13981596,0.3254383
10,99443868472984,0.12345767,0.94959974,-0.422091
4,99443873386266,-0.011984225,0.12996227,0.299073
10,99443879498245,0.0020911694,0.5657482,-0.35390377
4,99443882744703,-0.13448964,0.092145376,0.2711098
10,99443885765172,-0.04339862,0.11324406,-0.25095272
4,99443893234651,-0.15765914,0.084155895,0.23835292
10,99443900842620,-0.05495286,0.02077961,0.04881096
4,99443904177724,-0.070307456,0.108124346,0.23222765
10,99443907043974,-0.05495286,0.02077961,0.04881096
4,99443911850484,-0.023702133,0.123038046,0.23702134
10,99443918979391,-0.037593126,-0.2705474,0.28974962
4,99443922214182,0.055926383,0.11771172,0.23329292
10,99443927208609,0.025366068,-0.48254538,0.47906256
4,99443932035693,0.082558,0.107858025,0.20719394
10,99443938731891,0.18490696,-0.37060308,0.46322727
4,99443941946995,0.17976338,0.09134643,0.10945592
10,99443947206995,-0.0665493,-0.17476892,0.3119483
4,99443951995745,0.19893813,0.084155895,0.10066749
10,99443957095589,-0.06726217,-0.16412401,0.21033573
4,99443960309234,0.18642128,0.08016115,0.10439592
10,99443966743766,0.17080688,-0.016004086,0.17089224
4,99443971595693,0.15126756,0.0777643,0.087085366
10,99443978289703,0.107171535,0.28306913,0.3111453
4,99443981509443,0.12197278,0.041545313,0.053263225
10,99443986478193,-0.27819288,0.14329958,0.38580322
4,99443991349391,0.07376956,-0.029028457,0.005060006
10,99443998043089,-0.33675206,0.014810562,0.42180157
2,99444001348557,-37.0,7.0,17.0
10,99444006169495,-0.40374732,-0.105554104,0.54213715
4,99444011052047,0.090014845,-0.1555286,-0.15526229
10,99444017857776,-0.33230817,-0.107299805,0.5239773
4,99444021090745,0.0958738,-0.18109496,-0.19734024
10,99444026049547,-0.2675674,-0.029724121,0.29322195
4,99444030532099,0.058589544,-0.1784318,-0.2016013
10,99444037591474,-0.21881437,0.22759867,0.2714262
4,99444040839234,0.015978966,-0.17417073,-0.20586236
10,99444046040589,-0.23614216,0.29960394,0.66701317
4,99444050801734,0.016511599,-0.18775286,-0.21837921
10,99444055989234,-0.36019397,-0.09560776,1.0063167
4,99444059196839,0.037550572,-0.21225394,-0.23116238
10,99444065634547,-0.3856752,-0.44008923,0.96110916
4,99444070470797,0.06684534,-0.20133498,-0.25726137
10,99444076394495,-0.18963122,-0.122974396,0.8018079
4,99444079799911,0.11851067,-0.1603223,-0.26711506
10,99444085420224,-0.20104766,0.33173895,0.44199944
4,99444090195693,0.062051654,-0.11771172,-0.24101609
10,99444096962828,-0.10401392,0.5864887,0.26412678
4,99444100198714,-0.05965481,-0.124902256,-0.21172132
10,99444105382620,-0.3685012,0.43840075,0.19543839
4,99444110214964,-0.11318435,-0.17789917,-0.16964336
10,99444116765276,-0.36349297,-0.17816257,0.27530193
4,99444120000901,-0.06338324,-0.17310548,-0.12783173
10,99444123845953,-0.18135619,-0.29269028,0.3930683
4,99444130739286,0.07483483,-0.122771725,-0.08282431
10,99444137088505,-0.32332015,0.170681,0.33392334
4,99444140336109,0.16431704,-0.07590009,-0.021571605
10,99444144659391,-0.23763132,0.66998386,0.020267487
4,99444150387984,0.109988555,-0.027164243,0.011451593
10,99444155509026,-0.06912494,1.0121102,-0.15749645
4,99444158606370,-0.0063915867,0.018908445,0.025300032
10,99444164620745,-0.030723572,1.0541577,-0.22769547
4,99444169412255,-0.13209279,0.08468852,0.0628506
10,99444176114391,-0.26827502,0.7591572,-0.16069365
2,99444179365589,-34.0,6.0,17.0
10,99444184126630,-0.55330527,0.48974323,-0.06774616
4,99444188911891,-0.16298546,0.10679276,0.17070863
10,99444195827099,-0.5868186,0.2987814,-0.28789473
4,99444199072828,-0.06977482,0.088150635,0.1536644
10,99444204259339,-0.46756625,0.30681896,-0.38483
4,99444209074651,0.02130529,0.07590009,0.124902256
10,99444215635536,-0.42067313,0.4512639,-0.20479298
4,99444218879130,0.0727043,0.055926383,0.101200126
10,99444224007880,-0.48348963,0.53593206,-0.012157917
4,99444228913193,0.033289514,0.032756884,0.080960095
10,99444235397099,-0.5457691,0.37776995,0.08860588
4,99444238650484,-0.061252706,0.023702133,0.07590009
10,99444243601630,-0.5965495,0.13367462,0.28789902
4,99444249357568,-0.10519487,0.019707393,0.083090626
10,99444254452724,-0.51881397,0.015320301,0.2089777
4,99444257549078,-0.077231675,-0.022104237,0.057257965
10,99444263461578,-0.5853412,0.097251415,-0.039576054
4,99444268335588,-0.03089267,-0.075101145,0.002396845
10,99444274941161,-0.36168694,0.036123276,-0.15894938
4,99444278190849,-0.018642128,-0.12197278,-0.05566007
10,99444283407463,-0.1462853,-0.06428337,0.0331254
4,99444288181734,0.007456851,-0.17923075,-0.09321064
10,99444294798193,-0.10253811,-0.15352678,0.30162477
4,99444298026213,0.025566347,-0.22450449,-0.10226539
10,99444302927359,-0.00906539,-0.24238539,0.34059477
4,99444307902724,0.0,-0.20213392,-0.092145376
10,99444314528713,0.15988755,-0.21985435,0.27070904
4,99444317744755,-0.046871636,-0.122771725,-0.04527374
10,99444322921943,0.24916029,-0.12210226,0.28736973
4,99444327696213,-0.0793622,-0.084155895,-0.00958738
10,99444334297984,0.2071631,-0.101361275,0.16909504
4,99444337546005,-0.16298546,0.01438107,0.076965354
10,99444342682568,0.21877742,-0.12465572,0.14832449
4,99444347536943,-0.17630127,0.03914847,0.08948222
10,99444352659182,0.15744805,-0.10978317,0.19667435
2,99444355890536,-35.0,7.0,18.0
10,99444361935016,0.11341238,-0.09793091,0.24297619
4,99444366722516,-0.14274544,0.118776985,0.14008227
10,99444373856682,0.0015823841,-0.060696602,0.105466366
4,99444377101161,-0.11984225,0.119043306,0.1571265
10,99444382275328,-0.07820368,0.12391329,-0.12158108
4,99444387114443,-0.11664646,0.11717909,0.15100123
10,99444393631526,-0.053724527,0.17298079,-0.07632208
4,99444396871161,-0.11584751,0.103064336,0.12650016
10,99444402042568,-0.3093238,0.02451086,0.35598803
4,99444406906526,-0.09853696,0.07243799,0.10466223
10,99444413394234,-0.4655571,-0.12162781,0.4439006
4,99444416616786,-0.084155895,0.032756884,0.088150635
10,99444421784234,-0.5508312,-0.42427063,0.5226512
4,99444426639286,-0.071106404,0.033822145,0.07084008
10,99444433157620,-0.56195843,-0.3923087,0.6185136
4,99444436402828,-0.010386328,0.04474111,0.06498113
10,99444441594234,-0.57937264,-0.32758522,0.71740913
4,99444446372568,0.053795855,0.03701794,0.058589544
10,99444451531526,-0.6152308,-0.40992165,0.61331224
4,99444454740849,0.049801115,0.018109497,0.028495824
10,99444460250797,-0.59268975,-0.28469992,0.5314026
4,99444466671682,0.019973708,0.005060006,-0.005060006
10,99444472978297,-0.5898166,-0.07268143,0.5178313
4,99444476199130,-0.0077231675,-0.004261058,-0.022370555
10,99444481039495,-0.5668056,0.02339983,0.4433956
4,99444485945276,-0.032756884,-0.0077231675,-0.028229509
10,99444492499130,-0.56897426,0.07311106,0.48770666
4,99444495718193,-0.05352954,-0.022903185,-0.043409526
10,99444500866786,-0.4778875,0.072897434,0.59526634
4,99444505789234,-0.048469532,-0.03089267,-0.05672533
10,99444512277307,-0.44036353,0.05461073,0.6518903
4,99444515530953,-0.028229509,-0.03169162,-0.04580637
10,99444520656578,-0.398242,0.13949919,0.59212065
4,99444525498088,0.0034621095,-0.024501082,-0.023702133
10,99444531834390,-0.3310504,0.3079481,0.5421405
2,99444535140849,-38.0,5.0,19.0
10,99444540421109,-0.24779558,0.44612312,0.56239843
4,99444545315797,0.022370555,5.326322E-4,0.013582122
10,99444550460015,-0.20843363,0.50633,0.530241
4,99444553613453,0.0055926386,-7.9894834E-4,0.03488741
10,99444560070068,-0.28729868,0.4427328,0.45671415
4,99444564937203,5.326322E-4,-0.00958738,0.06018744
10,99444571603036,-0.26601553,0.3253646,0.27169132
4,99444574855172,0.018375812,-0.0034621095,0.07190535
10,99444580060068,-0.16015053,0.3350792,0.24051523
4,99444584952828,0.060720075,0.013582122,0.07137272
10,99444591418661,-0.122974634,0.31828308,0.3198495
4,99444594656890,0.066312715,0.023435818,0.06551377
10,99444597595172,-0.09185004,0.22251463,0.26478338
4,99444605210901,0.013582122,0.03488741,0.057790596
10,99444612811630,-0.09063077,0.14585352,0.24622822
4,99444616047047,-0.03009372,0.060453758,0.049002163
10,99444620571370,-0.084343195,0.1495986,0.24699068
4,99444625474703,-0.045007423,0.09267801,0.046339005
10,99444631820172,-0.12021923,0.035323143,0.27190876
4,99444635052099,-0.057790596,0.11105382,0.03435478
10,99444637871786,-0.251899,-0.024525166,0.2551489
4,99444645150536,-0.06364955,0.11744541,0.008255799
10,99444651487411,-0.27509475,-0.012395382,0.19798136
4,99444655894755,-0.057790596,0.11611383,-0.025300032
10,99444659540328,-0.21616912,0.015832901,0.1632576
4,99444664463922,-0.029294772,0.11265171,-0.044208474
10,99444670765432,-0.11600542,0.14572716,0.033121586
4,99444674098297,7.9894834E-4,0.120907515,-0.05352954
10,99444677078713,-0.03939104,0.3109269,0.078611374
4,99444684309078,0.02396845,0.12942964,-0.05832323
10,99444691898609,-0.0934248,0.26844454,0.20022774
4,99444695161682,0.035153728,0.11797804,-0.044208474
10,99444698024338,-0.0934248,0.26844454,0.20022774
4,99444703865328,0.031158986,0.08974853,-0.013315806
10,99444711438817,-0.279171,-0.16209507,0.034710884
2,99444714736995,-35.0,8.0,18.0
10,99444718016578,-0.11875939,0.0031046867,0.05625868
4,99444722983557,0.022104237,0.087618,0.0314253
10,99444729666578,-0.062959194,0.26082516,0.022963047
4,99444732914495,0.006657903,0.07057377,0.0314253
10,99444738254078,-0.08289099,0.31221533,0.013056278
4,99444742616109,-0.006657903,0.05219796,0.020506341
10,99444748033297,-0.10719371,0.15707493,0.05283737
4,99444751404234,-0.018375812,0.026365295,-5.326322E-4
10,99444758030432,-0.08461237,0.03038454,0.04957056
4,99444762875849,-0.007456851,0.017310547,-0.017044231
10,99444769187151,-0.10919857,-0.21354103,0.2671075
4,99444772426682,0.05219796,0.019441076,-0.0127831735
10,99444777942255,-0.10713005,-0.11787701,0.22881985
4,99444782811005,0.06764429,0.025566347,-0.010120012
10,99444788956890,-0.06888819,-0.011601448,0.21416855
4,99444792201370,0.07163903,0.05273059,-0.0039947415
10,99444797585797,-0.079351425,0.054602623,0.31755066
4,99444802438245,0.06657903,0.08522116,0.014114754
10,99444808747151,-0.17369437,0.030294418,0.35529327
4,99444811993401,0.042077947,0.09986854,0.038615838
10,99444817351578,-0.23823762,0.008683205,0.29339457
4,99444822170120,0.037284255,0.11158645,0.040213734
10,99444828523557,-0.20626116,0.038415432,0.2440114
4,99444831767411,0.06178534,0.120907515,0.0396811
10,99444837149234,-0.32156265,0.07613182,0.17166853
4,99444841980901,0.08894958,0.111852765,0.04447479
10,99444846918870,-0.2812575,0.051999092,0.21767521
4,99444850296370,0.103064336,0.107858025,0.044208474
10,99444856720380,-0.25568008,-0.09009361,0.24421215
4,99444861600380,0.1272991,0.12596752,0.043942157
10,99444868075745,-0.2814337,-0.16224861,0.49654865
4,99444871355067,0.17976338,0.15632756,0.07856325
10,99444876716890,-0.4455514,-0.3299532,0.49939585
4,99444881584911,0.2213087,0.16591494,0.128897
10,99444887847932,-0.41463947,-0.3554411,0.2370305
2,99444891112203,-35.0,8.0,16.0
10,99444895091161,-0.18836963,-0.03283739,-0.0036735535
4,99444901882880,0.28362668,0.21864553,0.13022858
10,99444907955276,-0.25418127,0.16182232,-0.1203413
4,99444911189703,0.27190876,0.23542345,0.16990969
10,99444916480640,-0.53275394,0.042838573,0.42440605
4,99444921316369,0.28868666,0.15579493,0.1768339
10,99444927441838,-0.43867052,-0.5454745,0.61979675
4,99444930678817,0.31611723,0.0743022,0.08442221
10,99444936036474,-0.07157457,-0.64333534,0.5776448
4,99444940885015,0.39468047,0.06524745,0.015978966
10,99444945943192,-0.26512885,-0.3758874,0.48356628
4,99444949182567,0.45140582,0.06098639,0.048469532
10,99444954779963,-0.46413994,-0.1791935,0.36364746
4,99444961131005,0.4146542,0.043675844,0.09640643
10,99444967286265,-0.13796115,-0.034216404,0.32874298
4,99444970522463,0.35553202,0.039947417,0.0892159
10,99444975804963,-0.011591315,-0.1712141,0.39829445
4,99444980635744,0.34301516,0.020506341,0.0628506
10,99444986799442,0.13268185,-0.4083004,0.43479252
4,99444990032619,0.37097836,0.035952676,0.045540057
10,99444995371526,0.2747779,-0.37219572,0.36042118
4,99445000181786,0.39095205,0.08974853,0.06178534
10,99445006523817,0.15823817,-0.073527336,0.21119499
4,99445009731005,0.3784352,0.1486044,0.11158645
10,99445015148609,0.36003268,0.1650672,0.06086254
4,99445020001109,0.2972088,0.23382555,0.13848437
10,99445026301890,0.7021605,0.40481997,-0.49352837
4,99445029544494,0.21252026,0.36085832,0.19041602
10,99445035136161,0.30599785,0.7834482,-0.06689644
4,99445039902776,0.25832662,0.38482678,0.2761698
10,99445044832932,-0.022765994,0.30703402,0.27461052
4,99445048071265,0.3355583,0.3400857,0.24048345
10,99445054705067,0.374992,0.0061306953,0.17236519
4,99445059488922,0.42290998,0.31372038,0.1571265
10,99445065839651,0.102796316,0.4644146,0.29884434
2,99445069084703,-32.0,9.0,14.0
10,99445074383609,-0.21258724,0.9335189,0.24260712
4,99445079192411,0.4314321,0.23196134,0.09933591
10,99445085634078,-0.45683753,1.1405509,-0.005707741
4,99445088848817,0.25566345,0.17470337,0.04234426
10,99445094269911,-0.5061524,0.99137735,0.14520645
4,99445099059911,0.08841695,0.10519487,0.002130529
10,99445105475276,-0.8514432,0.29664183,0.5177307
4,99445108705380,0.00958738,0.006924219,0.01304949
10,99445112953244,-0.948604,-0.33399057,1.0465441
4,99445119336265,0.054328486,-0.0628506,0.0013315806
10,99445125428401,-0.7210884,-0.5942712,1.2605286
4,99445128636890,0.1323591,-0.09986854,-0.028229509
10,99445133858349,-0.67184424,-0.4785967,1.1363802
4,99445138711005,0.18002969,-0.12010857,-0.047670584
10,99445143640119,-0.5815842,-0.06826353,0.7936163
4,99445146966838,0.17390442,-0.123836994,-0.055926383
10,99445153321474,-0.4701041,0.16387796,0.54951286
4,99445153321474,0.14594123,-0.12543489,-0.06950851
4,99445157559442,0.064182185,-0.123038046,-0.10359697
10,99445163312671,-0.19192803,0.7407532,-0.004763603
4,99445163312671,0.064182185,-0.123038046,-0.10359697
4,99445166742203,0.025832662,-0.119043306,-0.11744541
10,99445171959390,-0.20380247,0.7433233,-0.102127075
4,99445177366369,-0.047137953,-0.08894958,-0.118776985
10,99445183170119,-0.27913094,0.42084455,-0.2077303
4,99445186516942,-0.1025317,-0.05912218,-0.096939065
10,99445191762828,-0.27441454,0.42668867,-0.178401
4,99445198948661,-0.079095885,-0.016245283,-0.06258429
10,99445205028557,-0.14754009,0.6497245,-0.269166
4,99445208258401,0.022104237,0.04474111,0.030360037
10,99445213156109,-0.21742952,0.78882647,-0.41446733
4,99445217953453,0.054062173,0.05885586,0.06551377
10,99445224050744,-0.21856248,0.3769083,-0.062330246
4,99445227295484,0.10892329,0.04234426,0.11531488
10,99445232756213,-0.4533546,-0.18701935,0.6634617
4,99445237523713,0.22077605,-0.07563378,0.095074855
10,99445242457828,-0.33371603,-0.36223888,0.79350567
2,99445245874234,-30.0,6.0,15.0
10,99445252618713,-0.16095948,-0.0015463829,-0.14195538
4,99445257420744,0.22237396,-0.061519023,0.13954964
10,99445263614911,-0.4884683,0.5225606,0.8606243
4,99445266865849,0.17949706,-0.09161274,0.16937704
10,99445272257984,-0.63551986,-0.23569155,1.3107376
4,99445277036265,-0.040746365,-0.27696875,0.00958738
10,99445283454338,-0.4016174,-0.31544304,1.5839558
4,99445286676005,-0.15765914,-0.3637878,-0.15739283
10,99445292046630,-0.27347028,-0.6390104,1.680685
4,99445296783401,-0.28788772,-0.24847293,-0.18136127
4,99445305839234,-0.40426785,-0.11957593,-0.07643210,99445310381057,-0.75288045,-1.463841,2.0889482
4,99445317002932,-0.38722363,-0.15819177,-0.036218993
10,99445322816526,-0.3412578,-1.7446265,1.4451723
4,99445325907828,-0.27830034,-0.16937704,-0.12996227
10,99445331383974,-0.008394361,-0.2988739,0.51202583
4,99445336881057,-0.06258429,-0.25699505,-0.3107909
10,99445341671994,-0.41192758,0.294281,-0.9396124
4,99445344745588,-0.07962852,-0.4034689,-0.51478904
10,99445351107567,-0.3963871,0.8084893,-1.6330705
4,99445355863296,-0.13528858,-0.52597433,-0.66579026
10,99445362321005,-0.49142444,1.3469048,-3.021008
4,99445365410692,-0.34674358,-0.6279734,-0.8231831
10,99445370886057,-0.49095178,1.2189071,-2.4849234
4,99445375591369,-0.59574914,-0.7139935,-0.94542223
10,99445382081838,-0.8628025,-0.92196417,-2.0287552
4,99445385159598,-0.69668293,-0.72304827,-1.0271813
10,99445390656682,-0.56534684,-1.4145937,-1.0280609
4,99445395334546,-0.39947417,-0.72651035,-0.99469066
10,99445401850744,-0.6671008,-1.3844204,-0.73295784
4,99445404939442,-0.0018642128,-0.6359629,-0.97738016
10,99445410449859,0.122784615,-0.93931484,-0.28758335
4,99445415169078,0.07749799,-0.5163869,-1.009338
10,99445421641317,-0.20719028,0.26329947,0.07474327
2,99445424744859,-24.0,6.0,16.0
10,99445430253036,-0.026649952,0.93081427,0.15748215
4,99445435842255,-0.12996227,-0.14807177,-0.95634115
10,99445440623296,0.05830264,0.83673906,0.101727486
4,99445443607932,-0.20692763,-0.010918961,-0.83889574
10,99445447532151,-0.21942472,0.61647224,0.11369896
4,99445455410328,-0.21997711,0.047404267,-0.7006777
10,99445462672567,0.021369934,0.652122,0.28965664
4,99445465760432,-0.17124127,0.12463594,-0.6372945
10,99445468449494,0.1650219,1.1764524,0.30402184
4,99445475177151,-0.16990969,0.25699505,-0.59122175
10,99445482399859,0.10260701,1.6753209,0.13652039
4,99445485482567,-0.30120352,0.4314321,-0.5091964
10,99445488134026,0.2965374,1.9434714,0.18201065
4,99445494935848,-0.41758367,0.5289038,-0.4111921
10,99445501641109,-0.52665997,1.6275628,-0.2576747
4,99445505582880,-0.42424157,0.3536678,-0.27670243
10,99445507867984,-1.2137959,0.3322997,-0.8274946
4,99445515071369,-0.3784352,0.15819177,-0.23222765
10,99445522843088,-0.13511443,-0.18155718,-0.33234835
4,99445526096369,-0.06498113,0.0974717,-0.33635727
10,99445530928036,-0.14516902,-0.1950984,-0.3370509
4,99445535887307,0.17816548,0.07483483,-0.37710363
10,99445540796057,-0.6309819,0.8032017,-0.1517086
4,99445543948348,0.103863284,0.06471482,-0.3206446
10,99445546430744,-0.370013,1.2389519,-0.28099537
4,99445554534755,-0.101200126,0.0958738,-0.294013
10,99445562138609,0.10675764,1.1907847,-0.113296986
4,99445565392723,-0.27670243,0.18136127,-0.27324033
10,99445568231838,0.10675764,1.1907847,-0.113296986
4,99445574015744,-0.4098605,0.32410672,-0.17656758
10,99445580329859,-0.103676796,-0.1418004,0.48883247
4,99445583565900,-0.48309743,0.40266997,-0.051132694
10,99445588621525,-0.78859425,-0.61817265,-0.014019966
4,99445593475432,-0.4673848,0.39095205,-0.020240024
10,99445600093817,-0.7775724,-0.89714193,-1.0369053
2,99445603355432,-28.0,-2.0,16.0
10,99445608160275,-0.17786169,-0.88678074,-0.99777174
4,99445612996994,-0.26711506,0.37896782,-0.11531488
10,99445619841786,-0.22901845,-0.71493864,-0.38573265
4,99445623083192,-0.03222425,0.30360037,-0.27377295
10,99445628264338,-0.5468137,-0.6697054,0.081576824
4,99445633146161,-0.032756884,0.26525086,-0.3123888
10,99445638227307,-0.65435576,-0.6053791,0.2710371
4,99445641689286,-0.13182648,0.22556975,-0.3584615
10,99445647821682,-0.80083704,-0.568954,0.47402573
4,99445652591630,-0.2545982,0.21438447,-0.38136467
10,99445659398869,-0.72089267,-0.5687666,0.39200687
4,99445662643609,-0.34807515,0.20559604,-0.4293016
10,99445667571838,-0.17651534,0.40561295,-0.11072254
4,99445672343088,-0.3888215,0.165116,-0.5587312
10,99445679170223,-0.05807233,0.7323079,-0.17826223
4,99445682389703,-0.42077947,0.07190535,-0.77151775
10,99445687643192,-0.119511604,0.39962912,-0.14364386
4,99445692435119,-0.5302354,-0.090281166,-0.9867012
10,99445698948921,-0.44502187,-0.023375034,-0.10134077
4,99445702196109,-0.5861618,-0.28655612,-1.1163971
10,99445707371578,-0.8574219,-1.1210785,0.29533005
4,99445712147203,-0.4660532,-0.41305628,-1.1430287
10,99445718728036,-0.7608764,-2.1311746,0.6741066
4,99445721942775,-0.20266657,-0.4346279,-1.0785803
10,99445726905484,-0.52529764,-2.088585,1.0823445
4,99445732645015,0.07163903,-0.42211103,-0.9768475
10,99445737790328,-0.36344576,-0.8626337,1.055141
4,99445740899078,0.1768339,-0.454069,-0.9169264
10,99445746911421,-0.2996192,0.4496131,1.0091233
4,99445751698088,0.042077947,-0.51292485,-0.9044095
10,99445758271369,-0.33339763,1.082036,0.74024725
4,99445761480171,-0.23062976,-0.5406217,-0.8673916
10,99445766673400,-0.24751925,1.1948457,0.665565
4,99445771538244,-0.3997405,-0.5067996,-0.78057253
10,99445778053817,-0.06402993,1.0456271,0.73349
2,99445781343869,-32.0,-14.0,10.0
10,99445786081786,-0.023148298,0.77864885,0.80707645
4,99445790829286,-0.38269624,-0.32011196,-0.5384912
10,99445797876421,-0.25763154,0.7303457,1.3192687
4,99445801089650,-0.29880667,-0.3139867,-0.43755737
10,99445806139390,-0.53966093,0.85331964,1.5255227
4,99445810909286,-0.18881813,-0.34408042,-0.350472
10,99445817609755,-0.5128882,0.9350748,1.4784179
4,99445820880067,-0.10333065,-0.33076462,-0.2561961
10,99445826039286,-0.51957726,1.1023936,1.6291065
4,99445830837463,-0.029028457,-0.29800773,-0.1304949
10,99445836085692,-0.6370113,1.2479584,1.7211246
4,99445839208192,0.020772656,-0.262854,0.01571265
10,99445845617046,-0.7515061,1.3940101,1.6337132
4,99445850458921,0.0127831735,-0.20186761,0.17150758
10,99445857173557,-0.77760243,1.4945121,1.665618
4,99445860408713,-0.014913702,-0.14807177,0.34807515
10,99445865632307,-1.0516808,1.3435242,1.7414904
4,99445870395223,-0.024767399,-0.11984225,0.5589975
10,99445876951630,-1.0734663,1.0197477,1.6150064
4,99445880162202,-0.024501082,-0.06524745,0.77391464
10,99445885381525,-0.8889229,1.1061397,1.4182663
4,99445890188452,-0.0034621095,-0.04261058,0.95660746
10,99445896726838,-1.2645943,1.223233,1.0492086
4,99445899964182,0.011717909,-0.07882957,1.1414309
10,99445904912411,-1.3133588,1.0043054,0.283628
4,99445909687619,-0.036485307,-0.08468852,1.2913668
10,99445916545536,-0.96509385,0.84245586,0.06140375
4,99445919783869,-0.042876896,-0.023169503,1.376588
10,99445924931213,-0.56145906,0.78326845,0.66389513
4,99445929742671,0.0031957934,0.09267801,1.4008228
10,99445934872932,-0.31060147,0.22022676,1.7884531
4,99445938053452,0.009853696,0.11158645,1.4024206
10,99445944517202,-0.970191,-0.3739972,2.557176
4,99445949301057,0.030626353,-0.053263225,1.4610102
10,99445956021161,-1.1442738,-0.40050888,2.3074007
2,99445959276994,-34.0,-12.0,10.0
10,99445964223140,-0.8671944,-0.045556545,1.2462511
4,99445969008817,0.022370555,0.016245283,1.496164
10,99445975833817,-0.2137444,0.19675541,0.09516716
4,99445979080744,-0.15180019,0.051665325,1.4263891
10,99445983813817,0.37440085,0.22710276,-0.8248944
4,99445988655067,-0.3422162,0.04660532,1.3568805
10,99445995625900,0.52469015,0.045926094,-1.0357127
4,99445998865484,-0.43249738,0.042876896,1.2831111
10,99446004042827,0.28761005,-0.4550829,-0.70555496
4,99446008803921,-0.4383563,0.02876214,1.2293152
10,99446015392775,0.08450198,-0.8901129,-0.50714064
4,99446018626838,-0.3390204,-0.005060006,0.9550096
10,99446023835119,0.44128704,-0.9022689,-0.77909565
4,99446028592202,-0.29667616,0.013315806,0.8364989
10,99446033768661,0.7795646,-0.7338848,-1.0768757
4,99446036959754,-0.22796659,0.08841695,0.62051654
10,99446042970223,0.7973094,-0.6759958,-1.1358881
4,99446048768504,-0.18269286,0.14407702,0.48176584
10,99446055139182,0.51588464,-0.87243176,-1.0047379
4,99446058383452,-0.04660532,0.06551377,0.36778256
10,99446063220796,0.15598536,-1.58466,-0.9161711
4,99446067991629,0.015446335,0.045007423,0.32597092
10,99446074883088,0.3740554,-1.6139541,-0.82718134
4,99446078133296,0.16777915,0.05539375,0.23915187
10,99446082964390,0.5567832,-0.8409333,-0.7975254
4,99446087776786,0.25300032,0.094009586,0.17417073
10,99446094178973,0.5179012,-0.551949,-0.8068642610,99446101385536,0.52192855,-0.16938686,-0.7395406
4,99446107160484,-0.014114754,0.11451593,0.06950851
10,99446113319650,0.5492151,-0.065589905,-0.32104206
4,99446116491786,-0.16405073,0.15419704,0.05486112
10,99446122244546,0.4410243,-0.2772932,0.02203226
4,99446127722150,-0.21491711,0.18935075,0.08894958
10,99446132896734,0.22668314,-0.5908122,0.35382175
2,99446135897254,-39.0,1.0,14.0
10,99446142028817,0.119482756,-0.73422766,0.18661594
4,99446146671890,-0.077231675,0.20746025,0.12916331
10,99446153605536,0.3289137,-0.531652,0.104708195
4,99446156696525,-0.022903185,0.257794,0.1933455
10,99446161808765,0.28097343,-0.24638557,0.17528772
4,99446166445432,-0.007190535,0.2692456,0.26072347
10,99446173357827,0.19830704,-0.045019627,0.2902093
4,99446176455536,-0.057790596,0.25220135,0.28202876
10,99446181586213,0.1726129,0.101034164,0.30612135
4,99446186947150,-0.14620754,0.25007084,0.26658243
10,99446193140379,0.1112771,0.09783268,0.2793293
4,99446196234234,-0.2263687,0.27403927,0.27031085
10,99446201408504,0.115213156,0.03712654,0.437541
4,99446206162671,-0.23675503,0.2892193,0.27403927
10,99446212912775,-0.035207033,0.07895851,0.413311
4,99446215999025,-0.17869811,0.25086978,0.23196134
10,99446221122254,-0.25569367,0.13569641,0.095460415
4,99446226984286,-0.11504856,0.20799288,0.18322548
10,99446231969025,-0.3181312,0.015313625,-0.11928463
4,99446234932619,-0.059921127,0.16884442,0.14620754
10,99446240907879,-0.4400872,-0.05677557,0.1431303
4,99446245608713,0.0127831735,0.09720538,0.08841695
10,99446252487254,-0.48738623,-0.05228138,0.43120003
4,99446255571265,0.06684534,0.034621093,0.020240024
10,99446260677202,-0.43557584,-0.07107544,0.40246534
4,99446265378088,0.04314321,0.021571605,-0.034088463
10,99446272227254,-0.3279134,0.013940334,0.43070793
4,99446275308921,-0.007989483,0.03914847,-0.059388492
10,99446279384129,-0.3183365,0.054641724,0.35409355
4,99446286027046,-0.047404267,0.04527374,-0.04527374
10,99446293279702,-0.42789924,0.0237751,0.18014765
4,99446296372306,-0.0479369,0.036751624,-0.014114754
10,99446299026109,-0.32494867,0.16503286,0.05804348
4,99446304862723,0.010386328,0.02130529,-0.0061252704
10,99446313382254,-0.2251687,0.3163786,0.19488525
2,99446316783817,-40.0,1.0,13.0
10,99446320128296,-0.25551748,0.44793987,0.31943035
4,99446325987775,0.03355583,-0.050866377,-0.057790596
10,99446331099234,-0.29475093,0.47949028,0.26324797
4,99446334334494,-0.028495824,-0.05752428,-0.06764429
10,99446338253192,-0.19658875,0.4579425,0.21536398
4,99446345620067,-0.0743022,-0.027963191,-0.058589544
10,99446353209702,-0.00997138,0.29195404,0.23807955
4,99446356468036,-0.094009586,0.026897928,-0.03834952
10,99446360937202,-0.010529041,0.29728413,0.24259043
4,99446365764702,-0.080960095,0.05752428,-0.018908445
10,99446372050588,-0.24010181,0.063328266,0.3532529
4,99446375295015,-0.04234426,0.08335695,0.016511599
10,99446378100692,-0.3430525,0.0010790825,0.24072552
4,99446385373869,0.013315806,0.11531488,0.064182185
10,99446392916213,-0.26792026,-0.027401447,0.3103428
4,99446396171786,0.07669904,0.12250541,0.08016115
10,99446398958817,-0.26792026,-0.027401447,0.3103428
4,99446403872515,0.0974717,0.11132014,0.06897587
10,99446410720379,-0.28983712,0.3090253,0.3707528
4,99446414027619,0.050600063,0.11771172,0.064182185
10,99446419350171,-0.30848086,0.29050016,0.321023
4,99446424192619,0.014647386,0.12996227,0.06764429
10,99446429090015,-0.3210641,0.24781942,0.33212757
4,99446432495275,-0.052996907,0.15286545,0.084155895
10,99446439118608,-0.30244625,0.22972584,0.3756814
4,99446443972202,-0.08282431,0.17656758,0.0974717
10,99446450316369,-0.34795463,0.116867065,0.5241494
4,99446453556421,-0.054062173,0.16538231,0.12010857
10,99446458896786,-0.60337424,0.07144451,0.44942474
4,99446463744338,-0.029294772,0.14993598,0.13156016
10,99446470048400,-0.5973885,0.027528763,0.2829528
4,99446473297515,0.013582122,0.11957593,0.15153387
10,99446478695223,-0.54290676,0.1192956,0.449646
4,99446483650067,0.07856325,0.09534117,0.15499598
10,99446489815588,-0.48047483,0.17685509,0.46634483
2,99446493079963,-41.0,-1.0,14.0
10,99446498522775,-0.33311892,0.30246353,0.3787508
4,99446503451265,0.041279,0.006657903,0.061252706
10,99446509569077,-0.34108686,0.281281,0.4452362
4,99446512805536,-0.01304949,-0.002130529,0.0479369
10,99446518229181,-0.39153397,0.051656723,0.58541155
4,99446523061004,-0.036218993,-0.009054748,0.0628506
10,99446528004963,-0.55260706,-0.17426014,0.63709927
4,99446531394911,-0.029827405,-0.021571605,0.07856325
10,99446536952202,-0.5247824,-0.122125626,0.59096
4,99446543315327,0.016777916,-0.034621093,0.083090626
10,99446549452098,-0.4361483,0.017682076,0.5688696
4,99446552668504,0.053795855,-0.057790596,0.08575379
10,99446557909650,-0.43523467,0.113369465,0.46062326
4,99446562747046,0.043675844,-0.09667275,0.07163903
10,99446568935588,-0.4492575,0.13204813,0.49651098
4,99446572177931,0.021571605,-0.13448964,0.04314321
10,99446577559806,-0.39904368,0.12780571,0.46759748
4,99446582378140,-0.0010652645,-0.1486044,0.022903185
10,99446588712619,-0.33776426,0.039214134,0.43628025
4,99446591955952,-0.012516857,-0.14833808,0.011451593
10,99446597339129,-0.39207375,0.07135439,0.36767673
4,99446602228400,-0.008788432,-0.15659387,0.014114754
10,99446608477723,-0.48203576,0.0109267235,0.28530312
4,99446611698921,-0.011451593,-0.15739283,0.019441076
10,99446617133088,-0.3553033,-0.032134533,0.16066027
4,99446621958921,-0.011451593,-0.1438107,0.018908445
10,99446626896473,-0.24537599,0.0604887,0.23173666
4,99446630271056,-7.9894834E-4,-0.12250541,0.015978966
10,99446636645431,-0.21130407,0.21167278,0.17467308
4,99446641417567,-0.004261058,-0.1123854,0.018109497
10,99446648040952,-0.2740091,0.24085474,0.112520695
4,99446651336265,-0.017044231,-0.11957593,0.022104237
10,99446656668869,-0.3625672,0.18881989,-0.1774931
4,99446661545952,-0.019973708,-0.12144015,0.027963191
10,99446667821577,-0.18220687,0.1565609,-0.19359112
2,99446671084598,-39.0,-1.0,16.0
10,99446676170744,-0.16672492,0.18629885,-0.015604019
4,99446681040692,0.05273059,-0.120907515,0.015978966
10,99446687593035,-0.19925928,0.2454853,0.09686518
4,99446690823556,0.043675844,-0.10679276,0.004527374
10,99446696236525,-0.17459464,0.296494,0.12959433
4,99446701063973,0.008788432,-0.07456851,-0.007190535
10,99446707373140,-0.17499733,0.23059797,0.0780735
4,99446710614390,-0.016777916,-0.04926848,0.0029294773
10,99446716013452,-0.22288013,0.043960094,-0.07173967
4,99446720840900,-0.029028457,-0.02743056,0.019973708
10,99446725811317,-0.16779947,0.016963005,-0.050927162
4,99446729169442,-0.0039947415,-0.013582122,0.02130529
10,99446734677202,-0.09754944,0.10302067,0.02559042
4,99446741168765,0.006657903,-0.00479369,0.020506341
10,99446747305119,-0.162714,0.1827159,-0.035945415
4,99446750511004,-0.024234766,0.014647386,0.021837922
10,99446755559650,-0.14083076,0.20425463,-0.07479429
4,99446760333504,-0.06870956,0.033289514,0.03009372
10,99446766734077,-0.12894392,0.08353186,-0.04646492
4,99446769957046,-0.094808534,0.0396811,0.042077947
10,99446775335275,-0.23663962,-0.059615612,-0.13056326
4,99446780164598,-0.09667275,0.033822145,0.04926848
10,99446786485431,-0.19612026,-0.084328175,-0.17773819
4,99446789718504,-0.061519023,0.03435478,0.041545313
10,99446795155640,-0.10384512,-0.087836266,-0.044924736
4,99446799930171,-0.022104237,0.024767399,0.018375812
10,99446806275327,-0.11822486,-0.047745228,0.103886604
4,99446809496160,-0.009321064,0.008522116,-0.007989483
10,99446814913452,-0.1873262,-0.053132534,0.20104456
4,99446819778608,-0.021837922,0.013582122,-0.026365295
10,99446824698244,-0.16913223,-0.1369524,0.20088673
4,99446828048713,-0.02956109,0.022370555,-0.032756884
10,99446834445588,-0.16506267,-0.1336608,0.23015642
4,99446839303713,-0.05219796,0.03701794,-0.051931642
10,99446845835483,-0.18508363,-0.015030384,0.1424985
2,99446849104181,-40.0,-1.0,16.0
10,99446854487723,-0.17484164,0.105528355,0.205544
4,99446859309442,-0.077231675,0.040213734,-0.08575379
10,99446865743087,-0.17819071,0.1169548,0.2794652
4,99446868982254,-0.119043306,0.0314253,-0.12463594
10,99446874245379,-0.21652937,0.06278467,0.39572382
4,99446879050900,-0.11531488,0.027963191,-0.13156016
10,99446885366681,-0.18183756,0.045541286,0.54709387
4,99446888572619,-0.095074855,0.044208474,-0.13342437
10,99446894021421,-0.25322902,0.087110996,0.4816513
4,99446898866890,-0.082025364,0.04926848,-0.11531488
10,99446905177150,-0.21844101,0.13204384,0.49378872
4,99446908410379,-0.04580637,0.049801115,-0.08681905
10,99446913798140,-0.19629312,0.17596912,0.31783724
4,99446918641942,-0.048203215,0.039947417,-0.059388492
10,99446923560223,-0.24035692,0.23404121,0.34975243
4,99446926944442,-0.044208474,0.012250541,-0.048469532
10,99446933576004,-0.23352075,0.2769618,0.515605
4,99446938430848,-0.033822145,-0.02396845,-0.054328486
10,99446944724233,-0.22746229,0.2502613,0.47633505
4,99446947952515,-0.04474111,-0.04234426,-0.058056913
10,99446953354910,-0.22707963,0.28478098,0.40495157
4,99446958200587,-0.057257965,-0.042077947,-0.03888215
10,99446964495535,-0.22280955,0.21786499,0.35355473
4,99446967715900,-0.05672533,-0.047670584,-0.020240024
10,99446973131108,-0.2008636,0.11713123,0.5219135
4,99446977959702,-0.03542004,-0.064182185,-0.019707393
10,99446984273869,-0.28063786,0.013672352,0.5035882
4,99446987480327,-0.030360037,-0.07163903,-0.023435818
10,99446992908400,-0.27236342,-0.011131763,0.47795582
4,99446997736160,-0.036751624,-0.07057377,-0.019441076
10,99447004055327,-0.2660973,0.06455374,0.48807096
4,99447007286785,-0.035153728,-0.06578008,-0.011984225
10,99447012688817,-0.26180482,0.057643414,0.42485476
4,99447017555900,-0.047137953,-0.059388492,-0.005060006
10,99447022451629,-0.21344423,-0.010647774,0.35250664
2,99447025847723,-40.0,-1.0,16.0
10,99447031397567,-0.23832893,0.03375864,0.3638153
4,99447037827671,-0.03834952,-0.053795855,-0.0037284256
10,99447043662931,-0.33490765,-0.041964054,0.38670158
4,99447046910067,-0.024767399,-0.050333746,-0.002396845
10,99447052239806,-0.23358011,-0.07157087,0.35567713
4,99447057101004,7.9894834E-4,-0.04234426,-0.008788432
10,99447063405379,-0.18066764,0.042626858,0.27024698
4,99447066663035,0.01917476,-0.026365295,-0.01784318
10,99447072019962,-0.10174084,0.13713408,0.11743641
4,99447076779181,0.0029294773,-0.007456851,-0.020506341
10,99447083191525,-0.06662202,0.20328283,0.08413744
4,99447086437723,-0.0026631611,0.010652645,-0.01784318
10,99447091797306,-0.110526085,0.1289072,0.23987055
4,99447096626525,-0.0077231675,0.007190535,-0.020240024
10,99447102946733,-0.18615246,-0.009315014,0.34140062
4,99447106179129,-0.004527374,-0.0018642128,-0.029028457
10,99447111596108,-0.12218714,-0.066590786,0.3065791
4,99447116422254,0.0058589545,0.007989483,-0.031158986
10,99447121414181,-0.11190343,-0.029146194,0.20820284
4,99447124757410,0.016511599,0.02130529,-0.017044231
10,99447128912619,-0.17175865,-0.0099925995,0.28242302
4,99447136729494,0.023435818,0.025300032,-0.0063915867
10,99447144295067,-0.18466973,-0.041657448,0.3800664
4,99447147570327,0.021038974,0.01438107,-0.018109497
10,99447152407775,-0.20170164,-0.05293131,0.42899656
4,99447157541004,0.024501082,-0.005060006,-0.03169162
10,99447163661525,-0.28588176,-0.016714096,0.28203678
4,99447166933296,0.035952676,-0.01917476,-0.04926848
10,99447171770119,-0.23670053,0.13576221,0.04415846
4,99447176556264,0.024501082,-0.008255799,-0.056991648
10,99447182807410,-0.13905025,0.31222105,-0.0478096
4,99447186054546,0.012250541,-0.0037284256,-0.050866377
10,99447188855848,-0.17017508,0.34334564,0.09823656
4,99447196171525,0.0013315806,-0.016777916,-0.05352954
10,99447203763139,-0.17086148,0.26440048,0.25543928
2,99447207043764,-39.0,-1.0,17.0
10,99447211470119,-0.17601228,0.2630968,0.25593328
4,99447216329910,-0.0029294773,0.0015978967,-0.03914847
10,99447221333608,-0.17073107,0.2001996,0.20090818
4,99447224435171,-0.008522116,0.023169503,-0.0058589545
10,99447227508869,-0.22341037,0.20498991,0.11232281
4,99447235731317,-0.005060006,0.025033714,0.0010652645
10,99447243300535,-0.19085693,0.292449,0.017178535
4,99447246531942,-0.009321064,0.03089267,-0.002130529
10,99447249333244,-0.19085693,0.292449,0.017178535
4,99447254256577,-0.025832662,0.03914847,-0.002130529
10,99447261368452,-0.19970822,0.3195696,0.067894936
4,99447264616264,-0.037284255,0.0396811,-0.0013315806
10,99447269548504,-0.20482802,0.24446678,0.22176027
4,99447274565223,-0.043409526,0.03834952,-0.0026631611
10,99447281133087,-0.19546247,0.07664871,0.3665614
4,99447284436421,-0.03781689,0.046072688,0.006657903
10,99447289361421,-0.28811455,-0.032693863,0.33236694
4,99447294256785,-0.03542004,0.04580637,0.01438107
10,99447300881056,-0.3784989,-0.050565243,0.37211227
4,99447304245275,-0.03914847,0.040480047,0.03222425
10,99447309101837,-0.34148753,-0.0033302307,0.07930899
4,99447313947983,-0.045007423,0.049801115,0.03089267
10,99447319267098,-0.29060912,0.0566473,0.0794096
4,99447322486056,-0.03701794,0.053795855,0.022370555
10,99447328918296,-0.2447865,0.1492672,0.06927776
4,99447333811577,-0.021038974,0.04261058,0.006924219
10,99447340440848,-0.29539895,0.110991,0.2112279
4,99447343665900,-0.01571265,0.023702133,-0.010652645
10,99447348914233,-0.2980125,-0.007560253,0.40068388
4,99447353937671,-0.0058589545,0.009853696,-0.022370555
10,99447360199441,-0.3093362,-0.047781467,0.4368086
4,99447363442931,-0.0015978967,0.00958738,-0.016245283
10,99447368501785,-0.2753744,-0.059606552,0.41045856
4,99447373408712,-0.0053263223,0.015446335,-0.006657903
10,99447379998816,-0.25052166,-0.01393795,0.42470026
2,99447383260171,-39.0,-1.0,16.0
10,99447388169754,-0.2701702,0.05321932,0.38591862
4,99447393081108,-0.019973708,0.021837922,0.007456851
10,99447399765327,-0.24179053,0.07106972,0.34312487
4,99447403012514,-0.021837922,0.020506341,0.0010652645
10,99447408030066,-0.24696803,0.04619932,0.40839958
4,99447412942358,-0.014114754,0.013848438,-0.002396845
10,99447418144962,-0.25517297,0.013653755,0.42556477
4,99447421368869,0.012250541,0.010386328,-0.0037284256
10,99447427806629,-0.22326422,0.07255936,0.42931175
4,99447432615639,0.042077947,0.0127831735,0.002130529
10,99447439350431,-0.23191237,0.046425343,0.2547927
4,99447442594441,0.036751624,0.018375812,0.0010652645
10,99447447538816,-0.16901994,0.12269354,0.21636724
4,99447452325587,0.020506341,0.020772656,-0.0058589545
10,99447459137410,-0.17325306,0.21592093,0.2786994
4,99447462358921,0.00479369,0.020506341,-0.012250541
10,99447467394337,-0.22531605,0.16662455,0.310843
4,99447472223452,-0.007190535,0.017044231,-0.012516857
10,99447478885014,-0.30307603,0.035230637,0.30352974
4,99447482124389,-0.011984225,0.011717909,-0.012516857
10,99447487365327,-0.3282243,0.016961575,0.34221792
4,99447492237306,0.007456851,0.008255799,-0.01438107
10,99447498662254,-0.26355195,0.028958797,0.26801634
4,99447501902619,0.021837922,0.010652645,-0.011185277
10,99447507098191,-0.2966373,0.08019304,0.29060984
4,99447511986785,0.026365295,0.0077231675,-0.006924219
10,99447517096316,-0.28879595,0.10433388,0.31011343
4,99447520244337,0.02263687,-0.004261058,-0.010918961
10,99447526694910,-0.25830436,0.16201782,0.25340366
4,99447531485066,0.008255799,-0.007456851,-0.01784318
10,99447538224389,-0.2479558,0.15328789,0.2717409
4,99447541472931,-0.0034621095,-0.0029294773,-0.014114754
10,99447546691368,-0.3414241,0.042965412,0.36020088
4,99447551509181,-0.0058589545,-0.018642128,-0.009853696
10,99447558005587,-0.38451612,-0.026163578,0.465796
2,99447561325275,-39.0,-3.0,17.0
10,99447566142098,-0.3982352,-0.01883459,0.38504505
4,99447570952827,0.007989483,-0.051665325,-0.024767399
10,99447577773504,-0.34955633,0.05953121,0.28276396
4,99447581029233,0.01784318,-0.05139901,-0.023702133
10,99447585990014,-0.30882835,0.13449669,0.2660613
4,99447590802098,0.020772656,-0.060720075,-0.02956109
10,99447597554650,-0.30940008,0.16788864,0.29429007
4,99447600762931,0.016511599,-0.06498113,-0.038083203
10,99447605971837,-0.31339192,0.17985153,0.25829983
4,99447610812775,0.0063915867,-0.05139901,-0.034621093
10,99447615963712,-0.31692672,0.25197554,0.24877119
4,99447619426108,0.0034621095,-0.03222425,-0.017576864
10,99447625590691,-0.28260922,0.21720743,0.24654865
4,99447630438400,-0.0039947415,-0.020772656,0.002396845
10,99447637115275,-0.3271308,0.15067244,0.12530327
4,99447640351629,-0.01784318,-0.022370555,0.01304949
10,99447645309754,-0.36100066,0.16974306,4.6491623E-4
4,99447650118608,-0.008788432,-0.022903185,0.005060006
10,99447656910014,-0.27179623,0.27885485,-0.0026216507
4,99447660154025,0.016777916,-0.018908445,7.9894834E-4
10,99447665353296,-0.19995737,0.2945919,0.08822584
4,99447670201629,0.026631612,-0.019441076,-0.0015978967
10,99447676693973,-0.21397471,0.25146198,0.19934034
4,99447679915431,0.011185277,-0.021837922,-0.002396845
10,99447685136837,-0.3015926,0.20700312,0.19144583
4,99447689978452,0.0058589545,-0.021837922,-0.002130529
10,99447696435275,-0.2982831,0.20887041,0.1818881
4,99447699681733,0.006657903,-0.010120012,0.014647386
10,99447704820900,-0.26530766,0.1303463,0.07950497
4,99447709628816,0.0029294773,-7.9894834E-4,0.023435818
10,99447714809702,-0.24707031,0.19596958,0.048750877
4,99447718032618,-0.006924219,0.010120012,0.02876214
10,99447724490743,-0.23323512,0.25891495,0.04637432
4,99447729286837,-0.007456851,0.010652645,0.018642128
10,99447736031212,-0.26274705,0.26040316,0.06867552
2,99447739293608,-38.0,-1.0,17.0
10,99447744089233,-0.30543828,0.08935833,0.06451082
4,99447748968035,-0.053263225,-0.008255799,0.0026631611
10,99447755792306,-0.2842276,0.06492901,0.18316412
4,99447759017618,-0.038615838,-0.0058589545,0.0018642128
4,99447775947879,-0.0063915867,0.01571265,0.0063915867
4,99447779826629,-0.002130529,0.011984225,0.007190535
10,99447785528087,-0.2245574,0.12441206,0.24606895
4,99447788703556,-0.0031957934,0.011451593,0.0053263223
10,99447792476004,-0.21892142,0.089056015,0.25824928
4,99447797873712,-0.00958738,0.011984225,0.005060006
10,99447804826473,-0.2275691,0.08536339,0.2756467
4,99447808062983,-0.024501082,0.016511599,0.0061252704
10,99447813674337,-0.20719457,0.13721704,0.24069214
4,99447818433764,-0.025033714,0.025566347,0.010120012
10,99447823545795,-0.15519643,0.18170357,0.26049185
4,99447826805535,-0.024767399,0.039947417,0.018109497
10,99447833443608,-0.18484998,0.1721611,0.24938726
4,99447837416368,-0.042876896,0.03089267,0.025566347
10,99447844595379,-0.2533939,0.16120672,0.23930264
4,99447847844337,-0.048469532,0.02130529,0.025832662
10,99447853228400,-0.16960692,0.09982586,0.34428596
4,99447858010483,-0.032756884,0.026365295,0.029028457
10,99447863749598,-0.13272119,0.07796955,0.40008688
4,99447867103035,-0.016245283,0.02609898,0.035153728
10,99447872997410,-0.17934275,0.09105492,0.41428137
4,99447877795587,-0.011984225,0.016245283,0.03435478
10,99447884157098,-0.19617319,0.11139822,0.36430597
4,99447887405170,-0.0127831735,0.00958738,0.026897928
10,99447892784493,-0.14440942,0.09345102,0.32178307
4,99447897625795,-0.01571265,0.0029294773,0.021038974
10,99447903931212,-0.16006255,0.020451069,0.4086733
4,99447907154337,-0.010652645,-0.006924219,0.014913702
10,99447912561525,-0.20714188,-0.035988808,0.48590612
2,99447917354806,-39.0,-1.0,16.0
10,99447922311577,-0.31058073,-0.07315874,0.41040516
4,99447925853608,-0.010652645,-0.030626353,-5.326322E-4
10,99447932339754,-0.23436952,-0.03178644,0.33521605
4,99447937108556,-0.002396845,-0.02743056,-0.00479369
10,99447943512150,-0.12716389,0.027688503,0.3788762
4,99447946748973,0.010386328,-0.023702133,-0.0010652645
10,99447952117775,-0.18877244,-0.027999878,0.39325523
4,99447956952931,0.0018642128,-0.030360037,0.0010652645
10,99447963263556,-0.22209716,-0.011833191,0.4724288
4,99447966505587,0.004261058,-0.03089267,-0.008788432
10,99447970290691,-0.19336677,0.043233395,0.38863182
4,99447977245743,0.0077231675,-0.026631612,-0.0077231675
10,99447984848660,-0.17525649,0.09163618,0.3169961
4,99447988121472,-0.004527374,-0.029294772,0.0018642128
10,99447992955379,-0.17759752,0.09182978,0.31788206
4,99447997743347,-0.008788432,-0.042077947,-0.0029294773
10,99448003868972,-0.22885251,0.09892464,0.4170084
4,99448007108608,-0.011984225,-0.05566007,-0.018908445
10,99448009965847,-0.2863133,0.08216524,0.400249
4,99448017220691,-0.018908445,-0.06338324,-0.024234766
10,99448023583712,-0.36265457,0.06652212,0.35857534
4,99448027957931,-0.027164243,-0.061252706,-0.011984225
10,99448031407983,-0.36376202,0.1007905,0.4584551
4,99448036666889,-0.008788432,-0.070041135,0.002130529
10,99448041645587,-0.4363948,0.17220259,0.42318153
4,99448045474233,0.0058589545,-0.08548747,0.016511599
10,99448049120795,-0.4363948,0.25121117,0.37529755
4,99448056374181,-0.0018642128,-0.081226416,0.034088463
10,99448063928295,-0.5092311,0.2591524,0.5138259
4,99448067201212,-0.015180019,-0.09241169,0.061252706
10,99448069981212,-0.6313354,0.266335,0.5066433
4,99448075934077,0.011984225,-0.10519487,0.06950851
10,99448083517306,-0.5596628,0.15438461,0.5023918
4,99448086771993,0.059388492,-0.1073254,0.06870956
10,99448089560014,-0.5668454,0.06579924,0.504786
2,99448095823243,-39.0,-1.0,16.0
10,99448102354910,-0.54772854,0.06947374,0.37971687
4,99448105594233,0.09134643,-0.092145376,0.08548747
10,99448110131316,-0.47574747,0.26268816,0.30556107
4,99448114999493,0.08016115,-0.08575379,0.08735169
10,99448120235587,-0.4965856,0.33220148,0.1553092
4,99448123474493,0.028229509,-0.08042747,0.09640643
10,99448129908972,-0.4855392,0.32857513,0.11550093
4,99448134820222,-0.02743056,-0.08016115,0.10705908
10,99448141442618,-0.350384,0.26736546,0.07258892
4,99448144691264,-0.022903185,-0.076965354,0.108124346
10,99448149897045,-0.29849768,0.15296602,0.10771799
4,99448155023920,-0.007190535,-0.08175905,0.10679276
10,99448161312254,-0.28803778,0.13090515,0.07037306
4,99448164545275,0.051132694,-0.076166406,0.08894958
10,99448169434702,-0.19558859,0.28037405,0.026040077
4,99448174364493,0.06178534,-0.06764429,0.08735169
10,99448180217931,-0.19414067,0.2833495,-0.049427986
4,99448183628712,0.052996907,-0.05486112,0.08948222
10,99448189241993,-0.13945556,0.26716614,-0.060428143
4,99448194093972,0.03488741,-0.036218993,0.09960223
10,99448200786264,-0.0952847,0.15966177,-0.05098152
4,99448204107358,0.020506341,-0.02743056,0.11265171
10,99448209231941,-0.111071825,0.09704113,-0.023974419
4,99448214083920,0.021837922,-0.013582122,0.12197278
10,99448219218764,-0.0661993,0.11133051,-0.028080463
4,99448222355587,0.037284255,0.010120012,0.12650016
10,99448228808035,0.027626276,0.12439823,-0.026370049
4,99448233703295,0.025300032,0.02263687,0.128897
10,99448240342566,0.03189397,0.10432911,-8.2302094E-4
4,99448243586837,-0.0039947415,0.0127831735,0.123038046
10,99448248763191,0.03782916,0.057917118,-0.08794069
4,99448253624910,-0.029294772,0.0039947415,0.11611383
10,99448260126420,0.0759151,0.025414944,-0.07482529
4,99448263370587,-0.025832662,0.011185277,0.11158645
10,99448268328399,0.16124296,-0.050323486,0.089214325
2,99448273272879,-38.0,3.0,17.0
10,99448279902410,0.05878496,-0.14122677,0.3048439
4,99448283139285,-0.024501082,0.0058589545,0.090014845
10,99448288305274,-0.012814283,-0.2272749,0.34583473
4,99448293168191,-0.04261058,0.004261058,0.0727043
10,99448299670483,0.026350975,-0.26729774,0.4069872
4,99448302885066,-0.041545313,0.015446335,0.061519023
10,99448308116837,9.849072E-4,-0.23072004,0.43458128
4,99448312973399,-0.024767399,0.010386328,0.057257965
10,99448318122045,-0.024614573,-0.20460892,0.30586004
4,99448321252410,-0.020506341,-0.0061252704,0.0396811
10,99448327692774,0.019035101,-0.12942314,0.2990017
4,99448332470587,-0.020506341,-0.017044231,0.018908445
10,99448339229389,-0.022646427,-0.13403082,0.37812757
4,99448342439910,-0.036218993,-0.025832662,-0.0029294773
10,99448347681316,-0.13240671,-0.1335783,0.40991735
4,99448352513295,-0.057790596,-0.029827405,-0.02263687
10,99448359013452,-0.117167234,-0.12238836,0.38582802
4,99448362257983,-0.05672533,-0.018109497,-0.03435478
10,99448367101577,-0.05958557,-0.15421867,0.40992212
4,99448372020066,-0.034088463,-0.0127831735,-0.037284255
10,99448378787774,-0.16131592,-0.14371824,0.2774067
4,99448382039337,-0.017576864,-0.03195793,-0.04447479
10,99448387003035,-0.16646385,-0.055713654,0.18239021
4,99448391753452,0.01304949,-0.039414786,-0.061519023
10,99448398582410,-0.12589574,0.06762266,0.1836338
4,99448401829806,0.051665325,-0.04474111,-0.08016115
10,99448406997774,-0.22021198,0.13442135,0.2655959
4,99448411835899,0.046871636,-0.054062173,-0.09640643
10,99448416993920,-0.24652338,0.2045908,0.3084855
4,99448420120014,0.0063915867,-0.051665325,-0.10040118
10,99448426572462,-0.18107152,0.29604626,0.20289087
4,99448431354076,-0.034088463,-0.03222425,-0.08175905
10,99448438123087,-0.17361999,0.38535786,0.22831106
4,99448441369962,-0.06231797,-0.022104237,-0.049801115
10,99448446355274,-0.24411178,0.41536522,0.22405815
2,99448451101524,-37.0,4.0,17.0
10,99448457757514,-0.29865694,0.37621593,0.116277695
4,99448460983660,-0.08868326,-0.04580637,-0.021571605
10,99448466203347,-0.27224565,0.3545208,0.24387598
4,99448470952618,-0.06471482,-0.064182185,-0.007989483
10,99448477650014,-0.3957783,0.23399591,0.3969612
4,99448480901316,-0.027164243,-0.08069378,0.0010652645
10,99448486098764,-0.3926698,0.05933237,0.39084435
4,99448490913295,-0.0063915867,-0.08681905,-0.0039947415
10,99448497430014,-0.36912942,0.069642544,0.35003376
4,99448500678972,0.005060006,-0.087884314,-0.004527374
10,99448505868191,-0.3273914,0.16268778,0.20805311
4,99448510649545,-0.007989483,-0.07643273,-0.002130529
10,99448515793660,-0.2690115,0.2515707,0.04990244
4,99448519023920,-0.026631612,-0.06551377,-2.663161E-4
10,99448525467774,-0.30203414,0.2522664,0.03480673
4,99448530253712,-0.079095885,-0.0479369,-0.0010652645
10,99448537007670,-0.29318953,0.12223196,0.22575378
4,99448540258191,-0.10519487,-0.026897928,-0.009853696
10,99448545303347,-0.30267024,0.0036187172,0.19060516
4,99448550067774,-0.09667275,-0.014647386,-0.00958738
10,99448556783191,-0.33424664,-0.05110693,0.190135
4,99448560032306,-0.046339005,0.008522116,-0.002396845
10,99448564993087,-0.31909442,-0.03380537,0.14665413
4,99448569781108,-0.034088463,0.018109497,-0.002396845
10,99448576560847,-0.31513762,-0.0066781044,0.08907986
4,99448579797879,-0.010120012,0.025300032,-0.018375812
10,99448584971993,-0.35660195,0.09277153,0.15672445
4,99448589828972,-0.0010652645,0.02743056,-0.03009372
10,99448596311733,-0.37046695,0.09982157,0.17799139
4,99448599529129,0.0029294773,0.033023197,-0.050333746
10,99448604749649,-0.29678202,0.15159225,0.1175189
4,99448609592879,-5.326322E-4,0.049801115,-0.05219796
10,99448614741264,-0.21566367,0.16778135,0.07640982
4,99448617896993,-0.0127831735,0.06924219,-0.038615838
10,99448624358035,-0.15184641,0.25684834,-0.029016495
2,99448629199024,-36.0,3.0,17.0
10,99448635888660,-0.1558876,0.3919177,-0.010004044
4,99448639126681,-0.0314253,0.087884314,-0.018908445
10,99448644226420,-0.11112046,0.35240173,0.075921535
4,99448649010639,-0.046072688,0.0892159,-0.020772656
10,99448655689649,-0.16930342,0.27804565,0.1627841
4,99448658938712,-0.03488741,0.08841695,-0.010918961
10,99448664097149,-0.12664032,0.15807772,0.24466133
4,99448668853295,-0.009054748,0.0892159,0.010386328
10,99448675460899,-0.023088455,0.09431267,0.16231298
4,99448678710378,0.0010652645,0.09347696,0.028229509
10,99448683891733,-0.026265383,0.121283054,0.11294317
4,99448688694493,-0.0053263223,0.07989483,0.03888215
10,99448695230431,0.005325556,0.15665579,0.13684368
4,99448698471837,-0.021038974,0.06391586,0.035153728
10,99448703589545,0.04757452,0.097396374,0.1166687
4,99448708362253,-0.03834952,0.05566007,0.025566347
10,99448713602566,0.014960289,0.018484116,0.13187885
4,99448716793139,-0.051132694,0.04181163,0.01784318
10,99448723256212,-0.032653093,-0.17425013,0.19136381
4,99448728056889,-0.052464273,0.03435478,0.01304949
10,99448734932306,-0.049454212,-0.30532932,0.3054943
4,99448738173816,-0.03089267,0.03435478,0.002396845
10,99448743020170,-0.085572004,-0.34940243,0.37280846
4,99448747873608,-0.01304949,0.03542004,-0.006657903
10,99448754567774,-0.1415472,-0.3109517,0.29796362
4,99448757785483,-0.016777916,0.04447479,-0.022370555
10,99448762913451,-0.13560748,-0.23464155,0.2778926
4,99448767718556,-0.02609898,0.049801115,-0.040213734
10,99448774348556,-0.20389247,-0.15323782,0.25331354
4,99448777596264,-0.038615838,0.049801115,-0.05139901
10,99448782788972,-0.2415793,-0.14096165,0.29380798
4,99448787560066,-0.046871636,0.049534798,-0.063116916
10,99448794098816,-0.27200484,-0.16778088,0.47005653
4,99448797318660,-0.023435818,0.046339005,-0.07350325
10,99448800110483,-0.39171493,-0.10792589,0.5897665
2,99448808341003,-39.0,2.0,16.0
10,99448814721941,-0.4198414,-0.0998826,0.5932884
4,99448817825274,0.019441076,0.0396811,-0.07190535
10,99448821135274,-0.4342066,0.029404163,0.6292014
4,99448827695066,0.017044231,0.03701794,-0.06551377
10,99448835243451,-0.42619407,0.19266033,0.6472206
4,99448838523764,0.01304949,0.030626353,-0.05965481
10,99448842997566,-0.3714379,0.30067825,0.6385608
4,99448847825378,0.0018642128,0.027164243,-0.054594804
10,99448854098712,-0.35722506,0.29753017,0.60471296
4,99448857314910,-0.010918961,0.015180019,-0.042876896
10,99448860178712,-0.39792645,0.25682878,0.61907816
4,99448867393764,0.0015978967,5.326322E-4,-0.03195793
10,99448874950743,-0.38426077,0.2804408,0.52621365
4,99448878216889,0.02130529,-0.007456851,-0.015978966
10,99448882695170,-0.38444507,0.27663565,0.5229349
4,99448887545378,0.043942157,-0.013582122,0.002396845
10,99448893846472,-0.34601498,0.24041891,0.49449015
4,99448897086003,0.07084008,-0.021038974,0.0039947415
10,99448899959805,-0.3364451,0.22126722,0.42984676
4,99448907195847,0.06524745,-0.026365295,0.002130529
10,99448913522253,-0.35688663,0.18920279,0.284585
4,99448916633295,0.040213734,-0.026631612,0.007456851
10,99448918719180,-0.33533883,0.18680859,0.21036482
4,99448926638764,0.013848438,-0.020772656,0.018375812
10,99448934193972,-0.29112935,0.15877199,0.11591053
4,99448937433555,0.0058589545,-0.02130529,0.017576864
10,99448940223503,-0.29112935,0.15877199,0.11591053
4,99448946037514,0.007456851,-0.01784318,0.012250541
10,99448952177930,-0.16789103,0.12823725,0.06893492
4,99448955421628,0.027164243,-0.010918961,-0.00479369
10,99448960750378,-0.14825869,0.05130148,0.071656704
4,99448965773555,0.03435478,-0.005060006,-0.006924219
10,99448971918712,-0.18139291,0.038081646,0.09753275
4,99448975171993,0.051931642,0.010652645,-0.009853696
10,99448980528868,-0.13944602,0.02139473,0.028829575
2,99448985423399,-38.0,1.0,16.0
10,99448991660378,-0.116398335,0.039925575,0.15576792
4,99448994915014,0.051931642,0.027696876,-0.012250541
10,99449000305587,-0.19021153,0.0914073,0.24828386
4,99449005199910,0.036218993,0.04181163,-0.022104237
10,99449010106108,-0.21531916,0.10482788,0.26174688
4,99449013462930,0.007989483,0.045007423,-0.03009372
10,99449020091055,-0.2236259,0.13864708,0.31699133
4,99449024920430,-0.002130529,0.05006743,-0.033822145
10,99449031202670,-0.26036692,0.19948721,0.3320341
4,99449034591680,0.004261058,0.047137953,-0.03222425
10,99449039886941,-0.33267236,0.27144527,0.4970622
4,99449044807097,0.014114754,0.03701794,-0.025566347
10,99449051000743,-0.34959793,0.28961897,0.5101938
4,99449054285587,0.023169503,0.024767399,-0.020772656
10,99449059782982,-0.35756624,0.3881402,0.5034547
4,99449064712930,0.020506341,0.013848438,-0.01784318
10,99449070828764,-0.29982924,0.49790096,0.5276327
4,99449074108764,0.012516857,0.011185277,-0.007989483
10,99449079359857,-0.24485517,0.53642416,0.4854002
4,99449084206993,0.005060006,0.010120012,0.007190535
10,99449090568764,-0.20618486,0.46845913,0.47045183
4,99449093805587,-2.663161E-4,0.008255799,0.025033714
10,99449099204493,-0.214288,0.39476967,0.43965292
4,99449104047878,0.018375812,0.006924219,0.04527374
10,99449108995587,-0.18070197,0.36860514,0.44414806
4,99449112358139,0.05006743,0.014114754,0.06657903
10,99449117824597,-0.12457299,0.3650446,0.33944798
4,99449124467774,0.06791061,0.023169503,0.082025364
10,99449130548451,-0.1194675,0.36269236,0.33856583
4,99449133780691,0.061519023,0.03169162,0.09933591
10,99449138785170,-0.18869686,0.26847553,0.20661211
4,99449143689805,0.036751624,0.033289514,0.112119086
10,99449149921472,-0.097537994,0.23446989,0.02436161
4,99449153157826,0.013848438,0.052464273,0.10333065
10,99449158537253,0.10280347,0.22048044,0.16157484
2,99449163427514,-37.0,1.0,16.0
10,99449169657722,-0.08612585,0.11803484,0.10361099
4,99449172873347,-0.039414786,0.05912218,0.11424961
10,99449178454753,-0.15908599,-0.0643301,0.04628229
4,99449183346160,-0.039414786,0.055127434,0.10279802
10,99449189482097,-0.16562223,-0.26176167,-0.0069937706
4,99449192705847,-0.004527374,0.07856325,0.1025317
10,99449198089910,-0.24446249,-0.43154907,-0.009080887
4,99449202913191,0.035952676,0.08948222,0.111852765
10,99449207838087,-0.3754152,-0.47015285,0.10518932
4,99449211236420,0.060720075,0.08495484,0.1025317
10,99449217864597,-0.4229355,-0.35839748,0.10460043
4,99449222682149,0.06231797,0.08335695,0.08495484
10,99449229001420,-0.52389157,-0.18350029,0.057478428
4,99449232214076,0.038615838,0.07563378,0.07882957
10,99449237641472,-0.6177521,-0.14659405,0.09017706
4,99449242472566,-0.0010652645,0.053263225,0.06684534
10,99449248768191,-0.56547415,-0.024290085,0.1177659
4,99449252007045,-0.028229509,0.031158986,0.041279
10,99449257410378,-0.45988452,-0.010597706,0.147892
4,99449262264180,-0.04660532,0.031158986,0.0053263223
10,99449268557774,-0.3529358,-0.015931606,0.22701597
4,99449271786472,-0.050333746,0.04474111,-0.008255799
10,99449277189962,-0.34720206,-0.07219648,-0.06805229
4,99449282009857,-0.10040118,0.03488741,0.033023197
10,99449288341524,-0.4640323,-0.005709648,-0.040210247
4,99449291583868,-0.11584751,0.0,0.13156016
10,99449296966420,-0.5334898,0.15758228,0.36321735
4,99449301781472,-0.08229168,-0.040746365,0.23355924
10,99449306766680,-0.44100058,0.23798132,0.8241048
4,99449310128191,-0.020772656,-0.051665325,0.2463424
10,99449316752201,-0.39345193,0.11633825,0.9713464
4,99449321540899,0.2428803,-0.024501082,0.21944448
10,99449327892514,-0.4725572,0.27607727,0.76718426
4,99449331126889,0.3587278,0.0063915867,0.20692763
10,99449336573764,-0.37746823,0.7430525,0.34291983
2,99449341434545,-38.0,2.0,17.0
10,99449347737722,-0.24912906,1.0575438,0.12611103
4,99449351022774,0.0039947415,0.0061252704,0.10865697
10,99449356374232,-0.3294685,0.9611683,0.33985138
4,99449361132774,-0.2130529,-0.032756884,0.0743022
10,99449367451212,-0.39408886,0.4334135,0.5872936
4,99449370700118,-0.2394182,-0.0628506,0.053795855
10,99449376088399,-0.3779273,-0.19459915,0.8228731
4,99449380844337,-0.18855181,-0.07084008,0.04527374
10,99449387236212,-0.335207,-0.47654104,0.8002682
4,99449390471472,0.055926383,-0.06897587,0.022104237
10,99449395911159,-0.24213624,-0.2868719,0.45190763
4,99449400706576,0.10839066,-0.06764429,0.018642128
10,99449405695847,-0.115677714,0.18552446,0.22067547
4,99449409013347,0.12809806,-0.072970614,0.016245283
10,99449415631680,-0.09608984,0.3583355,0.13086796
4,99449420389962,0.051931642,-0.07882957,0.0077231675
10,99449426779701,-0.08482671,0.5372343,0.022692204
4,99449430030482,-0.050333746,-0.08229168,-0.0055926386
10,99449435464597,-0.05755353,0.37336826,0.10491514
4,99449440330639,-0.09427591,-0.07376956,-0.014647386
10,99449446568034,-0.084439516,0.24602461,0.09372187
4,99449449819076,-0.070307456,-0.062051654,-0.009321064
10,99449455208764,-0.07147074,0.028060436,0.15696812
4,99449460064962,-0.013848438,-0.047137953,0.005060006
10,99449466332670,-0.06369758,0.024246216,0.15420866
4,99449469570170,0.042876896,-0.035952676,0.025033714
10,99449474986212,-0.08737302,0.005341053,0.05479002
4,99449479753347,0.06498113,-0.025033714,0.050866377
10,99449486142149,-0.0632,0.123717785,0.10897064
4,99449489354180,0.07243799,-0.008788432,0.07403588
10,99449494763711,-0.08918524,0.22794199,0.057281017
4,99449499575430,0.06764429,0.004527374,0.10040118
10,99449504545066,-0.048642874,0.107450485,-0.004547596
4,99449507911993,0.036218993,0.012250541,0.10546118
10,99449514298816,0.049164295,-0.06782818,-0.016135693
2,99449519142201,-37.0,5.0,18.0
10,99449525745691,0.055566072,-0.13641357,-0.028831482
4,99449528983191,-0.0018642128,0.009054748,0.06924219
10,99449534317097,-0.07290602,-0.23938751,0.06775427
4,99449539147305,-0.025033714,0.0077231675,0.048469532
10,99449545465430,-0.04445243,-0.22941542,-0.03370571
4,99449548700847,-0.026897928,0.029294772,0.033289514
10,99449553814753,-0.1068728,-0.28444338,0.10564995
4,99449558680586,-0.023435818,0.023702133,0.019707393
10,99449565239336,-0.34285545,-0.2735138,0.27313137
4,99449568492253,0.0058589545,-0.017044231,-0.020506341
10,99449573874701,-0.43189204,-0.20691013,0.060150146
4,99449578739649,-0.060453758,-0.08655274,-0.10333065
10,99449585047045,-0.5665171,0.2645111,-0.12804937
4,99449588289076,-0.17763285,-0.18775286,-0.23062976
10,99449593652357,-0.5514982,0.59454155,-0.029981613
4,99449598482566,-0.28575718,-0.28575718,-0.34940675
10,99449603425118,-0.55654013,0.16826105,-0.07948542
4,99449607089753,-0.37417415,-0.32943302,-0.43888897
10,99449613428972,-0.45713425,-0.3272295,0.49075937
4,99449618276836,-0.35233623,-0.31691617,-0.4860269
10,99449624569180,-0.63094103,-0.57881117,0.8121333
4,99449627804493,-0.18109496,-0.27803403,-0.46552056
10,99449633248191,-0.696838,-0.75245476,0.9507575
4,99449637999076,0.03834952,-0.22663501,-0.39547944
10,99449644353607,-0.638656,-0.52998734,0.81732225
4,99449647585899,0.23062976,-0.17417073,-0.31052458
10,99449651424597,-0.48303282,0.08771658,0.5731139
4,99449658513659,0.33502567,-0.13129385,-0.23835292
10,99449666076784,-0.37975216,0.5861707,0.20485258
4,99449669354649,0.28815404,-0.094808534,-0.19041602
10,99449674256211,-0.3991239,0.55894613,0.18743515
4,99449679070951,0.16218652,-0.05486112,-0.1520665
10,99449685251993,-0.2472601,1.1325874,0.10700035
4,99449688517774,0.04181163,-0.010120012,-0.118776985
10,99449690464024,-0.3406341,1.0296364,0.23868132
2,99449698333920,-37.0,5.0,19.0
10,99449704719076,-0.47947252,0.7521739,0.34311628
4,99449707835222,-0.054328486,0.03542004,-0.023702133
10,99449711039701,-0.47947443,0.44810295,0.39100027
4,99449717788816,-0.005060006,0.026897928,0.026897928
10,99449725332253,-0.40615582,0.15143585,0.3161707
4,99449728582982,0.052464273,0.011185277,0.049534798
10,99449733444180,-0.4002018,0.14854002,0.31170893
4,99449738306107,0.099069595,-0.0013315806,0.066046394
10,99449744412305,-0.46577132,0.0067539215,0.30029154
4,99449747647878,0.12250541,-0.0053263223,0.08575379
10,99449750535899,-0.4322524,0.004359722,0.37690592
4,99449757323659,0.14940333,-0.017044231,0.08735169
10,99449764946524,-0.38200307,-0.051270485,0.35538626
4,99449768169545,0.16484967,-0.018908445,0.071106404
10,99449770965586,-0.38200307,-0.051270485,0.35538626
4,99449775864180,0.17230652,-0.011451593,0.056991648
10,99449783008920,-0.27508783,-0.21604872,0.27682543
4,99449786260743,0.17443706,0.0010652645,0.058056913
10,99449791427774,-0.30001497,-0.21143198,0.3893752
4,99449796265222,0.16538231,-5.326322E-4,0.06258429
10,99449801380743,-0.26428986,-0.21093988,0.27720356
4,99449804568347,0.14168017,0.015180019,0.06897587
10,99449811007357,-0.19464755,-0.21153736,0.32166147
4,99449815905534,0.10359697,0.040213734,0.06764429
10,99449822561159,-0.10974717,0.05053425,0.3289857
4,99449825800586,0.08681905,0.07803062,0.09241169
10,99449830978920,-0.046843052,0.16324902,0.24119186
4,99449835800638,0.08229168,0.08522116,0.101999074
10,99449842348659,0.0605011,0.13023138,0.22986698
4,99449845585482,0.050600063,0.114782244,0.11318435
10,99449850745691,0.17376494,0.106377125,0.06664896
4,99449855676472,0.04447479,0.12623383,0.11132014
10,99449862114597,0.118920565,0.11784363,0.04563713
4,99449865351107,0.040746365,0.13981596,0.11318435
10,99449870516784,-0.017521143,0.16561317,0.14878893
2,99449875457722,-36.0,10.0,16.0
10,99449882025326,-0.006574869,0.18060923,0.18553114
4,99449885271888,0.12916331,0.13848437,0.14141385
10,99449890207201,-0.032732964,0.0057582855,0.07329273
4,99449895121784,0.17816548,0.101999074,0.12836437
10,99449900285118,0.04558921,0.0071291924,0.052666664
4,99449903424597,0.20133498,0.07163903,0.07163903
10,99449909893451,0.16740179,0.14134312,-0.09338236
4,99449914827513,0.18508969,0.061252706,0.013848438
10,99449921449753,0.183671,0.25001717,-0.0644331
4,99449924686732,0.128897,0.048203215,-0.01571265
10,99449929850326,0.11158776,0.013153076,-0.07935476
4,99449934703711,0.041279,0.03195793,-0.034621093
10,99449941220065,0.059506416,-0.21942902,0.01947689
4,99449944528555,0.010652645,0.024767399,-0.047404267
10,99449949428972,0.11808252,-0.32657957,0.10007763
4,99449954438763,0.02609898,0.026897928,-0.053263225
10,99449961000430,0.11844373,-0.29040384,-0.032442093
4,99449964313763,0.040480047,0.02609898,-0.058056913
10,99449969436211,0.23002195,-0.17012405,-0.046580315
4,99449974274701,0.048203215,0.027696876,-0.06764429
10,99449980770743,0.39940882,-0.027805328,-0.020972729
4,99449984078659,0.042876896,0.019707393,-0.083889574
10,99449989231368,0.395164,-0.026865482,-0.06450319
4,99449994157513,0.023435818,0.0034621095,-0.09347696
10,99449999311472,0.33205652,-0.11277771,-0.11572647
4,99450002410534,0.009054748,0.014647386,-0.09454222
10,99450008782722,0.31479764,-0.09268904,0.005877495
4,99450013732253,0.02263687,0.03888215,-0.08229168
10,99450020333451,0.22171259,-0.032883167,0.10893202
4,99450023574232,0.01304949,0.05965481,-0.055127434
10,99450028583972,0.16557503,-0.027221203,0.012978554
4,99450033632461,-0.03009372,0.08655274,-0.035153728
10,99450040098815,0.21984124,0.028835773,0.10502815
4,99450043336472,-0.06764429,0.11265171,-0.025832662
10,99450048550690,0.1694684,-0.014644623,0.14626646
2,99450053467670,-36.0,12.0,15.0
10,99450060034024,0.102484226,-0.07594204,0.11839771
4,99450063281732,-0.030360037,0.1257012,-0.036218993
10,99450068222253,0.028604746,-0.16078043,0.15822887
4,99450073058920,-0.016245283,0.12756541,-0.06018744
10,99450079653920,0.0017311573,-0.107213974,0.2941308
4,99450082898920,-0.018375812,0.12410331,-0.08628642
10,99450087867201,-0.266232,-0.107067585,0.38130713
4,99450092686159,-0.043942157,0.10066749,-0.11105382
10,99450098011107,-0.4916098,-0.22526503,0.4913268
4,99450101223659,-0.063116916,0.070041135,-0.128897
10,99450107668295,-0.56417966,-0.2632866,0.6055703
4,99450112479284,-0.03834952,0.061519023,-0.13582122
10,99450119199232,-0.6279856,-0.21229315,0.75674295
4,99450122442409,0.013582122,0.052464273,-0.13209279
10,99450127394805,-0.80082846,-0.13416195,0.825263
4,99450132168659,0.051931642,0.018109497,-0.13022858
10,99450138960274,-0.90548265,0.07129431,0.8570347
4,99450142180795,0.06977482,-0.010918961,-0.13182648
10,99450146965430,-0.87667286,0.2718706,0.7727647
4,99450151847774,0.047137953,-0.026897928,-0.12916331
10,99450158757565,-0.8142855,0.4750576,0.6415248
4,99450161991628,0.00958738,-0.034621093,-0.119043306
10,99450167053607,-0.762378,0.6373453,0.5602765
4,99450171832513,-0.0031957934,-0.04261058,-0.11132014
10,99450178510222,-0.70892966,0.70295525,0.5188284
4,99450181756836,-0.004261058,-0.04474111,-0.092145376
10,99450186771003,-0.7004107,0.73064756,0.50387526
4,99450192234128,0.0010652645,-0.042077947,-0.052464273
10,99450197308347,-0.7726505,0.6422467,0.46505547
4,99450200406628,0.0058589545,-0.046072688,-0.029827405
10,99450206625586,-0.803643,0.48059893,0.5362606
4,99450211458138,0.026365295,-0.04447479,0.008255799
10,99450218074701,-0.77764106,0.48997927,0.5267687
4,99450221370326,0.112918034,-0.037284255,0.047670584
10,99450226371888,-0.75954604,0.44893217,0.30160093
2,99450231406055,-37.0,6.0,17.0
10,99450238149076,-0.64001334,0.50249624,0.26963234
4,99450241354805,0.14327806,-0.017310547,0.07483483
10,99450246279857,-0.58008194,0.6187048,-0.020637989
4,99450251048086,0.12463594,-0.015180019,0.070041135
10,99450257621055,-0.52446985,0.6394839,-0.08542538
4,99450260869024,0.035153728,-0.034088463,0.050333746
10,99450265883347,-0.33950424,0.49948215,-0.04297638
4,99450270714597,-0.0010652645,-0.03834952,0.04580637
10,99450277437461,-0.24776697,0.3956666,0.0066399574
4,99450280669232,-0.034088463,-0.05352954,0.026897928
10,99450285641107,-0.11815262,0.02366352,0.10211706
4,99450290468034,-0.025033714,-0.070307456,-0.0034621095
10,99450295790482,-0.06872702,-0.121191025,0.11705017
4,99450299004961,-7.9894834E-4,-0.08655274,-0.027164243
10,99450305525117,0.0024604797,-0.2656207,0.10473347
4,99450309890586,0.016245283,-0.07803062,-0.032756884
10,99450315660586,0.07414532,-0.3491192,0.13670254
4,99450319079649,0.020506341,-0.06231797,-0.023169503
11,99450323814180,-0.339756,0.083966,-0.534782,0.769105,3.0
4,99450329374232,0.007190535,-0.05539375,-0.019973708
10,99450335380170,0.07912636,-0.25352383,0.083791256
4,99450338566472,-0.0039947415,-0.041279,-0.023435818
10,99450343592513,0.20971394,-0.14215088,0.04907179
4,99450349183295,-0.0018642128,-0.014114754,-0.023702133
10,99450355157253,0.27257037,-0.12913084,0.044801712
4,99450358336472,-5.326322E-4,0.011717909,-0.017576864
10,99450363396211,0.29709435,-0.15682936,0.14033985
4,99450370122357,-0.010918961,0.034621093,-0.018375812
10,99450376145117,0.2783749,-0.16501904,0.24263763
4,99450379240430,-0.012516857,0.049801115,-0.014647386
10,99450384308347,0.16884565,-0.13733149,0.22678947
4,99450390327617,0.007989483,0.05912218,-0.005060006
10,99450395332617,0.030150414,-0.15621996,0.19986439
4,99450398286888,0.038615838,0.06524745,0.013582122
10,99450404074805,0.0030472279,-0.126822,0.19240284
2,99450408731888,-37.0,8.0,16.0
10,99450415612149,-0.0015659332,-0.05364704,0.27424574
4,99450418690951,0.03834952,0.086020105,0.0039947415
10,99450423852253,-0.045786142,0.015601158,0.43785286
4,99450429261263,0.009054748,0.08468852,-0.013848438
10,99450435364128,-0.23824,-0.060937405,0.45272446
4,99450438451419,-0.022104237,0.08548747,-0.019973708
10,99450443628451,-0.31821156,-0.15217876,0.44055414
4,99450448277982,-0.017576864,0.08442221,-0.023435818
10,99450455157149,-0.36004853,-0.14091873,0.34667063
4,99450458253034,0.011984225,0.06791061,-0.03169162
10,99450463417930,-0.3947655,-0.11113596,0.2726469
4,99450468821680,0.03542004,0.03888215,-0.047670584
10,99450474933190,-0.31108117,-0.017423153,0.30020142
4,99450478024284,0.053795855,0.013315806,-0.07057377
10,99450482083972,-0.30150437,0.11186361,0.52525616
4,99450489147305,0.051931642,-0.009321064,-0.09161274
10,99450495402409,-0.42602098,0.10067558,0.5524025
4,99450499688763,0.041279,-0.038615838,-0.099069595
10,99450503220169,-0.49514544,0.13238001,0.5300479
4,99450507785222,0.04660532,-0.053263225,-0.094009586
10,99450513523034,-0.44088924,0.18032837,0.48848915
4,99450516734544,0.049002163,-0.064182185,-0.07856325
10,99450521960742,-0.38342834,0.30482674,0.48130655
4,99450528508607,0.044208474,-0.07536746,-0.056991648
10,99450536075899,-0.39916134,0.40765285,0.51526785
4,99450539318659,0.029827405,-0.08948222,-0.042876896
10,99450543810430,-0.4218042,0.42142105,0.48721027
4,99450548587513,0.011185277,-0.105993815,-0.037550572
10,99450555005794,-0.35912776,0.41471148,0.5321145
4,99450558211419,0.014913702,-0.10466223,-0.022370555
10,99450561034024,-0.31842637,0.38837528,0.48183632
4,99450568261055,0.024501082,-0.090014845,0.0013315806
10,99450575836472,-0.27992773,0.3258319,0.4923072
4,99450579089284,0.011451593,-0.08681905,0.022903185
10,99450581904024,-0.2799337,0.3258338,0.4923072
2,99450588220586,-36.0,5.0,17.0
10,99450594619596,-0.25093055,0.36397028,0.43144608
4,99450597722669,0.031158986,-0.07856325,0.052464273
10,99450600859909,-0.15994954,0.26581383,0.22793913
4,99450607712253,0.014114754,-0.051665325,0.07829694
10,99450615299388,-0.16412163,0.21015549,0.2208519
4,99450618559961,0.0053263223,-0.03089267,0.104928546
10,99450621378971,-0.16412163,0.21015549,0.2208519
4,99450627129909,0.015446335,-0.028229509,0.11158645
10,99450633238346,-0.1867013,0.106675625,0.1349535
4,99450636483919,0.027696876,-0.022104237,0.11930962
10,99450641876680,-0.09466505,0.055878162,0.092262745
4,99450646663138,0.039414786,-0.004261058,0.12650016
10,99450653018190,0.03870845,0.06898832,0.14215136
4,99450656253451,0.08069378,0.04873585,0.1454086
10,99450661631992,-0.01873827,0.12281132,0.22507906
4,99450666473242,0.09161274,0.06338324,0.14940333
10,99450672796524,-0.060692787,0.1216321,0.36010742
4,99450676032669,0.09614012,0.09081379,0.16751283
10,99450681411263,-0.1771977,0.02732563,0.25694323
4,99450686206836,0.09347696,0.12117383,0.18881813
10,99450691172565,-0.21292162,-0.015613556,0.29465055
4,99450694545274,0.09241169,0.1419465,0.22050974
10,99450701169544,-0.31142807,-0.035861492,0.25780392
4,99450706018399,0.11611383,0.1587244,0.25513083
10,99450712314232,-0.3108418,-0.034867764,0.22698307
4,99450715558867,0.12756541,0.1685781,0.2828277
10,99450720947982,-0.2603948,0.034582138,0.12787199
4,99450725793607,0.12809806,0.17869811,0.28708878
10,99450732126159,-0.14776158,0.2896986,0.051987648
4,99450735344701,0.12117383,0.18535602,0.2761698
10,99450740733867,-0.064849615,0.44819117,-0.009783268
4,99450745786576,0.08974853,0.18269286,0.2657835
10,99450751901576,-0.018714905,0.4574108,-0.014893055
4,99450755151524,0.056991648,0.17257284,0.2543319
10,99450760514128,-0.042615414,0.23508263,0.09522915
2,99450765355117,-35.0,8.0,18.0
10,99450771869544,-0.06947541,0.014268875,0.3073516
4,99450775088399,0.0644485,0.16005598,0.23515713
10,99450780290638,-0.13498092,-0.07538319,0.30377483
4,99450785117305,0.09853696,0.175236,0.23462449
10,99450790016680,-0.11854768,-0.13582516,0.24118567
4,99450793434076,0.10839066,0.21012342,0.2463424
10,99450800068398,-0.10201812,-0.12382984,0.34182787
4,99450804923971,0.11558119,0.24580978,0.2692456
10,99450811208555,-0.03669274,-0.1239934,0.33623266
4,99450814507305,0.11345066,0.28122982,0.27004454
10,99450819845065,-0.04438615,-0.12673426,0.37521744
4,99450824693607,0.10839066,0.3009372,0.24767399
10,99450830974128,-0.06113863,-0.02650404,0.21794605
4,99450834269440,0.09560748,0.32330775,0.22290659
10,99450839613034,0.04323554,0.09052229,0.116191864
4,99450844512669,0.07882957,0.35473305,0.19148129
10,99450850761263,0.1094352,0.20008612,0.12689734
4,99450854062773,0.06338324,0.36112466,0.13022858
10,99450859434232,0.03570819,0.13535833,0.20783806
4,99450864279753,0.08229168,0.3304983,0.028229509
10,99450870546628,-0.10406613,-0.057183266,0.11968231
4,99450873788867,0.09853696,0.28549087,-0.0777643
10,99450879168451,-0.20440447,-0.27551365,0.11115551
4,99450884009805,0.12010857,0.26205507,-0.14780544
10,99450888931836,-0.11829078,-0.40359592,0.28633595
4,99450892332461,0.1520665,0.27084348,-0.17896444
10,99450897796732,0.10518837,-0.38470268,0.47623873
4,99450904369701,0.20559604,0.2873551,-0.1984055
10,99450910501055,0.26257968,-0.22808743,0.62128067
4,99450913745898,0.25033715,0.28495824,-0.2031992
10,99450918930117,0.2898059,3.771782E-4,0.51876736
4,99450922849336,0.25752768,0.2926814,-0.19787288
10,99450929868659,0.37212658,0.33774662,0.5572953
4,99450933118138,0.26312032,0.29374668,-0.18668759
10,99450938511055,0.30451906,0.52383184,0.46615314
2,99450943444648,-35.0,7.0,20.0
10,99450949697201,0.16289163,0.34132338,0.25976706
4,99450952912982,0.27057716,0.28708878,-0.13315806
10,99450958309544,-0.004385829,0.3300748,0.32674932
4,99450963163242,0.27670243,0.2543319,-0.11052119
10,99450969426471,-0.11367047,0.35016727,0.42506742
4,99450972672096,0.3022688,0.20879184,-0.087085366
10,99450978065482,-0.22900629,0.39754152,0.36714315
4,99450982958815,0.30706248,0.15686019,-0.06471482
10,99450987866940,-0.26539552,0.59196615,0.26580572
4,99450991211836,0.31318775,0.13315806,-0.0561927
10,99450997844128,-0.21891558,0.7302971,0.13827324
4,99451002672721,0.31984565,0.075101145,-0.023435818
10,99451009018607,-0.29811,0.66153145,-0.08615017
4,99451012246055,0.26072347,0.042876896,-0.014114754
10,99451017622982,-0.33355558,0.6998186,-0.14676523
4,99451022407773,0.21038973,0.027164243,-0.016245283
10,99451028746055,-0.2422831,0.79461956,-0.14897633
4,99451031981211,0.19041602,0.029827405,-0.010652645
10,99451037395482,-0.18489921,0.8097811,-0.13783789
4,99451041354805,0.20080236,0.052996907,0.022104237
10,99451048615065,-0.11820483,0.8815837,0.03755617
4,99451051822721,0.25646242,0.16538231,0.13182648
10,99451057176784,-0.23010683,0.403049,0.08609915
4,99451062014284,0.25166872,0.2625877,0.23462449
10,99451068364336,-0.5036571,-0.2986703,0.56430054
4,99451071577825,0.16431704,0.67298084,0.64528394
10,99451076955482,-0.84263605,-1.402679,1.5313735
4,99451081713763,0.12996227,0.7946873,0.7997473
10,99451086681732,-1.6431385,-2.3241987,2.1556854
4,99451090103763,0.07057377,0.9057411,1.092695
10,99451096731211,-1.6238624,-2.4325356,2.1230254,99451100929128,0.15632756,0.8591358,1.2423646
11,99451106442930,-0.277761,0.113833,-0.524384,0.796813,3.0
4,99451110168294,0.47404268,0.71292824,1.0133328
10,99451116350794,0.021440804,-0.25849056,-0.13888359
2,99451121031784,-39.0,3.0,27.0
10,99451127377982,-0.704208,-0.7621622,0.48588848
4,99451130468555,0.35127094,-0.12863068,-0.3022688
10,99451136072148,-1.9111512,-0.7002144,-0.026228905
4,99451140695638,-0.18375812,-0.474309,-0.60720074
10,99451147167513,-2.0044615,-0.62491083,0.7623215
4,99451150251784,-0.1304949,-0.6146576,-0.61891866
10,99451155837044,-1.5137086,-2.027834,1.4109011
4,99451160481888,0.345412,-0.7070693,-0.5752428
10,99451166936575,-0.2738232,-2.6604166,0.52433586
4,99451170027044,0.95128113,-0.69748193,-0.60720074
10,99451175633138,0.5763291,-1.2199788,-0.74631786
4,99451181240846,1.3211943,-0.54674697,-0.67298084
10,99451186110169,0.7390975,0.63157845,-1.5034208
4,99451189077253,1.1225225,-0.32091093,-0.73316824
10,99451194612305,0.7506529,1.5318244,-1.8405886
4,99451200988190,0.46711847,-0.058056913,-0.7499462
10,99451206841575,0.83976996,2.5307298,-1.42412
4,99451209933242,-0.03435478,0.21784659,-0.7432883
10,99451215191263,0.49925208,2.2181802,-1.4084129
4,99451219811732,-0.34967306,0.48070058,-0.61439127
10,99451226256575,-0.011368513,0.7163496,-1.0944624
4,99451229340430,-0.44687843,0.67058396,-0.3438141
10,99451234315586,-0.12956452,-0.21854353,-0.4653082
4,99451240373711,-0.21118867,0.7981494,-0.101200126
10,99451246092461,0.04885924,-0.478971,-0.21810532
4,99451249185950,0.08042747,0.9755159,0.1403486
11,99451254746784,-0.26432,0.092912,-0.532465,0.798738,3.0
4,99451259660950,0.33475935,1.1470236,0.4609932
10,99451265821784,-0.8149433,0.64306307,1.0528088
4,99451268899232,0.56938386,1.0679276,0.8005462
10,99451274625482,-2.004582,1.1440344,2.1347828
4,99451279398034,0.799481,0.69694924,0.7781757
10,99451284425013,-2.1548216,0.670351,3.6124067
4,99451287868711,0.22343922,0.16564862,0.2580603
10,99451294300221,-2.347238,0.8898101,2.3347101
2,99451298859909,-33.0,2.0,27.0
10,99451304391107,-2.41786,1.3233664,2.562993
4,99451307692461,-0.819721,-0.3653857,-0.26977822
10,99451313172252,-2.3536813,-0.38644457,1.6495228
4,99451319844388,-0.89588743,-0.49321744,-0.23702134
10,99451325890482,-1.1777382,-1.1467876,-0.16549301
4,99451329123398,-0.6061355,-0.5486112,-0.33662358
10,99451331956784,-0.43792993,-0.45965147,-1.7839737
4,99451339459648,-0.18082865,-0.5451491,-0.40586576
10,99451347047513,-0.39445186,0.6742897,-2.3829904
4,99451350300221,-0.04474111,-0.5547365,-0.46205845
10,99451355015117,-0.46922612,0.6825714,-2.3672824
4,99451359842044,-0.31158987,-0.6601977,-0.6069344
10,99451365966627,-0.68156576,0.6985507,-2.032292
4,99451369208763,-0.50333744,-0.77125144,-0.7073356
10,99451372071107,-0.60734373,0.28675318,-0.9956026
4,99451379415065,-0.39787626,-0.7486146,-0.71505874
10,99451385754232,-0.25331092,-0.67468786,0.2590475
4,99451390021107,-0.20692763,-0.5946839,-0.6716492
10,99451393748138,-0.40056956,-1.6473966,0.3434477
4,99451398506159,-0.091080114,-0.43862265,-0.60054284
10,99451404595534,-0.71041197,-1.3316555,0.31073856
4,99451407817305,0.100933805,-0.29933932,-0.4822985
10,99451411598138,-0.58351934,-0.51762676,-0.05078602
4,99451418794336,0.24554345,-0.14008227,-0.34434673
10,99451426383086,-0.18676937,0.1680274,-0.42587566
4,99451429640586,0.20746025,0.00958738,-0.2545982
10,99451432449909,-0.18676937,0.1680274,-0.42587566
4,99451437295846,0.017576864,0.1206412,-0.2146508
10,99451444276940,0.25487947,1.3611708,-0.52219915
4,99451447526367,-0.19680761,0.17443706,-0.18056233
10,99451452667721,-0.011624813,1.4762828,-0.6715927
4,99451457450690,-0.381631,0.16405073,-0.13582122
10,99451464106107,-0.2509408,1.3460097,-0.9029093
4,99451467346054,-0.4607269,0.14460965,-0.11638014
10,99451472470325,-0.018334389,1.3470588,-0.6630664
2,99451477317513,-29.0,1.0,23.0
10,99451482446263,-0.048440695,1.0772781,-0.13404131
4,99451485744440,-0.3568636,0.12783173,-0.1355549
10,99451492240638,-0.1448828,0.91698647,0.015508652
4,99451497030482,-0.27989823,0.06364955,-0.12623383
10,99451503606732,-0.17923653,0.75455,0.5178356
4,99451506849492,-0.12809806,-0.037284255,-0.10013486
10,99451512030846,0.028445125,0.63915825,0.8439598
4,99451516856054,-0.084155895,-0.044208474,-0.08335695
10,99451523387721,-0.02672553,0.4665594,0.83071136
4,99451526600950,-0.07962852,-0.054062173,-0.026631612
10,99451531769544,-0.6745539,0.32021713,0.69883823
4,99451536525169,-0.12144015,-0.128897,0.010386328
10,99451543169440,-0.8191423,0.44404793,0.48123932
4,99451546399804,-0.13156016,-0.21571605,-0.01917476
10,99451551097461,-0.24510896,0.64832354,-0.00822258
4,99451556069804,-0.13156016,-0.22956449,-0.073236935
10,99451562954179,-0.17954493,0.59099483,0.0016956329
4,99451566196888,-0.16298546,-0.24714136,-0.0958738
10,99451571378502,-0.46337998,0.24065924,0.5010805
4,99451576208190,-0.20639499,-0.35926044,-0.10146644
10,99451581366263,-0.42578495,0.1476965,0.5687256
4,99451584821523,-0.25007084,-0.4791027,-0.13156016
10,99451590970638,-0.20026803,0.15784407,0.6484976
4,99451595807200,-0.27883297,-0.5270396,-0.16964336
10,99451602530482,-0.17147505,0.2741995,0.72140265
4,99451605778450,-0.29507825,-0.5297027,-0.14647387
10,99451610891836,-0.3428594,0.32657003,0.78297615
4,99451615809857,-0.32756883,-0.52171326,-0.051665325
10,99451622289232,-0.35343015,0.275146,0.8200388
4,99451625504857,-0.3720436,-0.5073322,0.041279
10,99451630714596,-0.23181045,0.16058207,0.69768333
4,99451635529075,-0.39095205,-0.48016796,0.10759171
10,99451642106732,0.003590107,0.23876,0.5341954
4,99451645321159,-0.32730252,-0.42663842,0.16058862
10,99451650513502,0.29787564,0.26256084,0.29224062
2,99451655337252,-35.0,1.0,21.0
10,99451661925638,0.5016339,0.034978867,-0.06091547
4,99451665139596,-0.24234766,-0.22077605,0.2743056
10,99451670071471,0.4474287,-0.06321001,-0.14189816
4,99451674965586,-0.23116238,-0.15792546,0.28522456
10,99451680260742,0.24447203,0.013134956,-0.11771774
4,99451683384075,-0.16884442,-0.13901702,0.26684874
10,99451689867721,0.2701795,-0.16732454,-0.20129395
4,99451694835221,-0.14966966,-0.094808534,0.24554345
10,99451701426106,0.35199976,-0.45179272,-0.293015
4,99451704659648,-0.120907515,-0.035153728,0.2412824
10,99451709796575,0.26443315,-0.447083,0.045057297
4,99451714638971,-0.015180019,-0.034621093,0.24074976
10,99451721227513,0.1691742,-0.30888033,0.09200382
4,99451724591575,0.068176925,-0.050866377,0.20959078
10,99451729433242,0.12904525,-0.18321133,-0.17497921
4,99451734266471,0.009321064,-0.04181163,0.1403486
10,99451740967409,-0.04186511,-0.28871107,-0.11514568
4,99451744254752,-0.13688648,-0.053795855,0.061519023
10,99451749369336,-0.25105417,-0.586082,0.17249823
4,99451754261367,-0.20240025,-0.072171666,-0.0013315806
10,99451760711315,-0.2136879,-0.73241997,0.6113014
4,99451763983763,-0.08948222,-0.056991648,-0.028495824
10,99451769173763,-0.19194531,-0.83804035,0.9972472
4,99451774156575,0.06950851,-0.01304949,-0.033289514
10,99451779288554,-0.3198086,-0.7697096,1.0589395
4,99451782386731,0.14594123,0.026365295,-0.0314253
10,99451788745638,-0.38005733,-0.35151386,0.82793474
4,99451793641836,0.10865697,0.0479369,-0.018908445
10,99451800270065,-0.229473,0.23770428,0.50492096
4,99451803515429,0.025300032,0.055926383,0.0077231675
10,99451808740117,-0.014461756,0.63462496,0.43878603
4,99451813564804,-0.051132694,0.03169162,0.027963191
10,99451820045534,-0.014743328,0.69720984,0.5779271
4,99451823278398,-0.10439592,-0.028229509,0.021038974
10,99451828316575,-0.0828259,0.6972251,0.6566253
2,99451833207721,-40.0,1.0,20.0
10,99451839823659,-0.088722944,0.4292388,0.70265484
4,99451843060898,-0.12010857,-0.084155895,-0.026897928
10,99451848043346,-0.06386781,0.17691565,0.70733976
4,99451852943711,-0.07563378,-0.07536746,-0.03542004
10,99451859595742,-0.0059990883,0.10631418,0.86344147
4,99451862847304,0.015180019,-0.057790596,-0.042077947
10,99451867821679,0.016714573,0.13640547,0.9254799
4,99451873579388,0.103064336,-0.039414786,-0.026365295
10,99451878711106,-0.01351285,0.13408375,0.7573323
4,99451881809961,0.14061491,-0.026631612,-0.011451593
10,99451887723086,-0.04303813,0.09622145,0.6520753
4,99451892518763,0.2034655,-0.014114754,0.010120012
10,99451899158867,0.038496494,0.097197056,0.66314983
4,99451902379544,0.26818034,0.007456851,-0.023169503
10,99451907563346,0.19298792,-0.01285696,0.6195512
4,99451912341158,0.2711098,0.025033714,-0.04314321
10,99451918973606,0.300673,0.028465748,0.6133599
4,99451922190429,0.2559298,0.05832323,-0.09933591
10,99451927147096,0.30008507,0.11970711,0.52815485
4,99451932104231,0.24101609,0.070307456,-0.112119086
10,99451938746419,0.21907711,0.1035943,0.35859966
4,99451941986940,0.14008227,0.10652645,-0.13448964
10,99451946949179,0.14905047,0.024446487,0.15982294
4,99451951731679,0.11771172,0.11558119,-0.13635385
10,99451958527408,0.13300443,-0.040590286,0.07650471
4,99451961745273,0.103064336,0.13289174,-0.12836437
10,99451966743190,0.062075138,-0.29578876,0.12993288
4,99451972476992,0.1488707,0.13608754,-0.105727494
10,99451977596627,0.036329508,-0.3635192,0.21579361
4,99451980707148,0.23355924,0.1504686,-0.079095885
10,99451986728711,0.056934834,-0.36394167,0.38445377
4,99451991571263,0.30040458,0.1571265,-0.058056913
10,99451998100169,-0.11128569,-0.17453861,0.219141
4,99452001368867,0.3254383,0.1768339,-0.036485307
10,99452006380898,-0.048205614,-0.08235741,0.15309429
2,99452011199388,-41.0,1.0,20.0
10,99452017863086,0.029076815,0.05331087,0.20831156
4,99452021108242,0.30173615,0.23702134,-0.0037284256
10,99452026008658,-0.13433838,0.15872955,0.23940706
4,99452030543554,0.28016454,0.22077605,-0.0013315806
10,99452037614492,-0.37906432,0.1231513,0.1862874
4,99452040828346,0.24820662,0.17710021,-0.027164243
10,99452046056575,-0.5522016,0.14141846,0.20008516
4,99452050819023,0.23648871,0.1123854,-0.087618
10,99452057391992,-0.665535,0.11778355,0.16403008
4,99452060628711,0.19947077,0.055127434,-0.13022858
10,99452065595794,-0.7225808,-0.17172003,0.11840534
4,99452070495481,0.12942964,0.012516857,-0.13768543
10,99452075799856,-0.6493776,-0.24684477,0.28699827
4,99452078959127,0.105727494,-0.0127831735,-0.1371528
10,99452085430638,-0.6515045,-0.09177446,0.3603711
4,99452090257096,0.10705908,-0.02743056,-0.11638014
10,99452096940586,-0.68477154,-0.13591957,0.3536396
4,99452100177304,0.0892159,-0.049801115,-0.09374327
10,99452105217148,-0.64270496,-0.21796322,0.40259886
4,99452110039544,0.13635385,-0.09134643,-0.09986854
10,99452116733346,-0.6100724,-0.25476503,0.41831112
4,99452119964700,0.23409186,-0.13102753,-0.12916331
10,99452125185065,-0.5279981,-0.27389288,0.33882284
4,99452130040013,0.3057309,-0.1470065,-0.15659387
10,99452136548033,-0.40142775,-0.09990454,0.15609026
4,99452139777929,0.2958772,-0.12596752,-0.17044231
10,99452144951002,-0.24108219,0.14933348,0.096224785
4,99452149744335,0.1984055,-0.09267801,-0.16245283
10,99452156271471,-0.23038983,0.3578806,-0.08989143
4,99452159509700,0.03568636,-0.061252706,-0.13022858
10,99452162323450,-0.22561312,0.41056824,-0.10185099
4,99452170496835,-0.09560748,-0.030626353,-0.08335695
10,99452176939804,-0.09728193,0.36906576,-0.076973915
4,99452181313294,-0.13022858,0.0015978967,-0.058589544
10,99452185002408,0.077973604,0.28440523,-0.18194532
2,99452189793710,-40.0,1.0,23.0
10,99452196102513,0.13008523,0.27570677,-0.14892292
4,99452199340117,0.027963191,-0.008255799,-0.101200126
10,99452202233294,0.11572003,0.1655736,-0.10582733
4,99452209654075,0.11025487,-0.01917476,-0.14753912
10,99452217282096,0.004864931,0.1557374,0.0025873184
4,99452220512721,0.15739283,-0.033822145,-0.17496969
10,99452224827773,-0.008639574,0.1378293,-0.005302906
4,99452229568242,0.18322548,-0.03914847,-0.16751283
10,99452235896888,-0.12057972,0.367795,-0.01616478
4,99452239111263,0.1717739,-0.017576864,-0.13448964
10,99452241946419,-8.69751E-4,0.5497546,-0.076019764
4,99452249190377,0.14514229,0.03195793,-0.09321064
10,99452256785325,0.10688329,0.66436243,-0.00997448
4,99452260041523,0.08442221,0.12996227,-0.022903185
10,99452262983763,0.10687137,0.6643772,-0.009963036
4,99452269288867,-0.03009372,0.31292143,0.11584751
10,99452275679648,0.0344522,0.061701298,0.45449543
4,99452279958710,-0.18562233,0.5888249,0.36724994
10,99452282077460,-0.31749535,-0.16095972,0.4425249
4,99452288764179,-0.36485308,0.83996105,0.69801456
10,99452296370117,-0.2790506,0.39505434,0.6984043
4,99452299630742,-0.3584615,1.0274476,0.9872338
10,99452302513085,-0.2790506,0.39505434,0.6984043
4,99452308315273,-0.32384038,1.0434265,1.1827098
10,99452314436054,-0.55632544,-0.5037861,0.4644413
4,99452317667408,-0.2908172,0.8583368,1.0636666
10,99452322949127,-0.28566194,-0.92270994,1.6926403
4,99452327783137,-0.16431704,0.6540724,0.85301054
10,99452334124752,-0.6212739,-1.8728118,2.3433466
4,99452337355377,0.38456047,-0.09986854,-0.17496969
10,99452342715377,-0.94257474,-3.8293486,2.217661
4,99452347553294,0.48469532,-0.30786142,-0.4857606
10,99452353907877,-1.7709708,-4.209519,1.173955
4,99452357138346,0.57151437,-0.597347,-0.83010733
10,99452362494335,-2.2662456,-2.6399713,-0.032372475
2,99452367279179,-40.0,1.0,22.0
10,99452372213190,-2.110241,-1.5483403,-0.8036237
4,99452375751992,0.4993427,-0.6623282,-0.6306366
10,99452382269231,-0.9359102,0.61088705,-1.2558923
4,99452387078919,0.3435478,-0.6492787,-0.59574914
10,99452393463294,0.017948389,1.4592221,-0.20682049
4,99452396708450,0.10626013,-0.7536746,-0.8314389
10,99452402055429,0.29092455,0.17950869,0.31467438
4,99452406892304,-0.08628642,-0.95607483,-1.2085425
10,99452413258502,0.09287596,-0.0827961,0.21779919
4,99452416474804,-0.07243799,-1.034638,-1.4218618
10,99452421830742,-0.13824463,-0.16408348,0.14867687
4,99452426654179,0.051931642,-0.91373056,-1.3483585
10,99452432972773,-0.39500213,0.2278924,-0.061865807
4,99452436217565,0.076166406,-0.72491246,-1.1033477
10,99452441660065,-0.3700204,0.8656368,0.11854267
4,99452446448450,0.02130529,-0.60293967,-0.8977516
10,99452452781523,-0.085114956,1.2992146,0.19854832
4,99452456015117,-0.04181163,-0.536627,-0.7917578
10,99452461385481,0.06943607,1.3745224,-0.099469185
4,99452466184856,-0.10679276,-0.44900897,-0.70840085
10,99452471143450,-0.028461695,1.3734906,-0.24719667
4,99452474525065,-0.14940333,-0.34168357,-0.5834986
10,99452480047669,-0.2992468,1.4721045,-0.18542719
4,99452486475585,-0.15419704,-0.24847293,-0.44368264
10,99452492604492,-0.4032712,1.5245948,-0.13604689
4,99452495842669,-0.16271915,-0.17630127,-0.33609092
10,99452501010950,-0.17169857,1.6275275,-0.038265705
4,99452505903190,-0.16271915,-0.08229168,-0.24021713
10,99452512097200,-0.09168172,1.5632348,0.09544182
4,99452515333450,-0.2016013,0.03355583,-0.10519487
10,99452520748971,-0.29894853,1.3678861,-0.062028885
4,99452525824335,-0.21198763,0.101200126,0.018375812
10,99452531955221,-0.44221997,1.5206146,-0.08948898
4,99452535204960,-0.075101145,0.1438107,0.082025364
10,99452540489596,-0.3870108,1.2865841,-0.30382156
2,99452545315429,-29.0,1.0,19.0
10,99452551851419,-0.32202816,0.920475,-0.4729538
4,99452555071939,0.021837922,0.21864553,0.11611383
10,99452560288762,-0.27528882,0.86181736,-0.36402178
4,99452565135846,0.019707393,0.23568976,0.12037488
10,99452570064752,-0.20355535,0.96275663,-0.27028704
4,99452573414387,0.002396845,0.30626354,0.15499598
10,99452578879492,-0.08397555,0.9216685,-0.22031832
4,99452585432825,-0.08655274,0.43516052,0.22530343
10,99452591590533,-0.22532868,0.580595,-0.047872543
4,99452594818450,-0.23542345,0.5504754,0.30386668
10,99452599777460,-0.40319967,0.15539026,-0.026354313
4,99452604715637,-0.29321405,0.56645435,0.33742252
10,99452610945064,-0.78281736,-0.19274998,-0.34205198
4,99452614242617,-0.21997711,0.4857606,0.32197618
10,99452619598658,-0.7683604,-0.6361575,-0.78166294
4,99452624509804,-0.1355549,0.43010053,0.29800773
10,99452630759492,-0.39896607,-0.951633,-0.7475276
4,99452634056887,-0.05273059,0.39707732,0.25859293
10,99452639419127,-0.31354523,-0.79222393,-0.12743378
4,99452644266002,-0.0039947415,0.3339604,0.2082592
10,99452650514283,-0.49878144,-0.5605025,0.1918664
4,99452653727408,-0.087085366,0.2548645,0.18269286
10,99452659154387,-0.55045915,-0.38189507,0.18947697
4,99452664080012,-0.22610238,0.21358553,0.12996227
10,99452669059075,-0.27324176,-0.09555006,0.21133709
4,99452672294596,-0.27670243,0.19600865,0.07563378
10,99452678923085,-0.085325,0.11302805,0.19818401
4,99452683771262,-0.3054646,0.13901702,-0.11424961
10,99452690097096,-0.10034895,-0.18124485,0.19507551
4,99452693318450,-0.32170987,0.0777643,-0.18295917
10,99452698699648,-0.1847651,-0.7010832,0.29129744
4,99452703593450,-0.31265512,-0.009853696,-0.2146508
10,99452709918919,-0.19568634,-0.88154936,0.55491734
4,99452713140325,-0.21944448,-0.07669904,-0.22423817
10,99452718478658,-0.1040535,-0.7107253,0.65544224
2,99452723424804,-35.0,-1.0,18.0
10,99452729650169,-0.043522596,-0.36342,0.59914494
4,99452732894596,-0.0777643,-0.059921127,-0.16884442
10,99452738255481,-0.01879239,0.023131847,0.5858221
4,99452743077617,-0.07962852,-0.048469532,-0.14940333
10,99452749608762,0.04503703,0.29860592,0.66664743
4,99452752841210,-0.14913702,-0.03781689,-0.096939065
10,99452758079752,0.08654904,0.44149303,0.6059084
4,99452762898658,-0.18455707,-0.047670584,-0.09054748
10,99452767839283,0.056453228,0.55075836,0.61050844
4,99452771196210,-0.21864553,-0.059388492,-0.084155895
10,99452776709127,-0.004363537,0.58997726,0.5826893
4,99452783232512,-0.20932446,-0.070307456,-0.076166406
10,99452789183398,-0.17187476,0.54952526,0.5972209
4,99452792436158,-0.17283916,-0.066046394,-0.046339005
10,99452797658502,-0.24425459,0.5006347,0.68457127
4,99452802510533,-0.15259913,-0.076965354,-0.026897928
10,99452808797408,-0.31779242,0.47916985,0.648551
4,99452812039023,-0.103064336,-0.10626013,0.014913702
10,99452817364127,-0.17900419,0.2962594,0.77327967
4,99452822173346,-0.021571605,-0.11345066,0.03355583
10,99452828536002,-0.18313241,0.29839325,0.81435347
4,99452831755169,0.056991648,-0.118776985,0.032756884
10,99452837141835,-0.32955956,0.23638487,0.8832054
4,99452841988033,0.06684534,-0.1272991,0.04926848
10,99452848279908,-0.4729576,0.18852043,0.74502325
4,99452851524127,0.012250541,-0.14407702,0.08042747
10,99452856928814,-0.4977455,0.25608015,0.5389695
4,99452861829491,-0.02743056,-0.1603223,0.090014845
10,99452866766887,-0.28055882,0.25227022,0.43377066
4,99452870074960,-0.03888215,-0.1486044,0.07243799
10,99452876498814,-0.21840096,0.09676218,0.4227929
4,99452881369856,-0.053263225,-0.13954964,0.052464273
10,99452887875012,-0.30204964,-0.050382137,0.4819851
4,99452891122616,-0.06870956,-0.1387507,0.046871636
10,99452896482252,-0.3019488,-0.15023613,0.5184946
2,99452901308762,-39.0,-2.0,16.0
10,99452907665741,-0.26927567,-0.20167208,0.4487977
4,99452910899075,-0.113983296,-0.11265171,0.068176925
10,99452916251991,-0.2883308,-0.14460707,0.34341288
4,99452921088606,-0.08362326,-0.113983296,0.07137272
10,99452927428606,-0.21489954,-0.083354,0.22433329
4,99452930647773,-0.012516857,-0.11744541,0.0561927
10,99452936029856,-0.112258196,-0.22853136,0.28183365
4,99452940813189,0.040213734,-0.114782244,0.033822145
10,99452947207460,-0.051023245,-0.2782836,0.33844995
4,99452950439127,0.063116916,-0.10519487,0.02609898
10,99452955815273,-0.11533666,-0.1326356,0.3412938
4,99452960659387,0.032490566,-0.08468852,0.042077947
10,99452965624596,-0.15791035,-0.04802084,0.28348684
4,99452968962773,-0.028495824,-0.059388492,0.072970614
10,99452974573814,-0.104430914,0.015524864,0.20683289
4,99452979556366,-0.06711166,-0.041545313,0.08974853
10,99452986316939,-0.074144125,0.08610344,0.06922865
4,99452989440846,-0.0628506,-0.044208474,0.060453758
10,99452993947773,0.027309418,0.14238691,0.036435604
11,99452993947773,-0.314544,0.077905,-0.616496,0.717582,3.0
4,99452999337096,-0.024767399,-0.050600063,0.0039947415
11,99453005158137,-0.314807,0.078024,-0.617091,0.716942,3.0
10,99453005158137,-0.014761448,-0.008742332,0.119054794
4,99453008522460,0.0013315806,-0.05752428,-0.034088463
10,99453012449023,-0.03870344,-0.09493351,0.21003437
4,99453019144491,0.011185277,-0.056459017,-0.043942157
10,99453027888762,-0.005302906,-0.015872478,0.2550454
4,99453031166158,0.0010652645,-0.03701794,-0.03355583
10,99453036159075,0.07454109,0.062999725,0.2811327
4,99453040402773,-0.035952676,-0.019973708,-0.009853696
10,99453046348502,-0.051392317,0.09231806,0.18639517
4,99453049566106,-0.04926848,-0.03169162,0.002130529
10,99453052383762,-0.051392317,0.099500656,0.13132858
4,99453060486002,-0.033289514,-0.038615838,-0.0127831735
10,99453066900689,0.007181406,0.083661556,0.16549206
4,99453071251471,-0.007190535,-0.034621093,-0.025566347
10,99453074974283,-0.03175044,0.016727448,0.2249527
2,99453079742304,-38.0,-2.0,17.0
10,99453086084596,-0.13139081,-0.012897968,0.14996004
4,99453089304387,0.018109497,-0.06098639,-0.007456851
10,99453092146262,-0.038017035,0.118783,0.11644125
4,99453099643762,0.03888215,-0.055127434,-0.013315806
10,99453107226835,0.049947977,0.2315607,0.17684603
4,99453110494752,0.04234426,-0.049534798,-0.01304949
10,99453112746418,0.049949646,0.23156738,0.17684603
4,99453119414596,-0.0037284256,-0.05566007,0.0010652645
10,99453127112148,-0.13545823,0.06980133,0.25395727
4,99453130359023,-0.050333746,-0.063116916,0.009054748
10,99453133250429,-0.13545823,0.06980133,0.25395727
4,99453138046679,-0.056991648,-0.055926383,0.0055926386
10,99453145177929,-0.18829203,0.12647867,0.22501802
4,99453148429543,-0.06231797,-0.043409526,0.01304949
10,99453153557512,-0.2329812,0.100142956,0.1795206
4,99453158315793,-0.068176925,-0.04447479,0.018908445
10,99453163526731,-0.25252748,0.084356785,0.21328592
4,99453166737773,-0.075101145,-0.041279,0.02396845
10,99453173183293,-0.28533125,0.06757593,0.12074375
4,99453178026418,-0.079095885,-0.04474111,0.019441076
10,99453184739075,-0.23278236,0.13665628,0.17911959
4,99453187953450,-0.03195793,-0.036218993,0.015446335
10,99453193086262,-0.27635598,0.038226604,0.2886858
4,99453197881002,-0.023169503,-0.034621093,0.020506341
10,99453204536418,-0.3370664,-0.0109272,0.2579527
4,99453207775220,-0.03781689,-0.02956109,0.038083203
10,99453212900481,-0.403044,0.05289793,0.30106115
4,99453217721887,-0.036485307,-0.021038974,0.041545313
10,99453224285220,-0.38237715,0.040587902,0.30124855
4,99453227518554,-0.035952676,-0.0058589545,0.04873585
10,99453232651679,-0.35591507,0.045366287,0.25820732
4,99453237602720,-0.04181163,0.010386328,0.053795855
10,99453244064752,-0.3989234,0.0980773,0.30293226
4,99453247299804,-0.03568636,0.010386328,0.04314321
10,99453252427304,-0.4773078,0.14557171,0.32801437
2,99453257221470,-38.0,-2.0,19.0
10,99453262404283,-0.4538815,0.16498375,0.26129866
4,99453265700220,-0.006924219,0.034088463,0.018908445
10,99453272186262,-0.46838522,0.28074408,0.19076872
4,99453276961002,-0.0061252704,0.049534798,0.02743056
10,99453283187460,-0.43169904,0.39540815,0.17181683
4,99453286432200,-0.03222425,0.06524745,0.039947417
10,99453291856470,-0.3487351,0.58047056,0.09101534
4,99453296643345,-0.068176925,0.08575379,0.04660532
10,99453303389439,-0.35704398,0.7604437,0.05164194
4,99453306598866,-0.09534117,0.101999074,0.049534798
10,99453311793398,-0.33771157,0.86977005,0.12996864
4,99453316617460,-0.10333065,0.10705908,0.05219796
10,99453322758658,-0.32713747,0.8246193,0.21360922
4,99453326001418,-0.07856325,0.092944324,0.066312715
10,99453331412877,-0.5015168,0.6098194,0.2777214
4,99453336184439,-0.04474111,0.063116916,0.11424961
10,99453342930064,-0.7005708,0.46921158,0.18802357
4,99453346180481,-7.9894834E-4,0.05912218,0.18322548
10,99453351352356,-0.51860857,0.67103624,0.06785011
4,99453356130689,0.035153728,0.103863284,0.24900557
10,99453361381575,-0.28483224,0.90078115,0.068553925
4,99453364557668,0.010120012,0.1486044,0.3073288
10,99453370949231,-0.39204407,0.8024764,0.20687628
4,99453375781939,-0.05672533,0.1403486,0.3518036
10,99453382490273,-0.5398531,0.6697011,0.3983302
4,99453385738762,-0.06791061,0.120907515,0.37257624
10,99453390853345,-0.5224049,0.41664505,0.46601057
4,99453395766731,-0.04926848,0.14833808,0.396811
10,99453402264023,-0.56875944,0.038945675,0.26622677
4,99453405484491,-0.03568636,0.17417073,0.42264366
10,99453410155377,-0.5585673,-0.056218147,0.32634068
4,99453415085793,0.015978966,0.19414444,0.43702474
10,99453422039491,-0.32712412,-0.15926838,0.3913288
4,99453425262564,0.054328486,0.20213392,0.4394216
10,99453430371991,-0.33154345,-0.3071189,0.18201876
2,99453435201522,-42.0,-1.0,20.0
10,99453441814700,-0.4000976,-0.40216255,0.102915764
4,99453445066575,0.026631612,0.14833808,0.36884782
10,99453450180897,-0.29673028,-0.46323395,0.12650967
4,99453455084908,0.014913702,0.12836437,0.31345406
10,99453460204856,-0.3052318,-0.61235666,0.20457268
4,99453463393710,0.024234766,0.09321064,0.2660498
10,99453469843866,-0.32062674,-0.77973366,0.37401438
4,99453474696522,0.033023197,0.046871636,0.22503711
10,99453481413033,-0.27534938,-0.6909442,0.412014
4,99453484619595,0.06178534,0.015180019,0.18855181
10,99453489757512,-0.21886778,-0.4889307,0.43198586
4,99453494692616,0.091080114,-0.0018642128,0.16564862
10,99453501136731,-0.19681597,-0.3242917,0.41424942
4,99453504432981,0.10040118,-0.00479369,0.15819177
10,99453509559752,-0.13595796,-0.22885132,0.4051056
4,99453514498085,0.084155895,0.015446335,0.1669802
10,99453520926470,-0.08373618,-0.21238375,0.56571007
4,99453524210116,0.072171666,0.03542004,0.18668759
10,99453529364439,-0.23063159,-0.22593689,0.7378278
4,99453534287200,0.07803062,0.03568636,0.20985709
10,99453540694022,-0.33894145,-0.26289654,0.756361
4,99453544007512,0.08868326,0.043675844,0.23249397
10,99453549103970,-0.32637823,-0.187428,0.62609434
4,99453553953658,0.10146644,0.07190535,0.2514024
10,99453559090741,-0.26858974,-0.057700157,0.45638084
4,99453562585325,0.099069595,0.08681905,0.2625877
10,99453568735793,-0.24159336,0.045752525,0.3937502
4,99453573593502,0.07376956,0.10918961,0.29348037
10,99453580241887,-0.18069816,0.28488111,0.38903236
4,99453583491887,0.020240024,0.10892329,0.3472762
10,99453588655325,-0.21108282,0.3073368,0.32176065
4,99453593553293,0.0015978967,0.1073254,0.35899413
10,99453600019752,-0.1212852,0.3827715,0.29230928
4,99453603266002,-0.0053263223,0.14620754,0.39947417
10,99453608484127,-0.09773874,0.45857525,0.2767539
2,99453613390585,-44.0,3.0,19.0
10,99453619927668,-0.1900729,0.45270586,0.19248533
4,99453623170429,0.01438107,0.21252026,0.49161956
10,99453628108970,-0.122127414,0.49197578,0.2961135
4,99453633060845,0.007190535,0.22423817,0.50813115
10,99453639569022,-0.07036984,0.55598736,0.2633443
4,99453642788241,-0.011185277,0.22956449,0.51718587
10,99453648049908,-0.14722383,0.66646767,0.21940422
4,99453652929960,-0.02609898,0.22210763,0.49694586
10,99453658037668,-0.13568401,0.6214371,0.07041168
4,99453661177877,-0.0561927,0.19014971,0.4676511
10,99453667616574,-0.1148237,0.5669131,-0.1304574
4,99453672453866,-0.06791061,0.15180019,0.42077947
10,99453679126731,-0.083070874,0.35314798,-0.20684528
4,99453682350533,-0.057257965,0.10333065,0.3635215
10,99453687554335,-0.0657804,0.03079176,-0.24616385
4,99453692348710,-0.035153728,0.06231797,0.29854035
10,99453698959335,0.028687716,-0.15166521,0.03896475
4,99453702197564,0.00958738,0.036218993,0.23515713
10,99453707027460,-0.0032019615,-0.24749565,0.21417332
4,99453711912877,0.03009372,0.014114754,0.18722023
10,99453718695845,-0.1361183,-0.30865383,0.26224375
4,99453721935793,0.0127831735,-0.015180019,0.15100123
10,99453726972408,-0.20879674,-0.39194107,0.24795914
4,99453731781002,-0.0053263223,-0.035153728,0.11424961
10,99453738464595,-0.15432358,-0.4604187,0.15359116
4,99453741709127,0.0061252704,-0.05139901,0.06498113
10,99453746930897,-0.099298716,-0.47109318,0.15920734
4,99453751711418,0.023169503,-0.07243799,0.02263687
10,99453756814960,-0.07210755,-0.5053334,0.25757742
4,99453760070064,0.034088463,-0.098004326,-0.012250541
10,99453766549699,-0.070391774,-0.5194497,0.286345
4,99453771387772,0.03089267,-0.118776985,-0.040213734
10,99453778020377,-0.027212024,-0.43836832,0.23898506
4,99453781348554,0.023435818,-0.11052119,-0.06471482
10,99453786256574,0.12086666,-0.37426853,0.29214954
2,99453791015481,-46.0,10.0,19.0
10,99453797798033,0.09194529,-0.32897043,0.3138938
4,99453801038397,-0.0015978967,-0.050333746,-0.08681905
10,99453806056418,-0.04252541,-0.2832651,0.34503937
4,99453810880637,-0.008788432,-0.045007423,-0.082558
10,99453817582095,-0.07152486,-0.13211584,0.21822405
4,99453820817929,-0.009054748,-0.02956109,-0.087085366
10,99453825995689,-0.0014886856,-0.010458946,0.16248655
4,99453830767043,-0.004527374,-0.018109497,-0.0892159
10,99453837361991,-0.1074003,0.094044685,0.17802
4,99453840602772,-0.0077231675,-0.03089267,-0.08548747
10,99453845801366,-0.16142678,0.15300512,0.13624191
4,99453850624908,-0.0127831735,-0.02743056,-0.076166406
10,99453855755168,-0.09440267,0.23512459,0.26836586
4,99453858943710,0.010918961,-0.016777916,-0.06098639
10,99453864106991,-0.18298817,0.1848464,0.34498024
4,99453870968449,0.0061252704,-0.019707393,-0.040480047
10,99453878559491,-0.3502717,0.22756863,0.3571682
4,99453881813918,0.004261058,-0.024767399,-0.02263687
10,99453886295272,-0.35300636,0.2248106,0.35579395
4,99453891130793,0.00958738,-0.02609898,-0.008522116
10,99453897494074,-0.31907916,0.43791962,0.22284698
4,99453900742147,0.0063915867,-0.023702133,0.011185277
10,99453903663866,-0.31429076,0.34454584,0.23721218
4,99453910465689,0.0039947415,-0.028495824,0.026631612
10,99453917991262,-0.28215396,0.2702484,0.30277157
4,99453921323658,0.012516857,-0.044208474,0.029827405
10,99453925748606,-0.33830988,0.22093964,0.33550596
4,99453930509595,0.029028457,-0.05912218,0.03089267
10,99453936771470,-0.37349427,0.1613388,0.30320883
4,99453940006679,0.037284255,-0.06364955,0.03888215
10,99453942910793,-0.34715807,0.07514763,0.30320883
4,99453950461262,0.019973708,-0.07563378,0.042876896
10,99453956802824,-0.41407967,0.06640053,0.26007175
4,99453961139231,0.021571605,-0.109988555,0.035952676
10,99453964859647,-0.34441507,0.09189272,0.19884062
2,99453969696835,-46.0,9.0,21.0
10,99453976012095,-0.24814081,-0.039230824,0.18049145
4,99453979257147,0.0479369,-0.14514229,0.018908445
10,99453982134543,-0.2529292,-0.1326046,0.2618947
4,99453989626991,0.031158986,-0.16644756,0.012250541
10,99453997188345,-0.25890565,-0.14168549,0.31381893
4,99454000453189,0.0029294773,-0.1834918,0.004261058
10,99454003354856,-0.27327085,-0.17281008,0.21565628
4,99454009106679,-0.010918961,-0.18881813,0.0053263223
10,99454015217772,-0.26080346,-0.17756844,0.13218546
4,99454018472147,-0.008522116,-0.17283916,0.01304949
10,99454023811626,-0.19570243,-0.094816685,0.12871695
4,99454028572043,0.015978966,-0.16777915,0.013582122
10,99454035128241,-0.1872915,0.038289547,0.104243755
4,99454038371418,0.10359697,-0.16431704,0.0018642128
10,99454042755689,-0.13550425,0.17806864,0.044732094
4,99454049493501,0.12543489,-0.16245283,-0.007190535
10,99454055866158,-0.110982776,0.2751999,-0.002412796
4,99454060209439,0.16751283,-0.15819177,-0.042876896
10,99454062318345,-0.18041468,0.6199651,0.038288593
4,99454068793658,0.19228023,-0.16005598,-0.03914847
10,99454074861522,-0.2508843,0.5862055,0.09687376
4,99454078106939,0.252734,-0.14913702,-7.9894834E-4
10,99454083317251,0.008104801,0.48137236,0.38449955
4,99454088154439,0.3155846,-0.070307456,0.05486112
10,99454094280637,0.16889453,0.4508772,0.3923354
4,99454097529126,0.2908172,0.15659387,0.1635181
10,99454102963553,0.21075153,0.28014374,0.68325853
4,99454107749595,0.11771172,0.4428837,0.40107206
10,99454114061939,-0.09851563,0.29754686,1.1278648
4,99454117307720,0.018109497,0.73290193,0.7163904
10,99454122741678,-0.07958126,-0.13622427,1.7992501
4,99454127547616,-0.052996907,0.97711384,1.1286477
10,99454133824856,-0.5499898,-1.3073254,1.636971
4,99454137066835,-0.11984225,1.0639329,1.5262576
10,99454142519908,-0.59059525,-1.0673218,0.51671886
2,99454147283241,-45.0,9.0,23.0
10,99454152241887,0.698184,0.1575985,0.7426648
4,99454155816783,0.71346086,0.51478904,0.75394094
10,99454162302564,0.22576654,-1.0475249,1.6667123
4,99454167138814,0.07882957,-0.10892329,-0.14354439
10,99454173393189,-0.8944329,-1.6098518,0.78779936
4,99454176629491,-0.49375007,-0.47351006,-0.5928197
10,99454182071783,-0.68126374,-1.824264,1.4898047
4,99454186950220,-0.41225734,-0.49401638,-0.6245113
10,99454193166158,-0.8692618,-3.4178863,1.5731416
4,99454196417408,0.026631612,-0.48975533,-0.53795856
10,99454201850428,-0.37640607,-3.730029,0.9532976
4,99454206685949,0.69721556,-0.51319116,-0.5685849
10,99454212969856,0.5636953,-1.9788747,-0.29010677
4,99454216210793,1.2724584,-0.42690474,-0.67990506
10,99454221627668,0.7673695,0.22911549,-1.5762463
4,99454226404751,1.2793826,-0.24527714,-0.78589886
10,99454232741887,1.0137239,2.029903,-2.6590257
4,99454235982616,0.61678815,-0.11132014,-0.94329166
10,99454241395116,0.898898,2.5761693,-3.1749296
4,99454246153293,-0.20772657,-0.035153728,-1.1004182
10,99454251125793,0.6596811,2.0918262,-2.0620918
4,99454254507824,-0.59228706,0.008522116,-1.1590078
10,99454260957876,0.5146611,1.1979442,-0.975029
4,99454265807772,-0.49348375,0.08628642,-1.1709919
10,99454272302043,0.42579675,-0.036625385,-0.7414322
4,99454275541001,-0.13582122,0.22903186,-1.0894992
10,99454280949908,0.29175544,-0.35321426,-0.5263896
4,99454285778970,0.32756883,0.39095205,-0.9190569
10,99454292082356,0.13706231,0.12942648,-0.36284542
4,99454295319178,0.6775082,0.5230448,-0.76485986
10,99454300709543,0.06216955,0.8691659,-0.47950983
4,99454305968293,0.7238472,0.6623282,-0.65673554
10,99454312061366,-0.054875135,1.6706285,-0.6534705
4,99454315296418,0.53130066,0.84368944,-0.49321744
10,99454320494751,-0.41975605,2.021559,-0.5834961
2,99454325406574,-37.0,4.0,22.0
10,99454331661522,-0.61043584,1.8444145,-0.08687878
4,99454334901366,-0.042876896,1.3430321,0.19734024
10,99454340340689,-0.70943165,1.0852971,0.5026741
4,99454345233033,-0.32197618,1.5984293,0.68336713
10,99454350187928,-1.7278469,0.32654667,1.2585039
4,99454353402460,-0.4314321,1.6381104,1.1592741
10,99454359043866,-2.3821123,-0.32452726,2.0742197
4,99454365253449,-0.39281628,1.4588797,1.4948324
10,99454371357928,-2.448924,0.13247108,0.73035336
4,99454374597564,-0.021038974,1.0929613,1.397627
10,99454379794751,-1.453157,2.1641521,2.8847084
4,99454384684699,0.2695119,0.55793226,0.65380603
10,99454390971991,-2.5707958,0.6814356,2.2962132
4,99454394274335,-0.78057253,-0.05832323,-0.24501082
10,99454399573866,-3.668323,0.39879894,1.6139164
4,99454404468293,-1.5014902,-0.44394895,-0.6689861
10,99454410742043,-3.1349015,-0.5146265,2.3403273
4,99454414051053,-1.4964303,-0.5816344,-0.72304827
10,99454419349855,-2.0891428,-2.011107,1.7015524
4,99454424288033,-0.8295747,-0.64714813,-0.67218184
10,99454430512512,-0.77359706,-1.9422913,0.45048523
4,99454433752564,0.04873585,-0.67191553,-0.59122175
10,99454439126314,-0.37137872,-0.6598296,-0.32291842
4,99454443969335,0.3635215,-0.68816084,-0.5656554
10,99454448931262,-0.9586931,0.6138859,-1.5367632
4,99454452267199,0.39840892,-0.8290421,-0.56938386
10,99454457758241,-1.1344936,1.4903135,-1.8124795
4,99454464324491,0.011717909,-1.0130665,-0.5994776
10,99454470434178,-0.34407723,3.0535746,-0.79976654
4,99454473679335,-0.43782368,-1.0687265,-0.68176925
10,99454478843501,-0.048560143,1.7272933,0.12644053
4,99454483752043,-0.5278385,-1.0434265,-0.6740461
10,99454489850168,-0.3041588,0.4709015,0.84917593
4,99454493094751,-0.43089947,-0.9733854,-0.5592638
10,99454498502147,-0.37614393,-0.14103603,1.0833712
2,99454503524335,-35.0,1.0,20.0
10,99454509804283,-0.39638388,-0.23766375,0.8619242
4,99454513046105,0.5526059,-0.6921556,-0.0031957934
10,99454518269907,0.019995332,0.53927755,-0.12377596
4,99454523130741,0.87112004,-0.52144694,0.28122982
10,99454529396053,0.12585235,0.98629045,-0.54033613
4,99454532640689,0.917459,-0.41891524,0.4708469
10,99454538003970,0.30201137,1.810319,-1.1340151
4,99454542793137,0.7052051,-0.37710363,0.56645435
10,99454547781470,0.37100315,2.101587,-1.7158542
4,99454551165116,0.33262882,-0.34993938,0.58696073
10,99454557792407,0.42356896,2.1799645,-1.6495991
4,99454562617095,0.01438107,-0.3123888,0.58083546
10,99454568992043,0.40177226,1.9190526,-1.2093067
4,99454572236574,-0.16644756,-0.2809635,0.6037386
10,99454577569022,0.32429457,1.1668115,-0.66182566
4,99454582368345,-0.23009712,-0.25752768,0.6612629
10,99454588736314,0.2550428,0.313519,-0.09748745
4,99454591941835,-0.20240025,-0.18588865,0.7222493
10,99454597345428,0.19843292,-0.3308692,0.3374381
4,99454602167199,-0.13129385,-0.07856325,0.7864315
10,99454608525376,-0.041604877,-0.8320074,0.6241436
4,99454611753814,0.024234766,0.06897587,0.87564737
10,99454617124439,0.1296606,-1.1967797,1.1409812
4,99454621912147,0.24714136,0.28202876,1.0005497
10,99454628310064,0.39625835,-1.6394401,1.130331
4,99454631541522,0.3390204,0.5589975,1.215733
10,99454636903866,0.25344276,-2.0768652,1.2779875
4,99454641734647,0.27696875,0.81945467,1.5270566
10,99454646718970,0.051659822,-2.0239935,1.0827427
4,99454650041887,0.16990969,0.9664612,1.7350495
10,99454656670324,0.58497393,-0.5261493,-0.85809946
4,99454661484647,0.23276028,0.8900285,1.3965617
10,99454667910949,1.2559538,0.38523197,0.51583767
4,99454671140897,-0.04873585,0.4575311,0.4511395
10,99454676312616,-0.30929792,-1.8550119,1.1644564
2,99454681084855,-41.0,12.0,20.0
10,99454687742147,-1.103188,-2.206614,1.3758521
4,99454690982928,-1.4311827,-0.58456385,-0.78110516
10,99454696225064,-0.71443355,-3.0488386,2.0898118
4,99454701004960,-0.97418433,-0.6740461,-0.7880294
10,99454707406418,-0.7022642,-4.195137,2.0918794
4,99454710621991,-0.123038046,-0.69002503,-0.6356966
10,99454714512147,0.2075324,-3.3787146,0.94984484
4,99454721636626,0.71985245,-0.6402239,-0.5773733
10,99454729233605,0.641997,-0.97691774,0.030505657
4,99454732482407,1.0761834,-0.58909124,-0.67298084
10,99454737497928,0.544889,-1.0708132,-0.016216278
4,99454742265532,0.6601977,-0.72304827,-0.85327685
10,99454747241053,0.06793249,2.0541043,-2.200995
4,99454750337512,-0.07536746,-0.90041476,-1.0112023
10,99454752853762,0.79337573,1.8841159,-0.98474073
4,99454760966678,-0.47670585,-0.88470215,-1.1030813
10,99454768604334,0.91516685,0.7945533,0.37033844
4,99454771861001,-0.5305017,-0.669785,-1.0759171
10,99454776858032,0.81455016,0.817471,0.41421556
4,99454781689595,-0.3800331,-0.39840892,-0.8522116
10,99454787789803,-0.5399604,-1.4044194,1.3563228
4,99454791057668,-0.018642128,-0.14434333,-0.5222459
10,99454793997512,-0.11858082,-0.68137074,1.2605548
4,99454800619907,0.3334278,0.071106404,-0.28442562
10,99454808264699,0.23003054,0.20127296,0.5370455
4,99454811513032,0.41092578,0.16325177,-0.17656758
10,99454816478293,0.2257483,0.16038036,0.50960445
4,99454821313553,0.27989823,0.17789917,-0.14833808
10,99454827488032,0.3623879,2.1733863,-0.96671057
4,99454830745480,0.0793622,0.18429075,-0.16618125
10,99454833728605,0.27859092,2.4966035,-1.0864205
4,99454840623345,-0.14780544,0.19467708,-0.19014971
10,99454846989595,7.586479E-4,2.1340725,-0.69960594
4,99454851168866,-0.30120352,0.17204021,-0.1933455
10,99454853390480,-0.2123251,1.4589076,-0.10105562
2,99454859852147,-33.0,6.0,20.0
10,99454866154126,-0.37119555,0.5372329,0.33465004
4,99454869395584,-0.20746025,0.1587244,-0.11957593
10,99454874160897,-0.5986159,-0.13984776,0.4481449
4,99454878991105,-0.14141385,0.16724652,-0.082558
10,99454885562459,-0.67091525,-0.14338017,0.40130854
4,99454888809959,0.11158645,0.22237396,0.008788432
10,99454893971730,-0.4798802,0.14834213,0.14896297
4,99454898886314,0.17576863,0.24394555,0.026631612
10,99454905360949,-0.38113487,0.2693715,0.0041365623
4,99454908579387,0.19920446,0.28309402,0.030360037
10,99454913759595,-0.26796818,0.4541397,-0.1643939
4,99454918544647,0.15792546,0.28575718,0.015446335
10,99454925116782,-0.25495553,0.42836,-0.16356945
4,99454928374803,0.042077947,0.31132352,-0.011984225
10,99454933559907,-0.44655085,-0.13585949,-0.12510633
4,99454938408866,-0.1025317,0.37284255,-0.011451593
10,99454943579178,-0.4724722,-0.23705769,-0.08391857
4,99454946715220,-0.17150758,0.40746364,-0.046339005
10,99454952331939,-0.5360633,-0.11172104,-0.06065941
4,99454958593241,-0.09161274,0.40959418,-0.12809806
10,99454964883657,-0.44415832,-0.07202864,-0.38362932
4,99454968103241,-0.015446335,0.43409526,-0.1933455
10,99454973019334,-0.35808635,-0.48129797,-0.64511347
4,99454977850324,-0.015180019,0.44794372,-0.22690132
10,99454984467095,-0.43190968,-0.5420475,-0.5482483
4,99454987687043,-0.032756884,0.41598576,-0.25300032
10,99454992812876,-0.50976515,-0.5528698,-0.16381693
4,99454997584543,-0.019973708,0.3850931,-0.28122982
10,99455004284282,-0.39663708,-0.43016624,0.09071779
4,99455007535532,0.0127831735,0.40959418,-0.30519825
10,99455012451574,-0.41810453,-0.09241867,0.20774126
4,99455017305428,0.06338324,0.4631237,-0.32197618
10,99455024016418,-0.3606702,0.35274696,0.36934328
4,99455027227511,0.0727043,0.51505536,-0.34834146
10,99455031720897,-0.18452525,0.6566944,0.43884754
2,99455038299699,-38.0,6.0,20.0
10,99455043426053,-0.19162822,0.8164959,0.4975314
4,99455046508553,-0.066046394,0.5435512,-0.396811
10,99455052117720,-0.48403227,0.7957039,0.44032192
4,99455056952928,-0.10945592,0.4878911,-0.35606465
10,99455063577720,-0.73984444,0.46910667,0.30934668
4,99455066817720,-0.1041296,0.40719733,-0.28549087
10,99455071828189,-0.8392757,0.0773201,0.35888004
4,99455076659074,-0.040746365,0.35952675,-0.18482338
10,99455083357095,-0.6686884,-0.005984783,0.60066175
4,99455086597564,0.04261058,0.3502057,-0.06231797
10,99455091725689,-0.7340529,0.2845397,0.8221636
4,99455096490480,0.07590009,0.32943302,0.041279
10,99455103139803,-0.7280537,0.7465129,0.9838948
4,99455106388189,0.034088463,0.2894856,0.0892159
10,99455111581626,-0.56272006,1.0680366,0.9981394
4,99455116389178,-0.05672533,0.24074976,0.07643273
10,99455122940220,-0.5874846,0.8977666,0.7676277
4,99455126179439,-0.1486044,0.18136127,0.06231797
10,99455131354959,-0.64104927,0.41712523,0.7535534
4,99455136192303,-0.165116,0.12117383,0.056459017
10,99455141380428,-0.54243183,-0.040988445,0.7255058
4,99455144550532,-0.08042747,0.09081379,0.050866377
10,99455150930428,-0.45725977,-0.30123234,0.72726345
4,99455155870116,0.019707393,0.072171666,0.062051654
10,99455162466418,-0.37664378,-0.3773265,0.5952244
4,99455165717303,0.057790596,0.061252706,0.073236935
10,99455170884595,-0.21166277,-0.33314276,0.55410194
4,99455175802824,0.049534798,0.060453758,0.057790596
10,99455182239959,-0.11311412,-0.19411659,0.4887886
4,99455185492616,0.029827405,0.06258429,0.02876214
10,99455190643709,-0.12610185,-0.1379323,0.3717451
4,99455195567772,0.006924219,0.06391586,0.017310547
10,99455202022147,-0.19438303,-0.106236935,0.26797104
4,99455205266366,-0.019441076,0.06551377,0.018375812
10,99455210416938,-0.14119422,-0.046380997,0.23977757
2,99455215258293,-41.0,-6.0,18.0
10,99455221837199,-0.059504747,0.013347149,0.2642212
4,99455225044595,-5.326322E-4,0.08522116,-0.006924219
10,99455230028657,-0.11868787,-0.012067795,0.28289318
4,99455234870845,-0.0010652645,0.0793622,-0.004261058
10,99455240149074,-0.1515789,0.014257431,0.35601902
4,99455243372459,-0.002396845,0.07749799,-5.326322E-4
10,99455249817563,-0.18631268,0.078561306,0.40008354
4,99455254760063,0.018375812,0.08175905,0.00958738
10,99455261343449,-0.20833075,0.07222557,0.44079685
4,99455264557251,0.020240024,0.086020105,0.03222425
10,99455269769959,-0.25013196,-0.026903152,0.38578892
4,99455274601105,0.007989483,0.08575379,0.06684534
10,99455281122303,-0.21831703,-0.017026901,0.38396835
4,99455284393397,0.021571605,0.080960095,0.081226416
10,99455289353605,-0.19095302,0.13772297,0.4291849
4,99455294313501,0.03781689,0.07669904,0.083090626
10,99455300904855,-0.27140164,0.18991232,0.365345
4,99455304202563,0.03169162,0.037550572,0.07749799
10,99455308864959,-0.32744312,0.2873168,0.37353134
4,99455313667199,0.02743056,0.024767399,0.06551377
10,99455327496470,-0.40517294,0.37726164,0.26550484
4,99455334770480,5.326322E-4,-0.056991648,0.014114754
10,99455339879699,-0.3805914,0.31499386,0.2734766
4,99455342845949,-0.041545313,-0.087884314,0.002130529
10,99455348555584,-0.25160956,0.19630337,0.25326824
4,99455353259282,-0.057790596,-0.09187906,0.004261058
10,99455359292407,-0.22755992,0.15737343,0.3412361
4,99455362549907,-0.03781689,-0.098004326,0.017044231
10,99455367057147,-0.27234876,0.06291437,0.3018942
4,99455373810688,-0.029028457,-0.10892329,0.034088463
10,99455379737095,-0.21783578,0.03300953,0.2076788
4,99455382827668,-0.031158986,-0.09534117,0.047137953
10,99455388009959,-0.054585338,0.03909588,0.19473934
2,99455392665272,-41.0,-6.0,19.0
10,99455399529386,0.02749455,0.035405636,0.23142624
4,99455402619178,-0.026365295,-0.038615838,0.05885586
10,99455407770011,0.032562852,-0.010802746,0.22741604
4,99455413152043,-0.020506341,-0.014913702,0.04474111
10,99455419305324,0.060450315,-0.14279318,0.18272972
4,99455422395845,-0.026897928,0.023169503,0.025033714
10,99455427548188,0.040274978,-0.20996189,0.111390114
4,99455433535011,-0.016245283,0.06471482,0.0029294773
10,99455438560063,0.02703762,-0.17553282,0.06984043
4,99455441521157,-0.0055926386,0.09054748,-0.011984225
10,99455447334699,0.02184546,-0.17041492,0.030121803
4,99455452725324,-0.005060006,0.10173275,-0.02609898
10,99455458857147,-0.033159614,-0.19634485,-5.722046E-5
4,99455461950480,-0.01304949,0.10439592,-0.03781689
10,99455467111782,-0.06421065,-0.19403887,0.05322647
4,99455472534178,0.006657903,0.10439592,-0.05006743
10,99455478639699,-0.06971979,-0.13917255,0.16003513
4,99455481729386,0.03009372,0.103064336,-0.06737798
10,99455486720949,-0.107236266,-0.10080004,0.12909985
4,99455492305584,0.038615838,0.101200126,-0.082025364
10,99455498422303,-0.14976716,-0.08497524,0.19090366
4,99455501512824,0.037284255,0.10013486,-0.10439592
10,99455506667303,-0.2265042,-0.015497208,0.30695915
4,99455512048657,0.050866377,0.0958738,-0.12996227
10,99455517861209,-0.29985142,0.028844833,0.35304928
4,99455520947407,0.050333746,0.08282431,-0.15259913
10,99455525420845,-0.32268214,-0.027056694,0.29682446
4,99455532745272,0.03888215,0.07882957,-0.16245283
10,99455537990636,-0.28606308,0.0333004,0.352499
4,99455541390480,0.04926848,0.07749799,-0.16085494
10,99455546118501,-0.36414337,0.18623018,0.3884449
4,99455550931574,0.043675844,0.051931642,-0.15180019
10,99455557998501,-0.4077809,0.24014664,0.32277107
4,99455561247407,0.017310547,0.027963191,-0.13981596
10,99455564159543,-0.39580977,0.20662785,0.2365799
2,99455571855168,-41.0,-9.0,20.0
10,99455578033501,-0.28835344,0.24318123,0.30672932
4,99455578033501,0.02876214,0.01784318,-0.12144015
11,99455578033501,-0.26901,0.133174,-0.645847,0.701981,3.0
4,99455581728240,0.04447479,0.01917476,-0.11105382
10,99455583683709,-0.24525774,0.25036383,0.34264183
11,99455583683709,-0.26901,0.133174,-0.645847,0.701981,3.0
4,99455583683709,0.055926383,0.015446335,-0.099069595
4,99455590195480,0.06338324,0.01304949,-0.090281166
10,99455597445063,-0.2699585,0.21742773,0.2224474
4,99455600658501,0.06391586,0.0031957934,-0.086020105
10,99455603305428,-0.2460165,0.20785093,0.2272358
4,99455603305428,0.06391586,0.0031957934,-0.086020105
4,99455610005532,0.051132694,0.0034621095,-0.087085366
10,99455617214074,-0.26922107,0.1936841,0.120565414
4,99455620444282,0.039414786,0.007456851,-0.084155895
10,99455624779959,-0.31711054,0.22002316,0.0990181
4,99455631598032,0.031158986,0.0037284256,-0.07137272
10,99455637995480,-0.35412133,0.22144556,0.12827492
4,99455642320740,0.035952676,-0.0077231675,-0.0628506
10,99455645990897,-0.36438966,0.2526436,0.18082237
4,99455650772667,0.04926848,-0.008788432,-0.06471482
10,99455657125949,-0.36039436,0.30918074,0.11301994
4,99455660367615,0.036751624,-0.004527374,-0.055926383
10,99455663251365,-0.43461454,0.36664152,0.16808605
4,99455670711990,0.021837922,-0.0029294773,-0.03435478
10,99455678334647,-0.43834805,0.15749264,0.22686577
4,99455681570011,0.008255799,-0.0053263223,-0.019973708
10,99455684459334,-0.43834805,0.15749264,0.22686577
4,99455690208397,0.0314253,-0.011451593,-0.012516857
10,99455696296105,-0.5143722,-0.23759747,0.23389721
4,99455699544959,0.07350325,-0.012516857,-0.014114754
10,99455704887563,-0.42493534,-0.3936534,0.25259972
4,99455709680324,0.094808534,-0.018109497,-0.018109497
10,99455716031626,-0.29656577,-0.42553425,0.21478081
4,99455719285792,0.14061491,-0.033822145,-0.05912218
10,99455724666365,-0.12754726,-0.34388065,0.29706097
4,99455729453136,0.14780544,-0.03222425,-0.07962852
10,99455734381782,0.046657443,-0.16105509,0.25776958
4,99455737811470,0.14008227,-0.026631612,-0.11957593
10,99455744453917,0.07379615,-0.039705276,0.2684002
2,99455749238605,-39.0,-11.0,20.0
10,99455755597615,-0.0038462877,0.2434349,0.1026907
4,99455758837928,-0.012250541,0.040480047,-0.1768339
10,99455764251990,0.113802075,0.043354034,0.082956314
4,99455769043761,-0.122771725,0.0628506,-0.17923075
10,99455775410063,0.18179536,0.020192623,0.14342594
4,99455778645740,-0.14141385,0.08175905,-0.18429075
10,99455784000897,0.2316873,-0.14342308,0.41888142
4,99455788803709,-0.056459017,0.08522116,-0.19361182
10,99455795142980,0.17233801,-0.29621792,0.32792187
4,99455798393813,0.02956109,0.09081379,-0.19041602
10,99455803786157,0.094890475,-0.41672802,0.23279381
4,99455808580272,0.10945592,0.1107875,-0.18748654
10,99455814982720,0.11679745,-0.20483875,0.21384239
4,99455818226470,0.175236,0.13102753,-0.18935075
10,99455823564855,0.14459407,0.050011635,0.12764072
4,99455828340063,0.170176,0.1419465,-0.19574234
10,99455833282824,0.17738187,0.23109913,-0.0053138733
4,99455836699959,0.08948222,0.1470065,-0.21065605
10,99455843342459,0.17404127,0.24273968,-0.122740746
4,99455848118553,0.002130529,0.15286545,-0.23808661
10,99455854476261,0.17227829,0.16585732,-0.084448814
4,99455857687094,-0.040480047,0.16085494,-0.2657835
10,99455863151469,0.034590364,-0.011125565,-0.069208145
4,99455867945636,-0.031158986,0.17789917,-0.27377295
10,99455874265324,-0.06543088,-0.16347027,0.015551567
4,99455877487563,0.018908445,0.19041602,-0.26977822
10,99455882896365,-0.16816306,-0.087393284,0.06149292
4,99455887667667,0.0958738,0.21092236,-0.26072347
10,99455894039438,-0.13777673,-0.05128622,0.18915272
4,99455897286313,0.14966966,0.30280143,-0.23808661
10,99455902676522,0.093710065,-0.13290691,0.33882427
4,99455907463449,0.15020229,0.46951532,-0.18748654
10,99455913854542,-0.22486341,0.051770687,0.4933586
4,99455917084855,0.1768339,0.691623,-0.008788432
10,99455922452042,-0.72949064,0.11917734,0.7882309
2,99455928166469,-37.0,-17.0,19.0
10,99455933177511,-0.9151968,-0.21393538,1.0668545
4,99455936765428,0.10945592,1.202151,0.6743124
10,99455941959126,-1.1878848,-0.4051261,1.2835588
4,99455946730740,0.08575379,1.2450278,0.98430437
10,99455953412407,-1.6252629,-0.63565874,1.2473288
4,99455956659699,0.12197278,0.9528791,1.1986889
10,99455962008449,-2.0607963,0.68696547,0.4065876
4,99455966795324,0.5323659,0.49028796,1.015996
10,99455973136469,-1.7321746,2.2773728,3.1396027
4,99455976376678,0.47031426,-0.07376956,0.30306774
10,99455981783136,-2.6386864,1.2217712,1.5414352
4,99455986572147,-0.49801114,-0.52810484,-0.34408042
10,99455992964022,-3.133485,1.6409273,1.0932512
4,99455996191261,-1.0572749,-0.6841661,-0.48176584
10,99456001560167,-2.7115188,1.0411425,1.09233
4,99456006323449,-1.164334,-0.7006777,-0.3435478
10,99456012699230,-1.76725,-0.43276024,0.3158369
4,99456015933657,-0.8021441,-0.73130405,-0.23622239
10,99456021381001,-0.69351804,-0.9786029,-0.14459419
4,99456026130636,-0.11851067,-0.7848336,-0.2724414
10,99456031059594,-0.6087455,-0.44955397,0.00253582
4,99456034482563,0.34328148,-0.8855011,-0.3552657
10,99456040052042,-1.4168876,0.15346193,-0.5701251
4,99456046409386,0.22929817,-0.97232014,-0.3206446
10,99456052473240,-1.1707743,1.8569489,-0.4518218
4,99456055677511,-0.010652645,-0.94302535,-0.26338664
10,99456060916469,-0.4475366,2.4119058,-0.45598507
4,99456065812303,-0.3470099,-0.82078624,-0.25832662
10,99456072032667,-0.28077197,1.6549866,-0.28863382
4,99456075270949,-0.61172813,-0.7326356,-0.20905815
10,99456080716521,-0.41720796,0.8997183,0.25228596
4,99456085762719,-0.5536712,-0.6854977,-0.09720538
10,99456091858553,-0.19585645,0.25848532,0.4447727210,99456099050115,0.2928536,0.059973717,0.19981194
2,99456104730271,-32.0,-10.0,17.0
10,99456110449542,0.3878777,0.4443221,0.019207
4,99456114536053,0.10918961,-0.3422162,0.31638354
10,99456119965376,0.2437532,1.0366297,-0.25686884
4,99456125505532,0.09640643,-0.2894856,0.47244477
10,99456130339542,0.11283088,1.5587234,-0.7659049
4,99456133319646,0.026365295,-0.31318775,0.49481535
10,99456139726053,0.15091002,1.7618883,-1.074925
4,99456144390584,-0.133957,-0.3422162,0.51319116
10,99456150898084,0.58421683,1.7083175,-1.3285995
4,99456154052876,-0.26205507,-0.30652985,0.5323659
10,99456159555167,0.41550744,1.2399831,-1.0538259
4,99456164197303,-0.31771514,-0.30173615,0.5504754
10,99456170684334,0.42098522,0.72490406,-0.47278595
4,99456173765167,-0.2793656,-0.32304144,0.5435512
10,99456179278917,0.42067087,0.12834644,-0.12048197
4,99456184001574,-0.19041602,-0.3291667,0.5299691
10,99456190447511,0.36072218,-0.22983885,0.011129379
4,99456193524282,-0.14674018,-0.2591256,0.5403554
10,99456199066626,0.19256067,-0.90835285,0.44471073
4,99456203740896,-0.1488707,-0.18162759,0.5563344
10,99456210200584,-0.30621862,-1.2465057,0.5653968
4,99456213278605,-0.0958738,-0.12756541,0.5302354
10,99456218884959,-0.34079123,-1.1554661,0.3775773
4,99456224394074,0.010386328,-0.06231797,0.47537425
10,99456229189855,0.07766545,-0.96848536,0.059037685
4,99456232251001,0.094808534,0.011185277,0.41412157
10,99456237697667,0.42330718,-0.83202934,-0.14245176
4,99456244080584,0.08894958,0.040480047,0.34088463
10,99456249825792,0.5315578,-0.5789318,-0.07324982
4,99456252915167,-0.005060006,0.029028457,0.26684874
10,99456258397928,0.43987155,-0.48083735,-0.040745735
4,99456263043188,-0.15259913,0.025832662,0.21837921
10,99456269623917,0.27808213,-0.60163116,0.035779953
4,99456272702771,-0.2591256,0.03488741,0.1917476
10,99456278166886,0.19445026,-0.71825075,0.12217188
2,99456282885219,-37.0,-10.0,18.0
10,99456289306001,0.15409517,-0.74767256,0.022930622
4,99456292392407,-0.21704763,-0.06524745,0.071106404
10,99456297631365,0.6046164,-0.5585785,-0.23170853
4,99456302342251,-0.17044231,-0.056991648,-0.01438107
10,99456309310532,0.77044153,-0.28055763,-0.17720461
4,99456312660792,-0.123836994,-0.047670584,-0.055926383
10,99456317990896,0.41680503,-0.40968227,0.09761047
4,99456322855323,-0.14008227,-0.101200126,-0.06711166
10,99456327770376,0.1541202,-0.75482845,0.4491396
4,99456331135532,-0.14940333,-0.15313177,-0.11957593
10,99456337768865,0.2767378,-0.8956795,0.647943
4,99456342536053,-0.104928546,-0.12996227,-0.17576863
10,99456348880323,0.30455887,-0.7462549,0.6237898
4,99456352121105,-0.029028457,-0.06711166,-0.16245283
10,99456357545063,0.2140665,-0.53502274,0.56084013
4,99456362308605,-0.0026631611,-0.02876214,-0.11638014
10,99456368679282,0.21146524,-0.3009758,0.45783758
4,99456371913448,-0.040480047,-0.012516857,-0.103863284
10,99456377318448,0.22239482,-0.04344988,0.39664698
4,99456382092251,-0.08655274,-0.004527374,-0.11584751
10,99456388446730,0.1079725,0.071157455,0.45000792
4,99456391681678,-0.10626013,0.006657903,-0.09933591
10,99456397110063,-0.029244065,0.012589455,0.46786022
4,99456401954490,-0.09454222,0.025566347,-0.06338324
10,99456408225115,-0.107094884,-0.03974819,0.51273537
4,99456411457198,-0.048203215,0.0314253,-0.0396811
10,99456414407303,-0.22201657,0.0033473969,0.50794697
4,99456422668709,-0.0026631611,0.017576864,-0.042876896
10,99456429003553,-0.23537171,0.21499538,0.36592054
4,99456432138292,0.021837922,0.0314253,-0.055926383
10,99456434227511,-0.21382391,0.39456034,0.38028574
4,99456442046626,0.025832662,0.035952676,-0.046072688
10,99456449561573,-0.52605236,0.23756838,0.48066473
4,99456452834073,0.0034621095,0.00479369,-0.03169162
10,99456457773448,-0.6820948,0.14672184,0.6772189
2,99456462539907,-39.0,-2.0,19.0
10,99456468794490,-0.71832025,0.07956505,0.6538391
4,99456472006678,0.03542004,-0.060453758,-0.026365295
10,99456474897303,-0.73986804,0.024498463,0.61792564
4,99456481696157,0.0561927,-0.0777643,-0.014913702
10,99456489258813,-0.75609434,0.16227531,0.5749607
4,99456492507146,0.06391586,-0.09454222,-0.002396845
10,99456497376053,-0.7605728,0.15587759,0.5711913
4,99456502135896,0.037550572,-0.11025487,0.0053263223
10,99456508220063,-0.57295656,0.42037773,0.2874012
4,99456511470219,-0.0058589545,-0.12144015,0.006924219
10,99456514491730,-0.50352466,0.47065592,0.23472881
4,99456521636053,-0.04261058,-0.13315806,0.01438107
10,99456527985480,-0.5278815,0.41353893,0.23786354
4,99456532336782,-0.062051654,-0.13662016,0.03169162
10,99456536060375,-0.46318448,0.30372524,0.20748043
4,99456540810792,-0.05965481,-0.13129385,0.05273059
10,99456546947459,-0.38746727,0.27288055,0.121673584
4,99456550182563,-0.043409526,-0.10865697,0.07749799
10,99456553937615,-0.35873687,0.30161095,0.035482407
4,99456560811782,-0.036485307,-0.09773801,0.090281166
10,99456568439907,-0.35318208,0.29877043,-0.069758415
4,99456571708657,-0.013582122,-0.060720075,0.1257012
10,99456574555063,-0.35318208,0.29877043,-0.069758415
4,99456579407303,-0.006924219,-0.052996907,0.13315806
10,99456586425532,-0.37825167,0.25452137,-0.0056328773
4,99456589670428,0.019441076,-0.046072688,0.14620754
10,99456594794750,-0.34679234,0.19262934,-0.023918629
4,99456599643709,0.024234766,-0.036485307,0.15020229
10,99456606209594,-0.2290405,0.26395035,-0.1099143
4,99456609443553,0.024767399,-0.010120012,0.16538231
10,99456614635375,-0.17300844,0.3321004,-0.04817915
4,99456619471886,0.018109497,-5.326322E-4,0.17310548
10,99456624556157,-0.18867671,0.30275106,-0.10624075
4,99456627796730,-0.016777916,0.008522116,0.17896444
10,99456634243448,-0.17402315,0.13982153,-0.0523386
2,99456639070844,-38.0,-2.0,19.0
10,99456645754282,-0.054398656,-0.048315525,0.14560223
4,99456649009178,-0.052464273,0.025566347,0.15526229
10,99456654183657,-0.21905553,-0.21206808,0.2982626
4,99456658981469,-0.013582122,0.011451593,0.14301175
10,99456665535844,-0.2970481,-0.21334696,0.3649702
4,99456668756105,0.027963191,-0.0034621095,0.128897
10,99456673941209,-0.26470232,-0.10905409,0.49574995
4,99456678828917,0.077231675,-0.010386328,0.10839066
10,99456685324594,-0.31269443,-0.10463762,0.518363
4,99456688575948,0.07749799,-0.037284255,0.0958738
10,99456693695532,-0.38167167,-0.13024378,0.5092907
4,99456698554073,0.054594804,-0.07749799,0.08149273
10,99456705089021,-0.3089776,3.13282E-4,0.5040221
4,99456708336261,0.04447479,-0.09720538,0.06791061
10,99456713510219,-0.2208587,-3.6525726E-4,0.58133984
4,99456718333761,0.025300032,-0.092145376,0.06870956
10,99456723449698,-0.21419334,-0.061890125,0.60228395
4,99456726687302,0.009321064,-0.104928546,0.06791061
10,99456733133917,-0.22938812,-0.031341553,0.6408887
4,99456737981417,0.011451593,-0.11611383,0.052996907
10,99456744653344,-0.13220572,-0.038873196,0.60841846
4,99456747906157,0.023702133,-0.11984225,0.03195793
10,99456753029802,-0.13258111,-0.011748314,0.56822777
4,99456757866469,0.041545313,-0.11851067,0.014647386
10,99456764436730,-0.16497135,0.009389877,0.45551586
4,99456767682355,0.05273059,-0.1206412,0.010652645
10,99456772839177,-0.10526121,0.06303644,0.32558346
4,99456777589438,0.056991648,-0.11105382,0.008522116
10,99456784210115,-0.04338944,0.15664482,0.24783087
4,99456787458292,0.066046394,-0.10679276,0.013582122
10,99456792687250,-0.043367624,0.15914917,0.1531434
4,99456797514646,0.053795855,-0.0974717,0.02130529
10,99456803979542,-0.0068306923,0.18134928,0.111411095
4,99456807206834,0.05219796,-0.07190535,0.017310547
10,99456812430480,0.042643785,0.2754717,0.107848644
2,99456817231105,-37.0,3.0,18.0
10,99456822371938,0.041666627,0.2303114,-0.0018930435
4,99456825709438,0.043409526,0.024234766,-0.006657903
10,99456831980896,0.043982267,0.25771713,-0.037634373
4,99456836792459,0.06364955,0.051931642,-0.02396845
10,99456843535532,0.026762009,0.0946455,-0.2502179
4,99456846771886,0.0974717,0.07749799,-0.050866377
10,99456851929230,0.24253833,-0.10351181,-0.3941636
4,99456856769750,0.11424961,0.112918034,-0.07856325
10,99456863321677,0.07763171,-0.10312319,-0.250906
4,99456866537771,0.1304949,0.11132014,-0.105727494
10,99456871672146,0.0010597706,-0.013671398,-0.33167505
4,99456876449959,0.1073254,0.10173275,-0.14913702
10,99456883099177,0.014545441,0.09206724,-0.35213947
4,99456886331261,0.053795855,0.13102753,-0.17150758
10,99456891534438,0.08984411,0.047930717,-0.26463604
4,99456896301313,0.04181163,0.17630127,-0.175236
10,99456902883032,0.14610243,-0.04257059,-0.11434078
4,99456906113657,0.05885586,0.20612867,-0.18615496
10,99456911321209,0.19244456,0.018051624,0.050662518
4,99456916108396,0.10679276,0.20772657,-0.22583607
10,99456921234646,0.20420957,-0.013393402,0.0074391365
4,99456924497563,0.12756541,0.2031992,-0.2545982
10,99456930904698,0.26617193,0.037114143,-0.066486835
4,99456935743969,0.16831179,0.1917476,-0.34248254
10,99456942459907,0.2760365,0.395741,-0.042870045
4,99456945705479,0.18322548,0.17204021,-0.39627838
10,99456950848761,0.15579939,0.5555382,-0.19741583
4,99456955729542,0.18295917,0.11957593,-0.46818373
10,99456962254646,0.10343385,-0.032545567,-0.17684269
4,99456965494282,0.12783173,0.099069595,-0.51052797
10,99456970630063,0.13553011,-0.5928817,0.30011797
4,99456975599594,0.1667139,0.15925704,-0.51478904
10,99456981986782,-0.010059714,-0.7846761,1.0783434
4,99456985236886,0.24687503,0.33502567,-0.40559945
10,99456990410532,-0.34267604,-0.8236017,1.1156778
2,99456995314021,-38.0,3.0,17.0
10,99457001843552,-0.39196622,-0.4436884,1.1972427
4,99457005085479,0.22050974,0.83889574,0.15499598
10,99457010257875,-0.39955974,-0.13609314,1.369237
4,99457015096834,0.27457193,0.8759137,0.31611723
10,99457020189907,-0.7869292,-0.10304165,1.6241608
4,99457023328396,0.49641323,0.7499462,0.58083546
10,99457029817459,-0.84042865,-0.23662329,1.3698897
4,99457034760948,0.7864315,0.44767737,0.61625546
10,99457041380063,-0.43778062,-0.02221489,1.7647161
4,99457044624698,0.90920323,-0.09054748,0.13981596
10,99457049796052,-1.2381601,0.21841383,1.5714273
4,99457054645115,0.7507451,-0.2514024,-0.019441076
10,99457061091834,-1.5701388,0.41277742,1.6294737
4,99457064401157,0.40080574,-0.48869008,-0.18855181
10,99457069573552,-1.3849967,0.46343422,0.744648
4,99457074570896,0.11824436,-0.5435512,-0.25992453
10,99457080878969,-1.0585879,0.041110516,0.31047535
4,99457084175636,-0.17976338,-0.5222459,-0.27830034
10,99457089376521,-0.081428766,-0.11817455,-0.78675795
4,99457094233188,-0.34754252,-0.52171326,-0.2828277
10,99457100644646,0.06844759,0.14063597,-0.9303484
4,99457103939907,-0.30013826,-0.5318333,-0.30253512
10,99457108840584,0.10188258,0.25960493,-0.7564502
4,99457113732563,-0.22663501,-0.53769225,-0.34434673
10,99457119018604,-0.17971992,-0.08259773,-0.90021133
4,99457122243240,-0.22876555,-0.48869008,-0.40293628
10,99457128681521,-0.06366563,0.06935501,-0.5286417
4,99457133524802,-0.13981596,-0.376571,-0.41518682
10,99457140249594,-0.19304645,0.06343126,-0.17359161
4,99457143500219,-0.1073254,-0.2479403,-0.38615838
10,99457148452719,-0.23227394,0.25249624,-0.34152985
4,99457153354854,-0.15579493,-0.1323591,-0.3222425
10,99457159976156,-0.19195974,0.57204676,-0.44308472
4,99457163209750,-0.16990969,-0.020772656,-0.2330266
10,99457168385115,-0.119366646,0.5653291,-0.31938934
2,99457173321417,-34.0,3.0,19.0
10,99457179406365,-0.117595196,0.5106225,-0.28221035
4,99457182642667,-0.049002163,0.13475595,-0.025566347
10,99457188002354,-0.17685056,0.6480646,-0.36085176
4,99457192820948,-0.014647386,0.18748654,0.056991648
10,99457199531573,-0.25216305,1.0523767,-0.34827423
4,99457202774021,-0.022903185,0.24074976,0.11824436
10,99457208026781,-0.2609986,1.5195313,-0.30823278
4,99457212941521,-0.0958738,0.25859293,0.17230652
10,99457218015948,-0.3494289,1.8760257,-0.35084486
4,99457221154542,-0.20692763,0.24181503,0.22690132
10,99457227557615,-0.36005533,1.880238,-0.35462618
4,99457232366886,-0.3422162,0.22264028,0.28229508
10,99457239124229,-0.4026153,1.7094958,-0.30807447
4,99457242367302,-0.41864893,0.20399815,0.3435478
10,99457247318448,-0.6864152,1.3986287,0.0886817
4,99457252130219,-0.3888215,0.1685781,0.41252366
10,99457258848709,-0.914111,0.79203224,0.56719065
4,99457262084021,-0.28788772,0.09827065,0.47164583
10,99457264982406,-1.0960703,-0.036361217,0.6581702
4,99457272722771,-0.14274544,0.016777916,0.4708469
10,99457280301573,-0.89697677,-0.33412075,0.7556715
4,99457283559281,0.035952676,-0.033822145,0.41998053
10,99457288098552,-0.87103635,-0.33144426,0.7516799
4,99457292961000,0.128897,-0.066312715,0.38908786
10,99457299241729,-0.8677882,-0.3526845,0.8194299
4,99457302482875,0.07803062,-0.11531488,0.37896782
10,99457305426677,-0.9108838,-0.18987894,0.8792844
4,99457312662354,-0.013582122,-0.17230652,0.34914044
10,99457319023188,-0.74190485,-0.0865736,0.88068914
4,99457323352042,-0.09773801,-0.22050974,0.3073288
10,99457327043604,-0.6690128,-0.32205534,0.7882061
4,99457331815792,-0.15978967,-0.26019084,0.27350664
10,99457338093865,-0.60260224,-0.5317755,0.75285244
4,99457341371469,-0.17230652,-0.304133,0.24181503
10,99457344392771,-0.39430428,-0.6299324,0.74327564
2,99457351829802,-40.0,-2.0,20.0
10,99457359428552,-0.14754868,-0.646842,0.6352296
4,99457362691365,-0.090281166,-0.30466563,0.15419704
10,99457365603813,-0.14754868,-0.646842,0.6352296
4,99457371341156,-0.07962852,-0.2625877,0.09267801
10,99457378873500,0.14150119,-0.25975704,0.3352313
4,99457382149906,-0.10439592,-0.19734024,0.04926848
10,99457385260844,0.33064318,-0.21666145,0.08862877
4,99457391030375,-0.14301175,-0.11318435,0.03169162
10,99457397313552,0.476766,-0.32169628,0.11811876
4,99457400546365,-0.11025487,-0.04261058,0.00479369
10,99457405843604,0.5006592,-0.44183016,0.23399544
4,99457410981938,-0.03701794,0.0077231675,-0.023169503
10,99457417394073,0.4790151,-0.42076826,0.18047476
4,99457421720063,0.03169162,0.057257965,-0.035952676
10,99457423838761,0.35212255,-0.19092512,-0.06133938
4,99457430907198,0.054062173,0.082025364,-0.039414786
10,99457437281313,0.2974162,0.09893036,-0.1630516
4,99457440528031,0.06684534,0.1323591,-0.027164243
10,99457445478917,0.21533346,0.15365982,-0.04749155
4,99457450245479,0.05539375,0.14247912,-0.02876214
10,99457456470844,0.16058421,0.036561966,0.060504436
4,99457459709594,0.018908445,0.13635385,-0.053795855
10,99457465095323,-0.030281782,-0.029888153,0.101005554
4,99457469930583,0.0018642128,0.116912775,-0.083090626
10,99457476213083,-0.091263175,-0.049330235,0.095154285
4,99457479464333,0.0010652645,0.119043306,-0.096939065
10,99457484871938,-0.07003462,-0.013442993,0.09704161
4,99457489732198,0.00479369,0.1304949,-0.10013486
10,99457495995583,-0.053331375,0.050029278,0.074099064
4,99457499233604,0.0029294773,0.1307612,-0.10918961
10,99457504648761,0.019977331,0.1226573,7.70092E-4
4,99457509491104,-0.025033714,0.10226539,-0.13182648
10,99457514405948,0.021214843,0.11288595,0.048779964
4,99457518088292,-0.016777916,0.05912218,-0.16005598
10,99457524426469,-0.003827691,0.020135403,-0.13374949
2,99457529265896,-41.0,-2.0,19.0
10,99457535630896,0.06769943,0.037513256,-0.42077446
4,99457538841521,-0.15606125,-0.009321064,-0.2761698
10,99457544246938,0.22741139,-0.03989792,-0.41924763
4,99457549069854,-0.22077605,-0.009321064,-0.34887412
10,99457555334542,0.38642943,-0.3182869,-0.120619774
4,99457558571521,-0.17550232,0.010386328,-0.38296258
10,99457563969958,0.42016602,-0.5131178,0.2745633
4,99457568803708,-0.050333746,0.010386328,-0.39388153
10,99457575138240,0.382012,-0.2876258,0.34121132
4,99457578362094,0.08282431,-0.014114754,-0.43782368
10,99457583792354,0.3664291,0.0759716,0.17685509
4,99457588551885,0.09880328,-0.0561927,-0.5238438
10,99457594918917,0.31657028,0.34886932,-0.5392966
4,99457598166781,0.02130529,-0.13768543,-0.6356966
10,99457603536938,0.22896957,0.6423521,-0.56643915
4,99457608361573,0.028229509,-0.21172132,-0.7347662
10,99457613291573,0.06259251,0.16686583,-0.081048965
4,99457616673656,0.06870956,-0.2790993,-0.7888283
10,99457623356469,-0.26341105,-0.70263433,0.5126796
4,99457628196417,0.11424961,-0.30253512,-0.82344943
10,99457634447198,-0.36193335,-1.1366067,1.2716012
4,99457637681833,0.20879184,-0.26232138,-0.82158524
10,99457643099333,-0.60980487,-0.9046073,1.551682
4,99457647855896,0.32170987,-0.16937704,-0.71798825
10,99457654230115,-0.85949755,-0.6546154,1.4826298
4,99457657472927,0.3653857,-0.06498113,-0.51452273
10,99457662902667,-0.80219996,-0.40203047,1.3473973
4,99457667739854,0.33768883,0.027963191,-0.30493194
10,99457674005844,-0.59157765,0.059898376,1.193039
4,99457677225844,0.2862898,0.099069595,-0.14753912
10,99457682666521,-0.4700997,0.4484005,1.0864992
4,99457687443344,0.20799288,0.14274544,-0.031158986
10,99457693816781,-0.5623368,0.52913713,1.0111461
4,99457697026417,0.12650016,0.16325177,0.0743022
10,99457702424125,-0.66999435,0.6165571,0.9395933
2,99457707301469,-42.0,-9.0,23.0
10,99457712225740,-0.6760558,0.66984224,0.6817727
4,99457715830010,0.054594804,0.19441076,0.24154872
10,99457722287354,-0.6767353,0.7681794,0.5643163
4,99457727110271,0.04181163,0.19041602,0.28895298
10,99457733374750,-0.76692176,0.8549056,0.45734358
4,99457736624490,0.05672533,0.13821806,0.2809635
10,99457741980219,-0.8019774,0.74508095,0.4875102
4,99457746807198,0.064182185,0.076166406,0.22796659
10,99457753110948,-0.8247472,0.470428,0.40027428
4,99457756366677,0.066046394,0.021571605,0.18482338
10,99457761756938,-0.94676924,0.15590811,0.37996626
4,99457766544177,0.09081379,-0.018109497,0.18615496
10,99457772889438,-1.0382499,-0.048490524,0.31742
4,99457776121260,0.128897,-0.030360037,0.21758026
10,99457781534802,-0.90139747,-0.1349678,0.26368523
4,99457786372354,0.12144015,-0.016245283,0.24580978
10,99457792670635,-0.7473694,-0.034424305,0.011340618
4,99457795907302,0.09454222,0.008788432,0.24261399
10,99457800890010,-0.45757532,0.19346619,-0.013031006
4,99457806832719,0.05486112,0.037550572,0.22104238
10,99457811728344,-0.3210987,0.13188505,-0.061910152
4,99457814831833,0.02263687,0.04660532,0.21438447
10,99457821045271,-0.26078522,-0.050563335,-0.13075733
4,99457825894854,-0.040746365,0.057790596,0.18082865
10,99457832222875,-0.21540844,-0.067346096,-0.0586195
4,99457835472042,0.0029294773,0.061252706,0.15100123
10,99457840845115,-0.12191653,-0.21347904,-0.025850773
4,99457845755323,0.029294772,0.06098639,0.13954964
10,99457852002667,-0.011312246,-0.16573,-0.041303158
4,99457855220635,0.075101145,0.08681905,0.09986854
10,99457860684698,0.07421756,0.17574167,0.04752493
4,99457865683552,0.08335695,0.090014845,0.08149273
10,99457871825219,-0.03467965,0.3663063,-0.07107687
4,99457875042406,0.0727043,0.07483483,0.022903185
10,99457880412823,-0.16655052,0.234406,-0.06429291
2,99457885338500,-39.0,-5.0,22.0
10,99457891603656,-0.21149361,0.12530375,-0.019696712
4,99457894826104,0.07563378,0.03222425,-0.03009372
10,99457900187927,0.011786461,-0.060988903,0.19409704
4,99457905076208,0.13315806,0.02876214,-0.05672533
10,99457909954958,0.09337711,-0.0026106834,0.21495914
4,99457913337250,0.2034655,0.030360037,-0.075101145
10,99457919965792,0.1898284,0.1439619,0.09880972
4,99457924866417,0.2130529,0.03089267,-0.092944324
10,99457931126052,0.22509408,0.21147728,0.0069742203
4,99457934423604,0.15686019,0.026897928,-0.10040118
10,99457939743500,0.28800893,0.34050846,-0.07225323
4,99457944591312,0.114782244,0.023702133,-0.11318435
10,99457950900427,0.29454207,0.40043736,-0.14211988
4,99457954175740,0.10066749,0.027696876,-0.1403486
10,99457959522146,0.26994085,0.25152826,-0.17002535
4,99457964506208,0.079095885,0.042876896,-0.16724652
10,99457970671365,0.18692255,0.094994545,0.050427437
4,99457973963240,0.11451593,0.04181163,-0.18295917
10,99457979298396,0.089725494,0.07215071,0.35126305
4,99457984220271,0.19201392,0.022370555,-0.19254655
10,99457990479281,-0.047743082,0.13445854,0.37592506
4,99457993681625,0.2428803,-0.011717909,-0.19520971
10,99457999096573,-0.06820917,0.15864515,0.3505373
4,99458003997823,0.30493194,-0.04234426,-0.18642128
10,99458008909646,-0.027748585,0.09795427,0.5612755
4,99458012223292,0.406931,-0.06231797,-0.15632756
10,99458017801573,-0.046019793,0.11928463,0.7135391
4,99458024173552,0.50173956,-0.051132694,-0.12117383
10,99458030278656,-0.05503249,0.25695992,0.88133717
4,99458033512094,0.5629923,-0.013315806,-0.0793622
10,99458038612875,-0.2965299,0.41881704,0.82848454
4,99458043498135,0.5470133,0.02130529,-0.016777916
10,99458049773656,-0.40064406,0.4836955,0.68815994
4,99458052983344,0.48496163,0.05139901,0.04527374
10,99458058410375,-0.30289662,0.6483035,0.38362694
2,99458063457875,-40.0,-7.0,23.0
10,99458069754906,-0.070777416,0.6842294,0.21103096
4,99458072993604,0.22796659,0.16538231,0.10679276
10,99458078220114,-0.18577433,0.5750489,-0.09879303
4,99458083080219,0.02743056,0.17044231,0.08575379
10,99458089329542,-0.42372847,0.43053675,-0.023558617
4,99458092580687,-0.05352954,0.12969595,0.00958738
10,99458097965062,-0.5857005,-0.0123381615,-0.045039177
4,99458102857823,-0.051665325,0.041545313,-0.07590009
10,99458107747354,-0.90020657,-0.68532467,-0.014118195
4,99458111111052,0.036218993,-0.05539375,-0.13289174
10,99458115024698,-0.90978336,-1.1474056,0.38571358
4,99458123140896,0.19148129,-0.13635385,-0.1667139
10,99458130742562,-0.79118,-0.9886131,0.5433569
4,99458134025583,0.31451932,-0.13901702,-0.18615496
10,99458138885531,-0.8090402,-1.0163417,0.53152657
4,99458143714073,0.27670243,-0.0479369,-0.1520665
10,99458149821260,-0.33153307,0.09538317,0.0053682327
4,99458153062875,0.128897,0.08442221,-0.071106404
10,99458156055844,-0.101689816,0.42578316,0.09395409
4,99458162833448,-0.022903185,0.30013826,0.07084008
10,99458170441260,0.04454398,0.052402973,0.0657835
4,99458173709542,-0.25965822,0.5683186,0.27510455
10,99458178790062,0.11227989,0.08930302,0.0705843
4,99458183624125,-0.4394216,0.82584625,0.46179214
10,99458189715114,0.05294919,-0.5504818,0.675581
4,99458192989698,-0.44528055,1.0061423,0.5523396
10,99458195015375,-0.13858688,-1.1226959,1.0035858
4,99458195015375,-0.43010053,1.0271813,0.57124805
4,99458201225844,-0.43382895,1.0271813,0.5834986
4,99458211257979,-0.36618465,0.9896307,0.60533655
10,99458208094698,-0.019398928,-1.339354,-0.3122363
11,99458213920948,-0.259648,0.112839,-0.644424,0.710328,3.0
4,99458220641052,-0.13129385,0.76965356,0.5142564
10,99458227927146,-0.64044046,-1.5027242,1.0580568
4,99458231142979,0.10892329,0.28362668,0.1304949
10,99458233702198,-1.4855912,-2.3789968,1.3381786
2,99458240417771,-40.0,-8.0,24.0
10,99458248354177,-1.898175,-3.0131254,0.51985264
4,99458251591989,0.13528858,-0.51771855,-0.73103774
10,99458256156469,-2.4443057,-2.3219137,-0.6576109
4,99458260905271,0.07190535,-0.57151437,-0.7848336
10,99458267520271,-2.6176357,-0.37094688,-1.4757953
4,99458270758812,-0.063116916,-0.57284594,-0.62264705
10,99458275756885,-1.6749477,1.132925,-0.87105846
4,99458280530687,-0.082558,-0.54941016,-0.5933523
10,99458287285531,-0.49795115,0.87911177,-0.2659254
4,99458290533812,-0.30999196,-0.7866978,-0.99069595
10,99458295766521,-0.13381803,-0.11582041,-0.040848732
4,99458300565896,-0.3549994,-0.9648633,-1.2112057
10,99458305681156,0.21556985,-0.5162072,0.7247095
4,99458309566416,-0.16112125,-1.2612731,-1.5560851
10,99458315333031,0.01786971,-0.45212555,0.8478012
4,99458320132666,0.20240025,-1.303351,-1.6226641
10,99458326865896,-0.27893806,-0.096477985,1.0106916
4,99458330080166,0.33795515,-1.1576761,-1.4639397
10,99458335296156,-0.29891872,1.2662241,0.99427986
4,99458340059541,0.2213087,-0.9757822,-1.2732574
10,99458346667041,-0.25566077,1.6893876,0.91094494
4,99458349907771,0.06498113,-0.8274442,-1.1041466
10,99458354840427,0.24816012,2.2597148,0.35151005
4,99458359627823,-0.07057377,-0.6801714,-0.9100022
10,99458366420219,0.23004842,2.3186564,0.110565186
4,99458369656625,-0.14061491,-0.5089301,-0.6841661
10,99458374785166,0.15723014,2.466519,-0.020100594
4,99458379576573,-0.16538231,-0.34914044,-0.43569317
10,99458386200896,-0.0400517,2.4540265,-0.12277174
4,99458389435948,-0.23622239,-0.22903186,-0.21544974
10,99458394565531,-0.10991025,2.4654305,-0.27653694
4,99458399312198,-0.36458677,-0.16831179,-0.079095885
10,99458404568969,-0.08387041,2.4279547,-0.7629285
4,99458407769906,-0.5113269,-0.113983296,0.0026631611
10,99458414218083,0.0971961,2.3845177,-1.0005488
2,99458418382406,-27.0,-4.0,16.0
10,99458425814437,0.20464253,2.1113393,-1.0143328
4,99458429057146,-0.5717807,0.056991648,0.21784659
10,99458434343552,0.038906813,1.6597722,-1.2771993
4,99458439293656,-0.4889564,0.09880328,0.29827404
10,99458445600687,0.09551144,1.2961748,-1.0792341
4,99458448844073,-0.35286885,0.11531488,0.28575718
10,99458453960583,-0.06074524,0.8791094,-0.73707294
4,99458458896468,-0.19787288,0.10945592,0.2428803
10,99458465327614,-0.14008856,0.21024609,-0.36281633
4,99458468537614,-0.08468852,0.13528858,0.23861924
10,99458473677458,-0.15765667,-0.22784853,-0.06889629
4,99458478476521,-0.014114754,0.2016013,0.2825614
10,99458485112614,-0.19936872,-0.38111782,0.06611538
4,99458488352458,-0.013582122,0.27696875,0.3320962
10,99458493489125,-0.24867058,-0.39085865,0.10434151
4,99458498280531,-0.05219796,0.34194988,0.3435478
10,99458503476104,-0.23627925,-0.2791214,0.26594305
4,99458506651208,-0.10173275,0.39468047,0.3371562
10,99458513109906,-0.13205194,-0.20799208,0.32768297
4,99458517984854,-0.16831179,0.4463458,0.34248254
10,99458524664906,0.030311346,-0.1592989,0.45103216
4,99458527890114,-0.22370553,0.51052797,0.35313517
10,99458533030948,0.17579913,-0.21416664,0.6309023
4,99458537838812,-0.30386668,0.58083546,0.36938044
10,99458544444593,0.108036995,-0.30565214,0.62153244
4,99458547697093,-0.38029942,0.5336975,0.36991307
10,99458552811208,-0.20144987,0.07538843,-0.28215313
4,99458557575323,-0.33422673,0.4362258,0.3400857
10,99458564224750,0.1580131,0.39966393,-0.9855356
4,99458567471521,-0.25832662,0.44208476,0.31664985
10,99458572600843,0.6887002,0.3056774,-1.1274142
4,99458577407562,-0.19387813,0.49960902,0.29614353
10,99458584007614,0.726881,-0.18708134,-0.21898937
4,99458587253396,-0.13156016,0.43249738,0.24660872
10,99458592417354,-0.16985679,-0.72109747,0.6938572
2,99458597249646,-35.0,-7.0,15.0
10,99458602430687,-0.74248266,-0.6368995,1.2028465
4,99458605790948,0.07962852,0.05832323,0.04926848
10,99458612009177,-0.3812709,-0.4393196,1.1211491
4,99458616846416,0.2082592,0.06578008,-0.016245283
10,99458623735948,-0.15492082,-0.6085186,1.2034707
4,99458626968500,0.21944448,0.06098639,-0.029028457
10,99458631869750,-0.32697296,-0.759428,1.3167276
4,99458636693500,0.1470065,-0.02396845,-0.045007423
10,99458643319593,-0.22844553,-0.52960443,1.338088
4,99458646565687,0.06471482,-0.071106404,-0.07456851
10,99458651693968,-0.02850318,-0.25481653,1.2692041
4,99458656531260,-2.663161E-4,-0.053263225,-0.07563378
10,99458663123812,-0.12271953,-0.21885681,1.1918645
4,99458666363448,-0.070041135,-0.036218993,-0.039414786
10,99458671501364,-0.2012124,-0.21742678,1.1989093
4,99458676319802,-0.08575379,-0.033822145,-0.0018642128
10,99458682851000,-0.09854555,-0.18643904,1.1525612
4,99458686088135,-0.0561927,-0.03435478,0.013848438
10,99458691216573,-0.083669186,-0.118257046,1.0669208
4,99458696113083,-0.032756884,-0.030626353,0.023702133
10,99458701250791,-0.21943212,-0.022378922,0.99973917
4,99458704437614,0.020772656,-0.025566347,0.06551377
10,99458710871729,-0.31104183,0.0112838745,0.8772521
4,99458715740323,0.055127434,-0.028229509,0.10892329
10,99458722406364,-0.3490908,0.12773609,0.63650846
4,99458725655531,0.054594804,-0.042876896,0.12330436
10,99458730811729,-0.3448329,0.2302432,0.4417801
4,99458735709750,0.054594804,-0.04261058,0.12197278
10,99458742183448,-0.37389207,0.22572517,0.38633394
4,99458745433916,0.047670584,-0.044208474,0.12250541
10,99458750545114,-0.43859816,0.22858381,0.38361788
4,99458755473968,0.054328486,-0.049801115,0.12436963
10,99458761962198,-0.47479916,0.24052572,0.33754444
4,99458765201677,0.070307456,-0.06844324,0.10918961
10,99458770410531,-0.60605586,0.082150936,0.32767916
2,99458775315948,-40.0,-11.0,16.0
10,99458781847927,-0.6022066,-0.012723923,0.31666422
4,99458785086208,0.0644485,-0.087085366,0.076965354
10,99458789972250,-0.5590812,-0.122590065,0.3343954
4,99458794807093,0.092145376,-0.094808534,0.073236935
10,99458800107562,-0.54055893,-0.103372574,0.32665634
4,99458803334125,0.122771725,-0.09267801,0.09134643
10,99458809811989,-0.5185367,-0.05252123,0.24072266
4,99458814663864,0.12650016,-0.0777643,0.11957593
10,99458821312302,-0.49261367,0.13907528,0.20428848
4,99458824521677,0.10519487,-0.06711166,0.13741912
10,99458829650270,-0.43745804,0.4013338,0.09669733
4,99458834487510,0.0777643,-0.06711166,0.14807177
10,99458841064958,-0.33922958,0.47033405,0.0031161308
4,99458844334906,0.033822145,-0.058589544,0.16564862
10,99458849507406,-0.3370855,0.50180817,-0.019557953
4,99458854476312,-0.0010652645,-0.04181163,0.18935075
10,99458860832614,-0.38922524,0.48386478,0.15290117
4,99458864142093,-0.010652645,-0.037550572,0.21252026
10,99458869265948,-0.37705183,0.37648392,0.24437237
4,99458874105687,-0.011984225,-0.057257965,0.23382555
10,99458880624750,-0.5678562,0.2880683,0.12647104
4,99458883927041,-0.007456851,-0.10972224,0.26072347
10,99458889068083,-0.652534,0.14482307,0.053024292
4,99458893944229,0.03009372,-0.12863068,0.28842035
10,99458899037718,-0.25513673,0.0037674904,0.06690693
4,99458902193916,0.06870956,-0.09880328,0.3190467
10,99458908645114,-0.043551683,-0.039461136,0.20490074
4,99458913533239,0.08522116,-0.07669904,0.33768883
10,99458920210062,0.020980358,-0.068573475,0.19628286
4,99458923413916,0.056459017,-0.04926848,0.33076462
10,99458928386520,0.17921591,-0.009094715,0.18917751
4,99458933245322,0.0063915867,0.018375812,0.29960564
10,99458939986208,0.25345206,-0.036103725,0.18135834
4,99458943232093,-0.039414786,0.10546118,0.27137613
10,99458948454697,0.17838407,-0.17418957,0.08095312
2,99458953377458,-40.0,-7.0,18.0
10,99458959902458,0.10105324,-0.36840296,0.023217201
4,99458963137718,-0.027696876,0.23435818,0.26232138
10,99458966064072,0.13936043,-0.6245823,0.013640404
4,99458973566729,0.00958738,0.3022688,0.29134983
10,99458981150010,0.17019701,-0.7834735,-0.14417791
4,99458984439593,0.050866377,0.37364152,0.33955306
10,99458988889020,0.21562648,-0.7762556,-0.15165949
4,99458993739802,0.10759171,0.44048685,0.39068574
10,99458998926156,0.40856314,-0.46452856,-0.041326523
4,99459002027562,0.13528858,0.49854377,0.44181845
10,99459005878552,0.46602392,-0.25623274,-0.1227293
4,99459013144229,0.101999074,0.5430186,0.46924898
10,99459020741572,0.56399727,0.018093586,-0.15052271
4,99459024074697,0.064182185,0.54275227,0.45540056
10,99459028536833,0.6241015,0.022715569,-0.16196394
4,99459033550375,0.036485307,0.4993427,0.40400153
10,99459039886260,0.47815883,0.038193703,-0.057857037
4,99459043161781,0.009853696,0.44847634,0.29800773
10,99459045141104,0.44464254,-0.033626556,0.047488213
4,99459052694697,0.02743056,0.38908786,0.15126756
10,99459060286989,0.38013053,-0.16375494,0.20250511
4,99459063554645,0.07643273,0.3358246,0.020772656
10,99459068117302,0.402457,-0.16624737,0.19592667
4,99459072992458,0.101999074,0.3073288,-0.060720075
10,99459079282927,0.20929861,-0.61959887,0.1332798
4,99459082519958,0.12996227,0.29561087,-0.104928546
10,99459085436468,0.14226091,-0.64593506,0.3248167
4,99459092628447,0.18855181,0.25965822,-0.12463594
10,99459098936729,0.09630537,-0.7761116,0.4312296
4,99459103194229,0.32943302,0.18056233,-0.1123854
10,99459105312979,0.14179516,-1.159184,0.15110779
4,99459112015374,0.4348942,0.14807177,-0.10226539
10,99459118146312,0.38508856,-1.4400797,-0.18769503
4,99459121374072,0.7390272,0.120907515,-0.045007423
10,99459126348968,0.5589789,-1.0547466,-0.39947367
2,99459131138968,-40.0,-7.0,17.0
10,99459137777770,0.49850142,-0.15360308,-0.24253178
4,99459141016572,0.808802,0.18002969,-0.043409526
10,99459146215791,0.25630867,0.5536771,-0.25401306
4,99459151000999,0.70627034,0.180296,-0.08681905
10,99459157307145,0.057058454,0.92875195,-0.20772266
4,99459160544645,0.38482678,0.17923075,-0.17576863
10,99459165993864,-0.23570788,1.2151804,0.117230415
4,99459170777562,0.08362326,0.17390442,-0.23462449
10,99459177082614,-0.45172393,1.2513392,0.23120117
4,99459180321677,-0.11664646,0.14567491,-0.23409186
10,99459185725531,-0.8606954,0.9853859,0.6652479
4,99459190471624,-0.21758026,0.10705908,-0.20586236
10,99459195502718,-0.90141255,0.9076514,0.77809715
4,99459198878499,-0.20985709,0.06391586,-0.19680761
10,99459205514333,-0.9656605,0.8936405,0.9114046
4,99459210302718,-0.13954964,0.018642128,-0.18935075
10,99459216642562,-1.0946538,0.97249794,0.88876915
4,99459219889958,-0.09534117,-0.034621093,-0.16804546
10,99459225280322,-1.142875,1.0019593,0.7470503
4,99459230056364,-0.0727043,-0.08442221,-0.14168017
10,99459236425895,-1.0747199,0.82487535,0.8139143
4,99459239671208,-0.051665325,-0.11318435,-0.109988555
10,99459245067822,-1.0890868,0.66699076,0.76133156
4,99459249844177,0.009321064,-0.1470065,-0.06870956
10,99459256239177,-1.1727332,0.67368174,0.68773174
4,99459259472614,0.10173275,-0.20426446,-0.011984225
10,99459264846937,-1.2623985,0.7435312,0.5722847
4,99459269625635,0.1717739,-0.22929817,0.055127434
10,99459275973135,-0.969123,0.8695903,0.42979813
4,99459279208343,0.18748654,-0.16192019,0.11052119
10,99459284635427,-0.66267204,0.9591327,0.6152258
4,99459289430479,0.109988555,0.011717909,0.22210763
10,99459294402406,-0.6173973,0.74504566,0.4618702
4,99459297766364,-0.06684534,0.27776772,0.42770368
10,99459303261416,-0.40007293,0.51974916,1.0851345
2,99459309814020,-37.0,-15.0,18.0
10,99459316108239,-0.42239106,0.04214716,1.5612497
4,99459319344333,-0.35446674,0.78962725,0.9890981
10,99459324259385,-0.62645817,-0.521204,0.9985752
4,99459329199697,-0.38802257,0.84555364,1.1715246
10,99459335277926,-0.06952238,0.8275299,-0.31166792
4,99459338538708,0.12410331,0.71825457,0.79415464
10,99459343987197,0.056917667,0.8129401,1.0304728
4,99459348119906,0.14727281,0.19361182,0.06178534
10,99459355094437,-1.3752787,-1.2993093,0.33238888
4,99459358326781,-0.47058058,-0.39867523,-0.4990764
10,99459363771520,-0.9930998,-0.93560123,0.12650776
4,99459368553031,-0.4511395,-0.53742594,-0.70866716
10,99459374865583,-0.7171062,-0.9383993,0.6664076
4,99459378122041,-0.11558119,-0.40506682,-0.51718587
10,99459383559333,-1.1736755,-1.4417624,0.6249237
4,99459388400531,0.22050974,-0.3536678,-0.25246766
10,99459393300583,-0.5220859,-0.7323718,-0.07974434
4,99459396648968,0.4708469,-0.35473305,-0.22956449
10,99459403337301,-0.081659436,0.8681035,-0.46079922
4,99459408129281,0.5006743,-0.3502057,-0.30013826
10,99459414419801,-0.6263579,1.5196099,-0.61246634
4,99459417656781,0.104928546,-0.4016047,-0.29880667
10,99459423114385,-0.9318131,2.0325675,-1.0419154
4,99459427854072,-0.3043993,-0.42397526,-0.25672874
10,99459432896729,-0.6182909,2.1114373,-0.7619109
4,99459436193031,-0.46472162,-0.37763625,-0.22663501
10,99459442849385,-0.5908661,1.037919,-0.075982094
4,99459447689645,-0.43569317,-0.34807515,-0.17603496
10,99459453985426,-0.60471666,0.106944084,0.44037342
4,99459457231364,-0.2428803,-0.32037827,-0.11771172
10,99459461757354,-0.4469161,-0.19071674,0.55932426
4,99459467608656,-0.024234766,-0.26019084,-0.032490566
10,99459472605426,-0.42043543,-0.0127334595,0.43847752
4,99459475823760,0.11158645,-0.1882855,0.08362326
10,99459482402718,-0.3736955,0.3078537,0.28337193
2,99459487234229,-37.0,-14.0,20.0
10,99459492160062,-0.34665632,0.56683445,-0.025547981
4,99459496091051,0.03009372,-0.119043306,0.19760656
10,99459502398343,-0.2425543,0.7334056,-0.17106438
4,99459507174176,-0.055926383,-0.114782244,0.18775286
10,99459513289072,-0.17714942,0.59262323,-0.31588364
4,99459516506624,-0.14647387,-0.11265171,0.1898834
10,99459521943135,-0.18554926,0.35087156,-0.47182035
4,99459526715114,-0.22530343,-0.11345066,0.19361182
10,99459533093135,-0.051157236,0.16526079,-0.42841673
4,99459536306989,-0.24714136,-0.10066749,0.18082865
10,99459541731468,0.059065342,-0.081193924,-0.29149103
4,99459546559697,-0.23622239,-0.10066749,0.170176
10,99459552874645,0.051902175,-0.40775013,-0.030625343
4,99459556121624,-0.13448964,-0.12783173,0.11025487
10,99459561508395,-0.057663083,-0.768168,0.26097775
4,99459566281624,-0.09347696,-0.13954964,0.081226416
10,99459572640114,0.04085195,-1.0244837,0.3176098
4,99459575889906,-0.007456851,-0.096939065,0.008522116
10,99459581330114,0.18331218,-0.8590636,0.3845768
4,99459586143135,0.028229509,-0.056991648,-0.0026631611
10,99459591052614,0.27436936,-0.62254906,0.4695959
4,99459594424281,0.11052119,0.009054748,0.014114754
10,99459601072874,0.27605426,-0.64730644,0.48768044
4,99459606015218,0.14807177,0.04873585,0.05832323
10,99459612187926,0.22882509,-0.864594,0.46941853
4,99459615431156,0.11052119,0.083889574,0.08069378
10,99459620820583,0.13031149,-0.840014,0.48783016
4,99459625765687,0.080960095,0.11345066,0.05352954
10,99459632160010,0.09682381,-0.6983862,0.4724779
4,99459635401781,0.08735169,0.1323591,0.012516857
10,99459640604645,0.32355678,-0.37675142,0.1692524
4,99459645697614,0.08522116,0.1454086,-0.025832662
10,99459651811208,0.44199133,-0.2890005,0.14573765
4,99459655019176,0.077231675,0.16431704,-0.07190535
10,99459660388968,0.58819723,-0.19451523,0.22988892
2,99459664375583,-40.0,-13.0,21.0
10,99459671599228,0.5387273,-0.2586007,0.21452618
4,99459674834801,0.017576864,0.2197108,-0.12676647
10,99459680165635,0.51096666,-0.25091553,0.3318014
4,99459685025270,0.0018642128,0.26205507,-0.120907515
10,99459689921989,0.53525543,-0.18127155,0.37619114
4,99459693323083,0.034088463,0.29987195,-0.1073254
10,99459698785687,0.5053952,-0.11737919,0.35790348
4,99459705283656,0.08149273,0.29987195,-0.10173275
10,99459711367301,0.4769826,-0.05244732,0.33985233
4,99459714601416,0.12703279,0.30253512,-0.10705908
10,99459719793239,0.6396121,-0.0073919296,0.23617268
4,99459724683291,0.12863068,0.32783514,-0.116912775
10,99459730858916,0.58152235,0.060402393,0.27454948
4,99459734154176,0.13209279,0.34248254,-0.10626013
10,99459739487249,0.22874057,0.15610695,0.55337524
4,99459744488812,0.1603223,0.32091093,-0.07749799
10,99459750612458,0.028660178,-0.118127346,0.5194912
4,99459753834020,0.1486044,0.2910835,-0.08042747
10,99459759265635,0.061393976,-0.13494015,0.51931953
4,99459764123030,0.17976338,0.2695119,-0.14088123
10,99459770409020,0.1626097,0.025844097,0.4960842
4,99459773653239,0.21172132,0.26418558,-0.19867182
10,99459779042614,0.19636393,0.017315865,0.3431282
4,99459783927614,0.18375812,0.26498455,-0.23036344
10,99459788831624,0.16491175,0.10613966,0.3230095
4,99459792196468,0.15739283,0.2559298,-0.252734
10,99459797729385,0.031380773,0.17203331,0.34696388
4,99459804242510,0.15393071,0.22903186,-0.262854
10,99459810314697,-0.016851187,0.124754906,0.46412945
4,99459813531520,0.17630127,0.2066613,-0.26178873
10,99459816458760,-0.23232937,0.1271491,0.65087795
4,99459823997926,0.22556975,0.19121496,-0.24820662
10,99459831600999,-0.29512167,0.37133694,0.66677
4,99459834836103,0.28336033,0.1949434,-0.21411815
10,99459839663291,-0.2889365,0.33731508,0.6453619
2,99459844592562,-39.0,-19.0,21.0
10,99459850942197,-0.24309182,1.028697,0.3710823
4,99459854270999,0.3139867,0.21038973,-0.09241169
10,99459859068395,-0.13432145,1.2130473,0.13124752
4,99459863965583,0.25699505,0.24873926,0.01304949
10,99459870056780,-0.21605659,1.1305659,0.24851227
4,99459873291364,0.20133498,0.30599722,0.17044231
10,99459876270218,-0.84334034,0.30216742,0.5142689
4,99459883708187,0.0644485,0.37816888,0.3685815
10,99459890065010,-1.2515368,-0.53057194,0.7620106
4,99459894532822,-0.038615838,0.4908206,0.54142064
10,99459899193708,-1.4205282,-0.9504657,0.86657524
4,99459904047770,-0.06178534,0.67990506,0.70653665
10,99459910134801,-1.2351825,-1.2727084,1.3216143
4,99459913376989,-0.05672533,0.8426242,0.8796421
10,99459916213655,-1.3740462,-1.0284996,1.4078054
4,99459923069749,-0.0127831735,0.7773767,0.95208013
10,99459930646468,-1.4851277,0.30029345,0.68233013
4,99459933946572,0.26338664,0.41039312,0.73157036
10,99459936825530,-1.4851277,0.30029345,0.68233013
4,99459941585478,0.46365637,-0.111852765,0.14301175
10,99459948587874,-2.6110263,-0.08523035,1.1747093
4,99459951834072,-0.22929817,-0.59228706,-0.44501424
10,99459956997041,-2.5334198,-0.42005825,-0.39613724
4,99459961859697,-0.5605954,-0.7025419,-0.6045376
10,99459968368083,-1.8877985,0.41776848,-0.021966934
4,99459971607093,-0.5523396,-0.69987875,-0.41944787
10,99459976798343,-1.4114375,0.17247343,0.012179375
4,99459981555530,-0.32623723,-0.69961244,-0.31292143
10,99459986780895,-0.6046264,-0.8718209,-0.2009592
4,99459989961520,0.124902256,-0.7374293,-0.30626354
10,99459996419749,-0.5051697,-1.0996203,-0.1453495
4,99460001311103,0.24580978,-0.7797736,-0.45726478
10,99460007926989,-1.079553,0.03842354,-0.07057762
4,99460011182405,0.052464273,-0.6447513,-0.4101268
10,99460016178343,-0.69813573,1.0790858,-0.21495628
2,99460020991468,-33.0,-18.0,25.0
10,99460027723864,-0.48017973,1.1052332,-0.38693762
4,99460030953968,-0.28575718,-0.31505197,-0.21944448
10,99460036013707,-0.14167619,1.0434909,-0.5061002
4,99460040424697,-0.35553202,-0.20399815,-0.21997711
10,99460047482822,-0.24899113,1.0382814,-0.527524
4,99460050731780,-0.24474451,-0.18242654,-0.20479709
10,99460055950062,-0.36878443,0.52275705,-1.0395536
4,99460060748499,-0.19041602,-0.1419465,-0.09187906
10,99460067260947,-0.27704668,0.6893959,-1.016736
4,99460070513291,-0.1371528,-0.06897587,0.026365295
10,99460075725270,-0.20327842,1.4005773,-0.9204898
4,99460080479280,-0.124902256,-0.025300032,0.099069595
10,99460085592405,-0.22855926,1.4625249,-0.93764496
4,99460088860947,-0.2082592,-0.011984225,0.14434333
10,99460095315218,-0.32029772,1.3560207,-0.8490114
4,99460100201260,-0.30253512,-0.027963191,0.18455707
10,99460106827614,-0.25306344,0.9709072,-0.74899006
4,99460110060947,-0.2958772,-0.017576864,0.2213087
10,99460115058655,-0.09152138,0.6831784,-0.71123075
4,99460119899697,-0.21252026,0.010918961,0.257794
10,99460126593968,-0.10046339,0.77706814,-0.5702362
4,99460129824957,-0.10705908,0.02876214,0.28122982
10,99460135009124,-0.058461547,0.78279066,-0.40666294
4,99460139812041,-0.095074855,0.02609898,0.28122982
10,99460146370791,-0.084858656,0.5469651,-0.23975849
4,99460149624020,-0.16271915,-0.01438107,0.27350664
10,99460154774957,-0.3646202,0.056919098,-0.04474449
4,99460159625895,-0.23062976,-0.06950851,0.25832662
10,99460166140218,-0.43989754,-0.32542133,0.25366116
4,99460169386989,-0.21331921,-0.08575379,0.23355924
10,99460174526885,-0.26620483,-0.42514372,0.4238062
4,99460179372874,-0.12996227,-0.06844324,0.22423817
10,99460184500687,-0.17219329,-0.37603664,0.45339012
4,99460187748812,-0.08681905,-0.055926383,0.221575
10,99460194244541,-0.09913194,-0.19185781,0.46700668
2,99460199087874,-34.0,-12.0,20.0
10,99460205709801,-0.08809698,0.025241852,0.42319393
4,99460208949749,-0.1784318,-0.11984225,0.17044231
10,99460214129176,-0.23142564,0.09112787,0.27510643
4,99460218912926,-0.23675503,-0.15233281,0.1587244
10,99460225494749,-0.19697964,0.06405449,0.28198338
4,99460228729853,-0.24501082,-0.15686019,0.14620754
10,99460233897509,-0.13310874,-0.17145014,0.46308804
4,99460238869489,-0.22610238,-0.16831179,0.12969595
10,99460245302041,-0.11117327,-0.27185965,0.61967564
4,99460248511937,-0.1898834,-0.19441076,0.104928546
10,99460253651728,0.0072977543,-0.16807461,0.7193203
4,99460258481989,-0.15393071,-0.2066613,0.079095885
10,99460265056103,0.091002464,0.016798496,0.7756405
4,99460268290687,-0.17097494,-0.20453078,0.083889574
10,99460273509384,-0.18241465,0.17248106,0.69008446
4,99460278368499,-0.2444782,-0.24367924,0.09933591
10,99460283468447,-0.56150657,0.27176762,0.49555492
4,99460286618291,-0.29214877,-0.30706248,0.1041296
10,99460292226155,-0.56707937,0.11192989,0.26811886
4,99460297877041,-0.2905509,-0.3371562,0.092145376
10,99460304646207,-0.19629133,-0.022677422,0.34704113
4,99460307882562,-0.21092236,-0.340352,0.06551377
10,99460313047822,0.10806298,0.0131492615,0.525362
4,99460317838655,-0.12197278,-0.34780884,0.047137953
10,99460324382770,0.2871579,0.047787666,0.6101942
4,99460327622978,-0.09640643,-0.34434673,0.047137953
4,99460336774541,-0.14274544,-0.31318775,0.05539375
10,99460343736259,0.42049205,-0.097127914,0.60306644
4,99460346920374,-0.19520971,-0.25353295,0.055926383
10,99460352159332,0.54903674,-0.30126,0.59054995
4,99460357523864,-0.1949434,-0.17576863,0.043942157
10,99460363668239,0.53707826,-0.48606968,0.4782095
4,99460366752718,-0.13954964,-0.08974853,0.042876896
10,99460371979332,0.5722989,-0.5806055,0.54679537
2,99460378003082,-39.0,-8.0,17.0
10,99460383004176,0.5394467,-0.553071,0.56839514
4,99460383004176,-0.041545313,-0.03488741,0.057257965
11,99460383004176,-0.275382,0.141991,-0.666451,0.678118,3.0
4,99460386218343,0.034088463,-0.03914847,0.04447479
10,99460391769489,0.56637025,-0.3890891,0.44374704
4,99460396360947,0.056991648,-0.046339005,0.024501082
10,99460403255999,0.6633744,-0.15587997,0.23513031
4,99460406345634,0.061519023,-0.025566347,-0.040746365
10,99460411498395,0.6226952,-0.02959299,0.18610811
4,99460416147978,0.041279,-0.015180019,-0.052464273
10,99460423043030,0.5105418,0.039909363,-0.042798042
4,99460426133291,-0.015446335,-0.025300032,-0.08335695
10,99460431354801,0.62479365,-0.025168419,-0.030909061
4,99460436028759,-0.07536746,-0.018908445,-0.13289174
10,99460442851468,0.69616425,-0.15493488,-0.005616665
4,99460445927926,-0.11638014,0.028495824,-0.18269286
10,99460451032509,0.67205846,-0.6292825,0.34652996
4,99460455729176,-0.10652645,0.07643273,-0.20692763
10,99460461644489,0.63248575,-0.71352243,0.4782281
4,99460464878395,-0.009853696,0.11424961,-0.19867182
10,99460470820374,0.5732033,-0.7883601,0.5080409
4,99460476753186,0.09880328,0.15792546,-0.18216023
10,99460481789541,0.5343517,-0.72174263,0.34370136
4,99460484773082,0.18109496,0.19947077,-0.17896444
10,99460490593447,0.48296785,-0.38697815,0.33859968
4,99460495331416,0.20905815,0.22556975,-0.16724652
10,99460502118811,0.2798736,-0.042266846,0.2642188
4,99460505205582,0.18642128,0.2247708,-0.14940333
10,99460510377926,0.102006316,0.18729782,0.08816624
4,99460515038759,0.12863068,0.21571605,-0.14487597
10,99460521881468,0.0056318045,0.32568026,0.011070728
4,99460524980270,0.06524745,0.20133498,-0.15286545
10,99460529828447,-0.1648289,0.41345835,0.01843977
4,99460534693759,0.021837922,0.16431704,-0.1555286
10,99460541981468,-0.32383204,0.37451553,0.1264
4,99460545343811,0.010918961,0.10626013,-0.16192019
10,99460550236884,-0.32703292,0.28778172,0.28813696
2,99460555076884,-39.0,-9.0,17.0
10,99460561729593,-0.3943131,0.1583476,0.46568823
4,99460564972041,0.07243799,0.046871636,-0.18535602
10,99460570104072,-0.5522747,-0.021461487,0.56248
4,99460574950218,0.095074855,0.033289514,-0.17070863
10,99460580058447,-0.7000377,-0.046266556,0.55817175
4,99460583300218,0.08841695,0.01571265,-0.14966966
10,99460589775791,-0.7981521,0.0050783157,0.43322802
4,99460594667822,0.063116916,-0.012250541,-0.13528858
10,99460601249332,-0.717587,0.16806698,0.1280942
4,99460604532197,0.047670584,-0.01917476,-0.13448964
10,99460609455478,-0.5469521,0.34515333,0.11509657
4,99460614354905,0.041012682,-0.021038974,-0.133957
10,99460621031832,-0.59142303,0.35085917,0.2200141
4,99460624338343,0.00479369,-0.041279,-0.1323591
10,99460629497093,-0.5827943,0.31672907,0.30124617
4,99460634470478,-0.03914847,-0.051931642,-0.13795175
10,99460640785947,-0.5771388,0.26978874,0.299088
4,99460644090270,-0.07962852,-0.047404267,-0.12463594
10,99460649263395,-0.6075592,0.20239401,0.274827
4,99460654168551,-0.08335695,-0.04314321,-0.08655274
10,99460660588238,-0.63197196,0.19755697,0.18107891
4,99460663835009,-0.04873585,-0.04527374,-0.061252706
10,99460666729176,-0.49550247,0.20713377,0.12840652
4,99460674848603,-0.0063915867,-0.040746365,-0.0561927
10,99460681228291,-0.448308,0.2478962,0.11646128
4,99460685811936,0.016245283,-0.03009372,-0.05219796
10,99460689451936,-0.4328878,0.3001442,0.15613174
4,99460694290634,2.663161E-4,-0.011451593,-0.033289514
10,99460700531884,-0.41706657,0.3356886,0.1489191
4,99460703754488,-0.03568636,0.012250541,-0.009321064
10,99460706703811,-0.40748715,0.2016182,0.15610218
4,99460713982405,-0.060720075,0.037284255,0.013582122
10,99460721535686,-0.41842866,0.04383135,0.22546148
4,99460724810686,-0.03888215,0.05832323,0.022104237
10,99460729320738,-0.34678018,0.027878761,0.2523389
2,99460734440843,-37.0,-14.0,19.0
10,99460740745061,-0.37186944,0.019731045,0.21143293
4,99460744050166,0.05566007,0.087618,0.014913702
10,99460746892457,-0.44608974,0.017336845,0.16354895
4,99460753725895,0.041545313,0.08681905,0.00479369
10,99460761335322,-0.44451153,0.067383766,0.18229103
4,99460764587301,0.01304949,0.07536746,-0.010918961
10,99460769027301,-0.43735206,0.067383766,0.18066645
4,99460773980270,-0.014114754,0.05672533,-0.02263687
10,99460779048916,-0.4948734,0.11210728,0.13999224
4,99460782154124,-0.018642128,0.047137953,-0.03355583
10,99460786059749,-0.4613546,0.06901169,0.27167273
4,99460793213759,0.0018642128,0.0396811,-0.050333746
10,99460800757249,-0.4389825,0.018229485,0.43047762
4,99460804080843,0.026897928,0.027164243,-0.054328486
10,99460806947457,-0.4389825,0.018229485,0.43047762
4,99460811726155,0.036751624,0.023435818,-0.04447479
10,99460818618551,-0.3856305,0.13956785,0.28454113
4,99460821829593,0.036751624,0.033289514,-0.033822145
10,99460827257666,-0.35624766,0.28129768,0.28866673
4,99460832215738,0.036751624,0.037550572,-0.023169503
10,99460838399593,-0.31360805,0.34806347,0.35425472
4,99460841634905,0.008522116,0.0479369,0.0037284256
10,99460847038915,-0.2888912,0.3270812,0.34352303
4,99460851874593,-0.008522116,0.048469532,0.012250541
10,99460858176051,-0.35128605,0.30407667,0.30080223
4,99460861419332,-0.031158986,0.046871636,0.019707393
4,99460877344228,-0.033289514,0.046339005,0.023169503
4,99460880880530,-0.021837922,0.043942157,0.019973708
10,99460887214280,-0.31545377,0.1930294,0.38510036
4,99460891117718,0.011717909,0.043675844,0.015978966
10,99460894891259,-0.30824304,0.13926983,0.48386097
4,99460899768030,0.022104237,0.050600063,0.023435818
10,99460906408343,-0.32867384,0.11575842,0.3878641
2,99460910349645,-37.0,-15.0,19.0
10,99460916037353,-0.3408047,0.19399738,0.4121437
4,99460920803447,-0.019441076,0.047670584,0.043942157
10,99460927591728,-0.40020692,0.17905521,0.23931026
4,99460932372093,-0.0034621095,0.035952676,0.031158986
10,99460936070895,-0.21938694,0.094705105,0.41161346
4,99460939307040,0.012516857,0.03435478,0.022370555
10,99460947382509,-0.21273494,0.0654788,0.46781635
4,99460952192093,0.033822145,0.019441076,0.015978966
10,99460955853447,-0.30486906,0.0029945374,0.55145645
4,99460959125790,0.02396845,0.0015978967,0.018109497
10,99460967153759,-0.33814847,0.015214443,0.5039568
4,99460972000113,0.017044231,-0.015446335,0.020772656
10,99460975661832,-0.3504839,0.052773,0.26838398
4,99460980489645,-2.663161E-4,-0.04580637,0.007190535
10,99460985598759,-0.25486147,0.086504936,0.24992275
4,99460990511363,0.0077231675,-0.061252706,-0.020240024
10,99460994284801,-0.0654273,0.023747921,0.3468399
4,99460999043082,0.01571265,-0.076166406,-0.04580637
10,99461006717457,-0.09582806,-0.03330946,0.46714306
4,99461011560582,0.010120012,-0.09347696,-0.058589544
10,99461015224332,-0.1757412,0.007596493,0.47275543
4,99461018466103,0.0029294773,-0.09773801,-0.0561927
10,99461026499332,-0.19865835,-0.043925762,0.44320774
4,99461030572040,0.011185277,-0.08575379,-0.039947417
10,99461034938915,-0.17983794,-0.06391573,0.3778057
4,99461038177613,0.019973708,-0.07882957,-0.025832662
10,99461046258811,-0.19790232,0.001786232,0.23035812
4,99461051042249,0.018908445,-0.08069378,-0.015446335
10,99461054832561,-0.15585399,0.1673708,0.23085213
4,99461058072040,0.0034621095,-0.076166406,-0.014913702
10,99461066034905,-0.14951658,0.3113699,0.15227604
4,99461070811832,-0.043942157,-0.0727043,-0.012250541
10,99461074543290,-0.32816768,0.39380884,0.12325764
4,99461079332822,-0.09347696,-0.09347696,-0.005060006
10,99461084458030,-0.4513377,0.2706895,0.1598463
2,99461088338238,-35.0,-12.0,19.0
10,99461094233551,-0.4955604,0.14798498,0.024116516
714,99461097508811,-0.07137272,-0.13768543,-0.017044231
11,99461104483707,-0.269542,0.14191,-0.691839,0.65465,3.0
4,99461108444540,-0.02130529,-0.1206412,-0.007456851
10,99461113140634,-0.35603774,0.13201046,0.07899618
4,99461117866780,0.0034621095,-0.1073254,-0.008255799
10,99461125122874,-0.30025804,0.27504683,0.1452756
4,99461129761624,-0.0015978967,-0.10546118,-0.01304949
10,99461133415426,-0.24991453,0.21988773,0.02293253
4,99461137993967,-0.03781689,-0.100933805,-0.01304949
10,99461144899592,-0.13109934,0.19881535,-0.106753826
4,99461149495686,-0.04580637,-0.0727043,-0.008522116
10,99461153024853,-0.05419004,0.19121075,-0.10400152
4,99461157616988,-0.040746365,-0.044208474,0.013315806
10,99461164670530,-0.031521678,0.13104153,-0.089957714
4,99461169287561,-0.0396811,-0.030626353,0.026897928
10,99461172889592,0.017055511,0.12620497,-0.090557575
4,99461177485895,-0.036218993,-0.028229509,0.026365295
10,99461183278030,0.055961967,0.11211252,-0.21780205
4,99461187968811,-0.05273059,-0.010120012,0.029028457
10,99461192683186,0.1928488,0.16781092,-0.21067095
4,99461197280426,-0.0561927,0.0018642128,0.034088463
10,99461204250426,0.1885786,0.22829866,-0.09639406
4,99461208840790,-0.05566007,0.019441076,0.051665325
10,99461212316728,0.19111156,0.11187935,0.043920994
4,99461216954540,-0.063116916,0.017310547,0.05139901
10,99461224001884,0.2341609,-0.02468729,0.12778664
4,99461228584749,-0.06844324,0.027963191,0.044208474
10,99461232095270,0.2391845,-0.08641386,0.10667229
4,99461236676467,-0.05885586,0.03089267,0.04447479
10,99461243788655,0.19034278,-0.08673239,0.089494705
4,99461248466103,-0.03089267,0.053795855,0.05219796
10,99461251936311,0.13877058,-0.14817572,0.116443634
4,99461256537249,-0.025033714,0.05885586,0.050333746
10,99461263567197,0.08674562,-0.20538473,0.17368364
2,99461268235061,-36.0,-12.0,18.0
10,99461272364228,-0.108613014,-0.2890458,0.32174826
4,99461276969228,-0.037284255,0.054594804,0.0127831735
10,99461282149905,-0.13324559,-0.22702026,0.29998446
4,99461286107717,-0.040213734,0.05885586,-0.012516857
10,99461290900842,-0.10582209,-0.1416893,0.3329954
4,99461295546624,-0.046339005,0.05965481,-0.029827405
10,99461302142978,-0.21733427,-0.110649586,0.26121855
4,99461306425634,-0.05912218,0.05139901,-0.040480047
10,99461310663603,-0.322353,-0.17534733,0.5176368
4,99461315673603,-0.06178534,0.03435478,-0.056991648
10,99461323150217,-0.44666922,-0.24496222,0.56810474
4,99461327941363,-0.024234766,0.0061252704,-0.08016115
10,99461332115999,-0.57093453,-0.1805892,0.5886769
4,99461335325634,0.0,0.0063915867,-0.08868326
10,99461342918655,-0.5130571,-0.1090107,0.59449244
4,99461347698655,0.046339005,0.017576864,-0.100933805
10,99461351361832,-0.45037627,0.06675053,0.6265774
4,99461354636572,0.04314321,0.017310547,-0.09880328
10,99461362707717,-0.4667027,0.13175058,0.60555744
4,99461367491728,0.029827405,-2.663161E-4,-0.09667275
10,99461371149280,-0.4321828,0.25058603,0.5283251
4,99461376064488,0.013848438,-0.006657903,-0.09827065
10,99461381149749,-0.40980935,0.25558567,0.48540735
4,99461385039124,0.020506341,0.010652645,-0.07590009
10,99461390723186,-0.39901352,0.2865281,0.45592642
4,99461394172665,0.029294772,0.03089267,-0.040746365
10,99461402246051,-0.36626244,0.35756397,0.4349432
4,99461407073030,0.032490566,0.04261058,-0.017044231
10,99461410718863,-0.27451396,0.4666605,0.42300987
4,99461414010009,0.034088463,0.06364955,-0.006924219
10,99461422033915,-0.28354037,0.4308362,0.37063503
4,99461426879019,0.020240024,0.07536746,0.0077231675
10,99461430581155,-0.3385408,0.434474,0.31142998
4,99461433825322,0.031158986,0.08495484,0.025566347
10,99461441827197,-0.29424942,0.38785553,0.23762465
2,99461446599905,-35.0,-13.0,19.0
10,99461450847978,-0.22482479,0.36917114,0.2061019
4,99461454159072,0.054328486,0.11371698,0.0479369
10,99461461588915,-0.21345174,0.36715364,0.19087839
4,99461466371780,0.038615838,0.12357068,0.055926383
10,99461470024332,-0.2496022,0.38621712,0.033255577
4,99461474887769,0.010652645,0.12996227,0.049801115
10,99461479984332,-0.16806877,0.48862648,-0.0033979416
4,99461484169280,-0.01438107,0.13954964,0.04234426
10,99461489620999,-0.24844909,0.4614172,-0.029253483
4,99461493071832,-0.025300032,0.14647387,0.038083203
10,99461501137665,-0.18382645,0.2765622,0.11538553
4,99461505991155,-0.011717909,0.1555286,0.020240024
10,99461509765426,-0.06841874,0.13635254,0.24020386
4,99461513177249,0.0015978967,0.180296,0.011185277
10,99461520925738,-0.13300765,0.09322643,0.14360857
4,99461524924801,0.012516857,0.20453078,0.012250541
10,99461529090113,-0.13277662,0.08363438,0.1733799
4,99461532611103,0.012516857,0.2197108,0.026365295
10,99461540683551,-0.2028271,0.0037045479,0.041059494
4,99461545541467,0.007989483,0.20479709,0.033289514
10,99461549195478,-0.22428572,0.024285793,-0.09088564
4,99461552441988,0.03195793,0.18695392,0.03089267
10,99461560460738,-0.09763718,0.061282635,-0.094790936
4,99461565337769,0.05912218,0.17630127,0.02956109
10,99461569043967,-0.038164854,0.073943615,0.028755188
4,99461573953394,0.06338324,0.16724652,0.03568636
10,99461579016051,-0.16695714,0.16520691,0.24285412
4,99461582818446,0.02396845,0.13528858,0.036751624
10,99461587100999,-0.2962401,0.23703384,0.33144093
4,99461593232457,-0.033023197,0.12516858,0.0314253
10,99461601336936,-0.2712797,0.11982584,0.38782692
4,99461606120790,-0.07456851,0.13821806,0.03355583
10,99461609776311,-0.25763023,0.12722683,0.3900528
4,99461612994488,-0.0727043,0.14780544,0.041545313
10,99461619793811,-0.18420315,-0.2873478,0.5164232
2,99461624683446,-36.0,-14.0,18.0
10,99461628908290,-0.026459336,-0.17757654,0.5891876
4,99461632131519,0.018375812,0.19281286,0.020240024
10,99461639574228,-0.09689927,-0.016467571,0.4268818
4,99461644477196,0.02609898,0.2000034,0.024234766
10,99461646584540,-0.18069446,0.057748318,0.3646307
4,99461652844801,0.012516857,0.18642128,0.027963191
10,99461659159749,-0.20471275,0.073803425,0.29143238
4,99461664021259,-0.034088463,0.13422333,0.04234426
10,99461668608863,-0.25704598,0.035077572,0.35215378
4,99461673474488,-0.023702133,0.104928546,0.052996907
10,99461679822561,-0.28721797,-0.004556656,0.53090477
4,99461684290999,0.0127831735,0.0777643,0.059388492
10,99461686379696,-0.32072997,-0.057219505,0.5117569
4,99461692453603,0.027164243,0.061519023,0.054594804
10,99461698702926,-0.30149806,-0.07713413,0.55968
4,99461703592457,0.05912218,0.025832662,0.009054748
10,99461708182196,-0.10281503,-0.09184694,0.37974644
4,99461711392092,0.05752428,0.018908445,-0.004527374
10,99461718492978,-0.073104024,-0.0837512,0.3338375
4,99461723393030,0.03834952,0.019973708,0.0029294773
10,99461727986415,-0.054062605,-0.1373744,0.3986292
4,99461731229488,0.03169162,0.018375812,0.009321064
10,99461738267457,-0.09150076,-0.16067839,0.40924835
4,99461743116155,0.032490566,-0.0015978967,0.0015978967
10,99461747731988,-0.06043315,-0.1901226,0.37047005
4,99461750985113,0.04234426,0.0013315806,-0.009054748
10,99461758048863,-0.057187676,-0.22982502,0.33629894
4,99461762942978,0.058056913,0.0026631611,-0.021837922
10,99461766609540,-0.15948188,-0.20136166,0.30130672
4,99461771408811,0.06098639,7.9894834E-4,-0.021038974
10,99461776388394,-0.16346085,-0.16399622,0.23949242
4,99461780528030,0.06364955,-2.663161E-4,-0.03089267
10,99461786475478,-0.079971194,-0.113283634,0.3088913
4,99461789749019,0.06098639,0.004261058,-0.04926848
10,99461797611207,-0.033680916,-0.07237244,0.21557903
2,99461802467873,-36.0,-15.0,20.0
10,99461806754801,0.0035681725,0.026034832,0.16768456
4,99461810003498,0.048469532,0.04314321,-0.028229509
10,99461817356155,0.019063473,0.01258707,0.18686676
4,99461822210946,0.052464273,0.06737798,0.007190535
10,99461825869957,-0.03063786,0.01857996,0.2269907
4,99461830636363,0.06338324,0.08282431,0.05006743
10,99461837159540,-0.13800657,0.03162384,0.23742676
4,99461841946884,0.066046394,0.09454222,0.094808534
10,99461846565582,-0.29806864,0.09963465,0.23734093
4,99461849813759,0.07483483,0.11345066,0.13502227
10,99461856942040,-0.27305532,0.22015285,0.10729885
4,99461861798863,0.08229168,0.14594123,0.170176
10,99461866383498,-0.15168548,0.41150427,-0.0215168
4,99461871161519,0.08069378,0.16724652,0.19148129
10,99461876186363,-0.15857005,0.5020561,-0.05050659
4,99461879979384,0.055127434,0.15952335,0.18402444
10,99461885529280,-0.18444943,0.5508113,-0.04746723
4,99461888782717,0.042077947,0.14114754,0.13848437
10,99461896497613,-0.13513231,0.6427455,0.013817787
4,99461901355165,0.043942157,0.13768543,0.08042747
10,99461905062144,-0.20142257,0.52185583,-0.05582428
4,99461908371311,0.016777916,0.14088123,0.054062173
10,99461916275738,-0.32788694,0.2552247,-0.06133747
4,99461921088863,-0.00958738,0.13848437,0.048469532
10,99461924749592,-0.3893559,0.11107063,0.09296799
4,99461928686311,0.0037284256,0.12516858,0.043675844
10,99461936058551,-0.3516667,-0.018280983,0.120931625
4,99461940825269,0.03914847,0.11851067,0.03914847
10,99461944526467,-0.28900075,-0.07588625,0.13314438
4,99461949283134,0.086020105,0.12623383,0.045007423
10,99461955823030,-0.27607083,-0.1301279,0.27921677
4,99461960686623,0.12836437,0.13848437,0.0628506
10,99461964417248,-0.3540424,-0.19268084,0.39146137
4,99461969181467,0.14434333,0.14301175,0.07829694
10,99461974182144,-0.47499222,-0.17351294,0.4947958
2,99461978334071,-35.0,-17.0,21.0
10,99461984252821,-0.48038155,-0.08334112,0.4874153
4,99461987508082,0.14061491,0.14008227,0.058056913
10,99461995388863,-0.41823053,-0.017393112,0.4562683
4,99462000222353,0.13315806,0.14274544,0.03488741
10,99462003919175,-0.26757658,0.0627718,0.41827965
4,99462007273915,0.12117383,0.14061491,0.008255799
10,99462015157665,-0.1982851,0.23130131,0.34464073
4,99462019987769,0.10945592,0.12996227,-0.022903185
10,99462023797457,-0.18176842,0.30660343,0.27630234
4,99462027060478,0.07989483,0.11824436,-0.039947417
10,99462035066571,-0.24539399,0.0806427,0.39911747
4,99462039823967,0.058056913,0.09560748,-0.040480047
10,99462043557769,-0.33615506,-0.17321825,0.55049324
4,99462046830582,0.06471482,0.08229168,-0.042876896
10,99462054711155,-0.30991203,-0.20364141,0.66532326
4,99462059551832,0.1818939,0.046871636,-0.06338324
10,99462063248030,-0.21051729,-0.118914604,0.5870533
4,99462068076207,0.22077605,0.044208474,-0.06737798
10,99462073066207,-0.21773279,-0.08819866,0.4763441
4,99462077195373,0.24367924,0.040213734,-0.06524745
10,99462083141936,-0.210765,-0.03045702,0.5178709
4,99462086419592,0.2298308,0.02876214,-0.06551377
10,99462094280738,-0.24038815,-0.063061714,0.458539
4,99462099119957,0.170176,0.005060006,-0.07403588
10,99462102825946,-0.2363087,-0.14685774,0.3541479
4,99462106168915,0.15419704,-0.0018642128,-0.07456851
10,99462114057509,-0.13131797,-0.11178112,0.33486652
4,99462118874175,0.16085494,0.02396845,-0.081226416
10,99462122553446,0.07137883,0.22304535,0.19476986
4,99462125940894,0.16591494,0.02876214,-0.084155895
10,99462133826832,0.05218315,0.28923178,0.068657875
4,99462138611884,0.116912775,0.018908445,-0.09720538
10,99462143234800,-0.053589463,0.3440709,-0.09139252
4,99462146456884,0.08522116,0.011185277,-0.10626013
10,99462153606988,-0.13680315,0.31819773,-0.13289356
2,99462158388082,-32.0,-17.0,23.0
10,99462162608030,-0.19353116,0.1570878,-0.13348866
4,99462167378082,0.02956109,-0.022903185,-0.1536644
10,99462172281207,-0.20679975,0.100697994,-0.14851665
4,99462176107665,0.094009586,-0.04873585,-0.16005598
10,99462182029592,-0.23343384,0.13706875,-0.076794624
4,99462185305946,0.21331921,-0.08335695,-0.17230652
10,99462193215165,-0.07910645,0.32213736,-0.07635021
4,99462197993394,0.30280143,-0.0727043,-0.17710021
10,99462202615009,-0.28888798,0.73962164,-0.056462288
4,99462205825269,0.2910835,-0.07137272,-0.16458336
10,99462212939071,-0.3885358,0.81360483,-0.024049759
4,99462217833342,0.2263687,-0.08229168,-0.14114754
10,99462222456519,-0.13789713,0.65661097,0.18719196
4,99462225675113,0.17443706,-0.0396811,-0.13954964
10,99462232717144,0.054234147,0.5429921,0.28604698
4,99462237553707,0.13342437,0.12783173,-0.09986854
10,99462242141675,0.018487215,0.42070532,0.04737854
4,99462245383238,0.06258429,0.4034689,0.072970614
10,99462252503134,-0.024924755,0.45473146,0.116755486
4,99462257275321,-0.041012682,0.7707188,0.39521313
10,99462261868915,0.24603689,0.38537645,0.8134537
4,99462266653498,-0.08575379,1.0847056,0.788562
10,99462271552300,-0.10319489,-0.14310312,1.1208763
4,99462275374748,-0.043942157,1.1877699,1.2197278
10,99462281113342,-0.47919688,-0.6664243,0.75445366
4,99462284407769,0.0974717,0.9936254,1.4562165
10,99462292041259,-0.50295216,0.06928873,0.36521912
4,99462296879123,0.61625546,0.598146,1.0226538
10,99462301503655,-1.4481274,0.07417059,2.105053
4,99462304718186,0.46339005,0.11318435,0.23409186
10,99462311823238,-2.483908,-0.1516223,1.29459
4,99462316639540,-0.30040458,-0.18455707,-0.27483824
10,99462321312509,-3.237936,0.3901024,2.0351334
4,99462324543707,-0.8524779,-0.37630466,-0.3406183
10,99462331600165,-3.2055173,-0.19727373,2.1590872
2,99462336441571,-32.0,-19.0,24.0
10,99462340691311,-1.533648,-1.5268259,0.6608944
4,99462343988030,-0.61891866,-0.6466155,-0.5747102
10,99462351440477,-0.55858725,-1.5200162,-0.5113821
4,99462356220842,-0.04181163,-0.6937535,-0.63250077
10,99462360806467,-0.83286446,-0.30075026,-1.064786
4,99462365694852,0.34408042,-0.7488809,-0.58030283
10,99462370599800,-1.2576792,0.6577029,-1.7350082
4,99462374434644,0.12410331,-0.83942837,-0.5411543
10,99462377918029,-1.3175364,1.9146631,-1.7541599
4,99462384442873,-0.21571605,-0.9733854,-0.61838603
10,99462392455217,-0.9969105,2.0624213,-1.0446062
4,99462397232925,-0.4759069,-1.0471549,-0.7451525
10,99462401865582,-1.1176331,2.0969372,-1.0052176
4,99462405095009,-0.6106629,-1.0508834,-0.78323567
10,99462411003238,-1.0317941,-0.0999465,0.36996555
4,99462415917196,-0.43729106,-0.9986854,-0.7238472
10,99462420497040,-1.1019055,-0.42957115,0.6979914
4,99462423736779,-0.13022858,-0.8737832,-0.593086
10,99462430473186,-0.85647166,-0.35233164,0.43914795
4,99462435368186,0.09134643,-0.7054714,-0.41518682
10,99462439979332,-0.6669477,0.29523516,0.06613922
4,99462443215790,0.17204021,-0.57311225,-0.24527714
10,99462450307509,-0.586393,1.0214348,-0.38550282
4,99462455159227,0.07084008,-0.49135324,-0.1206412
10,99462459778186,-0.36456,1.4350207,-0.7563505
4,99462464771571,-0.1571265,-0.42424157,-0.050333746
10,99462469713759,-0.24967647,1.592552,-0.8483062
4,99462473510425,-0.3552657,-0.37044573,0.009054748
10,99462476823654,-0.16109991,1.436919,-0.70944643
4,99462483446623,-0.4167847,-0.34141725,0.043675844
10,99462491324071,-0.019297123,1.2548156,-0.4679427
4,99462496091102,-0.46232477,-0.2514024,0.16777915
10,99462500656779,-0.03230667,1.2932982,-0.4397931
4,99462503940738,-0.41785,-0.22849922,0.26312032
10,99462510130686,-0.19541705,0.7343726,-0.5936065
2,99462515075790,-27.0,-12.0,21.0
10,99462517230061,-0.30795765,0.7152214,-0.38530684
4,99462521865529,-0.2892193,-0.2593919,0.34408042
10,99462529565425,-0.3297783,0.7858596,-0.29052877
4,99462534465425,-0.09374327,-0.2974751,0.30200246
10,99462538460790,-0.35145462,0.6226201,-0.11640692
4,99462541706519,-0.06791061,-0.304133,0.2841593
10,99462549396675,-0.2236917,0.5255785,-0.02573061
4,99462554288238,-0.0743022,-0.27510455,0.25832662
10,99462557984904,-0.088514924,0.48572016,0.29353762
4,99462562941415,-0.08149273,-0.25726137,0.26418558
10,99462567981623,-0.118406296,0.4366398,0.42093277
4,99462571793342,-0.11717909,-0.24208134,0.29933932
10,99462577360113,-0.6989063,0.24402714,0.20755577
4,99462580826311,-0.19600865,-0.26365295,0.33316147
10,99462588896363,-0.6836704,0.28076124,0.19462395
4,99462593730582,-0.18375812,-0.2793656,0.3022688
10,99462597348081,-0.16764951,0.051336765,0.35898256
4,99462600599852,-0.16484967,-0.2828277,0.2796319
10,99462608676727,-0.10539603,-0.1651516,0.37729073
4,99462613640686,-0.15180019,-0.35633096,0.21731395
10,99462617258446,0.09037471,-0.4862728,0.66638756
4,99462620501675,-0.14354439,-0.37790257,0.19920446
10,99462628439279,0.13071346,-0.46216726,0.7381058
4,99462633347040,-0.15499598,-0.35127094,0.21678132
10,99462637057509,0.11180103,-0.5248294,0.6400018
4,99462640299331,-0.18535602,-0.3334278,0.24261399
10,99462648224488,0.079247475,-0.547739,0.62473106
4,99462653131831,-0.22690132,-0.31478566,0.29374668
10,99462656777248,0.2640667,-0.534781,0.58312035
4,99462661567196,-0.21358553,-0.3153183,0.30360037
10,99462666682821,0.3790605,-0.53560495,0.5469742
4,99462670514384,-0.16724652,-0.31931302,0.27670243
10,99462676269696,0.5630386,-0.4640808,0.5397749
4,99462681022248,-0.11717909,-0.31664985,0.24660872
10,99462687845425,0.6273627,-0.34554052,0.6106329
2,99462692766259,-38.0,-4.0,19.0
10,99462697059592,0.41937852,-0.18188334,0.36576223
4,99462700305373,-0.09427591,-0.3289004,0.216515
10,99462707574592,0.44433498,-0.08390665,0.3577032
4,99462712396884,-0.08468852,-0.31691617,0.17976338
10,99462716144227,0.6143291,-0.008897781,0.3160987
4,99462719381206,-0.072171666,-0.28655612,0.1486044
10,99462727374019,0.52247024,-0.11978769,0.45259905
4,99462732211727,-0.058589544,-0.28522456,0.1355549
10,99462735882040,0.36051965,-0.29395294,0.66455173
4,99462739102925,-0.06977482,-0.27723506,0.119043306
10,99462747187300,0.39203644,-0.3724165,0.7952528
4,99462751963602,-0.066046394,-0.23355924,0.0974717
10,99462755625425,0.41538978,-0.31780338,0.8961463
4,99462760526831,-0.021837922,-0.17470337,0.10945592
10,99462765639956,0.35750175,-0.24713707,0.9239383
4,99462769477352,0.03834952,-0.1041296,0.15313177
10,99462775007040,0.43074656,-0.18057299,0.9132719
4,99462779777509,0.07962852,-0.048469532,0.1898834
10,99462786686363,0.40283895,-0.07299328,0.6118655
4,99462791485790,0.08335695,-0.010120012,0.21678132
10,99462795112821,0.41725802,0.20345545,0.36354017
4,99462798379123,0.05273059,0.034088463,0.24580978
10,99462806498602,0.44995236,0.4172001,0.18257475
4,99462811339175,0.02876214,0.08282431,0.27696875
10,99462814988133,0.36445308,0.46144342,0.08576584
4,99462818227873,0.0053263223,0.09187906,0.2972088
10,99462826260686,0.1826694,0.3105588,0.052689552
4,99462831123758,-0.020772656,0.076965354,0.2977414
10,99462834965581,0.042693138,0.06291056,-0.006559372
4,99462838208654,-0.03355583,0.055127434,0.2873551
10,99462846034123,0.096632004,0.08878374,0.13646603
4,99462850864748,0.03195793,0.035153728,0.26684874
10,99462854647404,0.19471502,0.10523796,0.21248579
4,99462859495633,0.08522116,0.03834952,0.26631612
10,99462864620738,0.16361403,-0.0022478104,0.21352386
2,99462868434175,-39.0,4.0,18.0
10,99462874254123,0.020602226,-0.12091541,0.24850368
4,99462877521154,0.1371528,0.06578008,0.29614353
10,99462885560061,0.042288303,-0.2411356,0.35129786
4,99462890415581,0.14247912,0.090281166,0.30280143
10,99462894212508,-0.05051732,-0.26987028,0.16887188
4,99462897457821,0.12942964,0.10519487,0.30599722
10,99462905340686,-0.07234001,-0.2160368,0.01570177
4,99462910173290,0.12703279,0.11851067,0.30040458
10,99462913909227,-6.33955E-4,-0.15247536,-0.065485954
4,99462917121883,0.1272991,0.11957593,0.29321405
10,99462925105008,-0.042150974,-0.06264877,-0.23267126
4,99462929889748,0.11638014,0.087618,0.2514024
10,99462933608863,-0.124967694,0.032021523,-0.36306715
4,99462936880894,0.1123854,0.07590009,0.23568976
10,99462944890790,-0.082377076,0.012179375,-0.34849215
4,99462949680113,0.08522116,0.057257965,0.19387813
10,99462953447873,-0.106517196,-0.09041405,-0.3278017
4,99462958214279,0.076965354,0.048469532,0.18136127
10,99462963299852,-0.10189092,-0.14222527,-0.27500963
4,99462967177248,0.046871636,0.031158986,0.15765914
10,99462972065477,-0.11835742,-0.15904474,0.0020194054
4,99462976907561,0.028495824,0.028495824,0.14674018
10,99462984457352,-0.1417396,-0.24581528,0.0768733
4,99462989275113,5.326322E-4,0.049534798,0.1486044
10,99462992965113,-0.06857169,-0.38655806,0.27207088
4,99462996242821,0.006924219,0.057257965,0.14247912
10,99463004057300,-0.014166713,-0.38481236,0.2748003
4,99463008840165,0.037550572,0.081226416,0.1257012
10,99463012541467,-0.11648977,-0.35575724,0.17802525
4,99463015928863,0.03888215,0.08522116,0.12676647
10,99463024009019,-0.17939126,-0.27697515,0.1260891
4,99463028814436,0.021837922,0.07989483,0.11851067
10,99463032934592,-0.29730093,-0.15224409,0.074509144
4,99463036181519,0.018109497,0.07590009,0.109988555
10,99463043049227,-0.309008,-0.16112328,0.05717039
2,99463047889175,-41.0,9.0,20.0
10,99463052116154,-0.35721612,-0.13545895,0.2861371
4,99463056897665,0.023169503,0.03781689,0.045007423
10,99463062131988,-0.33962166,-0.10987425,0.3321619
4,99463066069383,0.04660532,0.02956109,0.022903185
10,99463071827456,-0.27574682,-0.069726944,0.3793273
4,99463075263758,0.050866377,0.03435478,0.013315806
10,99463083330790,-0.25265932,-0.05873394,0.3735361
4,99463088180998,0.04181163,0.04660532,0.011451593
10,99463091838706,-0.2103281,0.093459606,0.38923454
4,99463095089175,0.042077947,0.042876896,0.0010652645
10,99463103111623,-0.19813275,0.15568352,0.36114788
4,99463107943706,0.06950851,0.03488741,-0.010652645
10,99463112180738,-0.2252996,0.29430294,0.3361659
4,99463115427665,0.09374327,0.013582122,-0.013315806
10,99463122918185,-0.25663018,0.2871728,0.3052802
4,99463127754435,0.11664646,-0.01304949,-0.021837922
10,99463131415113,-0.2834519,0.2877512,0.33351183
4,99463134652560,0.12357068,-0.043409526,-0.03888215
10,99463142674696,-0.3536389,0.3777132,0.37797546
4,99463147500217,0.12863068,-0.072171666,-0.05219796
10,99463151143290,-0.3839066,0.3768692,0.33952904
4,99463156092508,0.11797804,-0.10013486,-0.048203215
10,99463161183863,-0.28282404,0.41719437,0.38349104
4,99463165043394,0.133957,-0.11345066,-0.041012682
10,99463170704852,-0.14228284,0.44838,0.29708672
4,99463174160269,0.16911073,-0.10173275,-0.026897928
10,99463182226779,-0.007694721,0.534266,0.1533947
4,99463187076675,0.19361182,-0.0561927,-0.008788432
10,99463190727508,0.060043335,0.6494093,0.10782528
4,99463194030581,0.20293288,0.03222425,0.025566347
10,99463202047717,0.09327948,0.6720133,0.16329432
4,99463206850685,0.15393071,0.21358553,0.10759171
10,99463210497040,0.1061548,0.7151146,0.10116053
4,99463213751206,0.052464273,0.49215218,0.2657835
10,99463221823133,0.29516745,0.98286724,0.17721462
2,99463226629071,-41.0,8.0,21.0
10,99463230825425,0.045882344,0.7794819,0.569293
4,99463234133550,0.04580637,0.79681784,0.7286409
10,99463241613133,-0.5642133,-0.54728794,0.611135
4,99463246390633,0.105993815,0.72970617,0.9507485
10,99463250041831,-0.44409382,-1.807055,0.3848338
4,99463254884696,0.21118867,0.67005134,1.0498182
10,99463260022352,-0.31969142,-0.81107616,0.44855785
4,99463263862092,0.6013418,0.520648,0.77577883
10,99463268131519,-0.94698155,-0.52854586,2.5003986
4,99463274270060,0.40400153,0.055127434,0.180296
10,99463282446519,-1.3345934,-1.8985715,1.6530232
4,99463287224956,-0.30280143,-0.3422162,-0.4295679
10,99463290933290,-1.3898214,-1.8652401,1.685009
4,99463294226415,-0.62344605,-0.45699844,-0.7305051
10,99463300879800,-0.66874987,-2.0690327,1.768847
4,99463305761206,-0.484429,-0.4889564,-0.7025419
10,99463309409696,-0.37446058,-2.278605,1.3342776
4,99463312647925,-0.09081379,-0.5225122,-0.62744075
10,99463320657769,0.52429307,-1.2568154,0.2170906
4,99463325599071,0.391751,-0.48948902,-0.6660566
10,99463329290998,0.5986755,0.35033846,-0.6205945
4,99463332503550,0.54941016,-0.47324374,-0.69002503
10,99463340455217,0.15619004,1.4148617,-1.0459213
4,99463345413342,0.32410672,-0.50120693,-0.7459514
10,99463347521987,0.18492222,1.9368064,-1.4265943
4,99463353984487,0.071106404,-0.5334312,-0.77870834
10,99463360413810,0.21859932,1.2061896,-0.9451742
4,99463364811206,-0.40959418,-0.5504754,-0.824781
10,99463366924279,0.33112133,0.38976574,0.32375383
4,99463373357717,-0.36458677,-0.5270396,-0.7909589
10,99463379800112,0.16219246,-0.017891884,0.6522074
4,99463384699904,0.018642128,-0.36485308,-0.58296597
10,99463389306727,-0.061418295,-0.6272836,0.57812023
4,99463392535477,0.14247912,-0.28336033,-0.48815745
10,99463399586935,-0.04962063,0.10601616,0.41856098
2,99463403573081,-37.0,6.0,23.0
10,99463407203915,0.15039706,0.6621113,-0.023735523
4,99463411988185,0.35153726,-0.0034621095,-0.15978967
10,99463419428237,0.2631197,0.83989954,-0.29452515
4,99463424446467,0.16405073,0.12650016,-0.103863284
10,99463429030946,0.65902424,1.0936942,-0.81962395
4,99463432248290,0.087884314,0.18002969,-0.1025317
10,99463439153342,0.6544039,1.0647783,-0.95284843
4,99463444022196,-0.088150635,0.36245623,-0.082558
10,99463448627769,0.50276256,0.9324827,-0.9063792
4,99463453518550,-0.11371698,0.40879524,-0.072171666
10,99463458457717,0.46522665,0.7613845,-0.89262915
4,99463462568967,-0.1387507,0.4644553,-0.06737798
10,99463467671414,0.41029406,0.27908468,-0.7216563
4,99463470914956,-0.10439592,0.48975533,-0.08282431
10,99463478715685,0.425097,0.09806633,-0.59466934
4,99463482632404,-0.0010652645,0.52597433,-0.10839066
10,99463490540008,0.24275208,-0.34993935,-0.10644007
4,99463493676310,0.1387507,0.5632586,-0.13182648
10,99463497089331,-0.08525348,-0.43613052,0.12819195
4,99463501199227,0.18562233,0.5613944,-0.14354439
10,99463505696310,-0.11352265,-0.5430126,0.13768435
4,99463510401519,0.2412824,0.5749765,-0.16911073
10,99463516874696,-0.013896823,-0.7430949,0.089528084
11,99463516874696,-0.297528,0.079836,-0.544463,0.780167,3.0
4,99463520998446,0.2625877,0.6154565,-0.2034655
10,99463525494696,0.04822409,-0.47678995,0.31317425
4,99463530162456,0.2894856,0.6309029,-0.23542345
10,99463538034644,-0.03270185,-0.010635376,0.42995453
4,99463542878862,0.26525086,0.6106629,-0.24873926
10,99463546545633,-0.12447345,0.16568851,0.23125362
4,99463551337769,0.1504686,0.5640575,-0.25752768
10,99463556385112,-0.22852552,0.37002563,0.20535088
4,99463560528498,0.08868326,0.5137238,-0.25965822
10,99463565473654,-0.33100188,0.6289091,0.44416428
4,99463570242508,0.105993815,0.47643954,-0.23062976
10,99463577566258,-0.49152863,0.6833234,0.67068577
2,99463582397664,-38.0,-3.0,25.0
10,99463586656571,-0.6763407,0.70910454,0.7206774
4,99463589867717,0.20586236,0.3885552,-0.108124346
10,99463597390425,-0.8742679,0.7581544,0.68005276
4,99463602231779,0.26391926,0.33103094,-0.07403588
10,99463605868133,-0.86193246,0.79290056,0.7258148
4,99463609261258,0.28549087,0.29640985,-0.049801115
10,99463617140060,-0.89420176,0.7636404,0.65850353
4,99463621962196,0.2711098,0.2775014,-0.025033714
10,99463625631675,-0.8482636,0.53571415,0.5740013
4,99463629035164,0.23222765,0.2695119,-0.006924219
10,99463636910737,-0.8305861,0.19774914,0.7584505
4,99463641718289,0.23568976,0.252734,0.012250541
10,99463645378237,-0.903045,-0.16102028,0.78925705
4,99463650164539,0.25885928,0.28655612,0.043942157
10,99463655255112,-0.72515565,-0.42656136,0.92763805
4,99463659394696,0.2545982,0.43063316,0.12010857
10,99463665326935,-0.77097046,-0.59560347,1.0642443
4,99463668560685,0.17283916,0.66206187,0.2591256
10,99463676508810,-1.04108,-0.6224079,1.4609728
4,99463681360998,0.07643273,0.8785769,0.43809
10,99463685060321,-1.3572646,-0.8007364,1.5610571
4,99463688354227,0.0026631611,0.96939063,0.6064018
10,99463696246623,-1.5639212,-1.1113214,1.3119583
4,99463701075269,-7.9894834E-4,0.90014845,0.74941355
10,99463704721519,-1.5905948,-0.7623038,0.63522243
4,99463708710946,0.31611723,0.6000102,0.80107886
10,99463716027039,-1.9550089,0.8357415,0.92068577
4,99463720812716,1.0559434,0.12010857,0.5302354
10,99463725506727,-2.5526865,-0.03022623,2.2545586
4,99463728746987,0.7981494,-0.38109836,0.002130529
10,99463735795998,-3.123006,-1.3470354,0.60116863
4,99463740547508,0.0034621095,-0.60933125,-0.3603257
10,99463744358602,-2.9047813,-0.060403824,1.7016706
4,99463749114852,-0.15686019,-0.62770706,-0.35979307
10,99463754155633,-2.1782122,-0.5907965,1.4202042
2,99463758336362,-37.0,-8.0,30.0
10,99463764251154,-0.5272608,-1.5388627,0.24507236
4,99463767528810,0.06338324,-0.51052797,-0.119043306
10,99463775397977,-0.33986104,-0.93086624,-0.010620117
4,99463780178237,0.42370895,-0.4316984,-0.20692763
10,99463783877196,-0.618536,0.21072626,-0.77521276
4,99463787252508,0.35073832,-0.42850262,-0.24181503
10,99463795184435,-0.6114877,0.67269087,-1.3539891
4,99463799957769,-0.17656758,-0.39388153,-0.33662358
10,99463803758185,-0.360502,1.7317708,-1.1730847
4,99463807020112,-0.32197618,-0.37284255,-0.3603257
10,99463814959800,-0.30624956,1.5606804,-1.1654058
4,99463819716935,-0.5472796,-0.27696875,-0.386691
10,99463823438966,-0.26767492,0.681757,-0.94812727
4,99463826815373,-0.52144694,-0.2479403,-0.35899413
10,99463834693341,-0.2938168,0.41465282,-0.7464471
4,99463839519123,-0.27403927,-0.18269286,-0.25965822
10,99463843217196,-0.11539078,0.34910107,-0.8002472
4,99463848068862,-0.18961707,-0.16591494,-0.2394182
10,99463853053966,-0.17355585,0.634109,-0.87375784
4,99463857176883,-0.084155895,-0.13981596,-0.21012342
10,99463863115529,-0.21740663,1.0619149,-1.0553603
4,99463866393966,-0.11345066,-0.118776985,-0.18801917
10,99463874243446,-0.036639333,1.4707403,-1.1897688
4,99463879026102,-0.27670243,-0.05273059,-0.18109496
10,99463882738550,0.41642416,1.7147784,-1.0348921
4,99463886135164,-0.32170987,-0.03009372,-0.16298546
10,99463894070112,0.27718246,1.5839324,-1.0234499
4,99463898853706,-0.32517198,-0.018375812,-0.015978966
10,99463903474071,0.008599281,0.8703475,-0.7833638
4,99463906717873,-0.27510455,-0.015180019,0.011185277
10,99463913794227,0.03353834,0.6894274,-0.6217928
4,99463918544018,-0.13795175,0.00479369,-0.0063915867
10,99463923166310,-0.067653656,0.5754323,-0.4318719
4,99463926400737,-0.033023197,0.014647386,-0.04447479
10,99463933578862,-0.03480661,0.6842923,-0.51067924
2,99463938351831,-27.0,-8.0,20.0
10,99463942575529,0.25666475,1.2121434,-0.49999094
4,99463947352768,-0.0743022,0.082025364,-0.05832323
10,99463952253185,0.31725502,1.285963,-0.45296574
4,99463956084852,-0.19281286,0.14221281,-0.024234766
10,99463962047143,0.39011347,1.210401,-0.26159525
4,99463965292039,-0.3089267,0.21571605,0.035952676
10,99463973139227,0.20133948,0.87133026,-0.09251118
4,99463977895789,-0.40053943,0.17789917,0.096939065
10,99463982506987,-0.72528255,0.30942345,-0.31882524
4,99463985726206,-0.4346279,0.05566007,0.1307612
10,99463992915008,-0.94267285,-0.21528006,-0.12822819
4,99463997702821,-0.32277513,-0.052464273,0.09880328
10,99464002329696,-0.82640374,-0.47300482,0.3075266
4,99464005571831,-0.12942964,-0.13768543,0.015180019
10,99464012703185,-0.8456973,-0.5412717,0.51924706
4,99464017482664,-0.03568636,-0.26684874,-0.07563378
10,99464022082404,-0.97595215,-0.48339462,0.7764702
4,99464025317768,-0.050866377,-0.41438788,-0.16990969
10,99464032150893,-0.9246133,-0.4643383,0.9591131
4,99464037040841,-0.1587244,-0.5275722,-0.26631612
10,99464040743237,-0.911174,-0.45822048,0.7767315
4,99464046028862,-0.31265512,-0.64528394,-0.36884782
10,99464050932768,-0.9549698,-0.08376646,0.70788574
4,99464054971779,-0.376571,-0.78323567,-0.49055427
10,99464060651154,-0.87609124,0.017100334,0.5004139
4,99464065471779,-0.44368264,-0.90680635,-0.59388494
10,99464072028341,-0.7311423,-0.19254827,0.23665619
4,99464076870321,-0.5371596,-0.99522334,-0.659665
10,99464081462404,-0.6230936,-0.067498684,0.15082598
4,99464084685321,-0.5504754,-1.0700581,-0.71133035
10,99464091806414,-0.5815985,0.11104345,0.23116636
4,99464096592873,-0.54408383,-1.1518172,-0.7414241
10,99464101202664,-0.50072837,0.01268959,-0.023128986
4,99464104557768,-0.58456385,-1.1994878,-0.7374293
10,99464111612404,-0.16623998,-0.17191029,-0.13983107
2,99464116385164,-35.0,-2.0,18.0
10,99464120591102,0.24670649,-0.2712183,-0.015256882
4,99464123824175,-0.56725335,-1.1291803,-0.66579026
10,99464131421154,0.5190692,-0.24124384,0.03524494
4,99464136245737,-0.520648,-1.072455,-0.6460829
10,99464139937248,0.6744058,-0.118460655,0.16664267
4,99464144871623,-0.48469532,-1.0245181,-0.65700185
10,99464149778498,0.6132369,0.033638,0.2584257
4,99464153860060,-0.43782368,-0.9720538,-0.6695187
10,99464157047039,0.73292804,0.20123148,0.40687037
4,99464164466675,-0.40213734,-0.9483517,-0.6660566
10,99464172439695,0.4719224,0.17191124,0.7433553
4,99464177219643,-0.23888555,-0.89588743,-0.59122175
10,99464181848810,0.36860585,0.16682911,0.78284645
4,99464185059852,-0.12250541,-0.85061365,-0.5435512
10,99464191032873,0.55105114,0.0021042824,0.7933016
4,99464195925633,-0.02609898,-0.76565886,-0.50360376
10,99464198032300,0.65400743,0.48813963,0.6065569
4,99464204079331,0.0053263223,-0.70627034,-0.46978164
10,99464210670425,0.5326495,0.68685865,0.5938344
4,99464215633706,0.024767399,-0.5360943,-0.30360037
10,99464219276831,0.4168253,0.600441,0.67561007
4,99464222521050,0.0015978967,-0.48735848,-0.24660872
10,99464230502352,0.37624288,0.4345026,0.65534306
4,99464235334643,-0.048203215,-0.35233623,-0.09640643
10,99464238957925,0.26821423,0.37328386,0.96657085
4,99464243823029,-0.04314321,-0.30519825,-0.047137953
10,99464248879956,0.27117682,0.3849969,1.094903
4,99464252707195,-0.021571605,-0.2082592,0.05006743
10,99464258457091,0.18637967,0.36545753,1.0464215
4,99464261923185,-0.018375812,-0.13369069,0.12942964
10,99464270052716,0.10630703,0.32987595,1.0375762
4,99464274940633,-0.011717909,-0.08868326,0.20399815
10,99464278563029,0.06417441,0.13032722,0.81982327
4,99464281811987,-0.004527374,-0.07856325,0.221575
10,99464289780425,0.08750057,0.093110085,0.7432041
2,99464294607977,-38.0,-2.0,17.0
10,99464299026154,0.006631851,0.13399124,0.75514555
4,99464302234748,0.03568636,-0.043942157,0.24607609
10,99464309559279,-0.012549877,0.15952015,0.69842243
4,99464314492612,0.017044231,-0.07643273,0.2213087
10,99464318159643,-0.0018358231,0.08938885,0.68549156
4,99464321392820,0.009054748,-0.084155895,0.21038973
10,99464329338654,0.01787281,-0.0891242,0.6849189
4,99464334282664,0.0026631611,-0.09454222,0.18722023
10,99464337943081,-0.018889904,-0.538167,0.701241
4,99464342770893,0.01304949,-0.094009586,0.18375812
10,99464347882300,-0.04354024,-0.56592846,0.69827795
4,99464351680372,0.059388492,-0.07137272,0.18162759
10,99464357355685,-0.003207922,-0.5227113,0.64240885
4,99464362168445,0.08016115,-0.015446335,0.19547603
10,99464368886518,0.040117502,-0.25280952,0.53959227
4,99464373802664,0.08335695,0.051931642,0.22716765
10,99464377457716,-0.10390949,0.104543686,0.5452752
4,99464380705320,0.07749799,0.087884314,0.2759035
10,99464388672300,-0.12474394,0.11635828,0.46081972
4,99464393492820,0.05832323,0.12010857,0.3257046
10,99464397109122,-0.045576572,0.18123102,0.36456108
4,99464400352872,0.047137953,0.16325177,0.36964676
10,99464408452039,-0.1399312,0.26515198,0.3630576
4,99464413338966,0.046072688,0.2034655,0.42903525
10,99464416980477,-0.22757149,0.29362488,0.33377075
4,99464420221675,0.036485307,0.23568976,0.4876248
10,99464428214018,-0.15698004,0.44357014,0.2510705
4,99464433055997,0.03568636,0.25220135,0.5123922
10,99464436715529,-0.11487937,0.62268543,0.14863634
4,99464441523133,0.05352954,0.2580603,0.5006743
10,99464446621883,-0.09643674,0.5781565,0.076756954
4,99464450513914,0.061252706,0.2660498,0.47217846
10,99464456244591,-0.03840494,0.40597057,0.08648634
4,99464459691154,0.07669904,0.29214877,0.4428837
10,99464467791727,6.8354607E-4,0.22278404,0.15758085
2,99464472687925,-38.0,2.0,18.0
10,99464476969070,-0.016794205,-0.034428596,0.11759186
4,99464480222456,0.07882957,0.4348942,0.48469532
10,99464487594591,0.08792901,-0.17963743,0.13857603
4,99464492443914,0.057257965,0.52331114,0.5552691
10,99464496112143,0.15008998,-0.17637825,0.25350475
4,99464499360425,0.05539375,0.5701828,0.62903863
10,99464507341987,0.20896482,-0.19520712,0.43645525
4,99464512132768,0.07989483,0.5928197,0.6689861
10,99464515828810,0.44282484,-0.121085644,0.18553162
4,99464519078185,0.06791061,0.64075655,0.6580671
10,99464527125372,0.61303425,0.18815851,0.07009554
4,99464531915425,0.07456851,0.66658926,0.62983763
10,99464535578602,0.44567633,0.33578157,-0.089369774
4,99464540377508,0.06711166,0.64794713,0.5832323
10,99464545517352,0.32690763,0.08936882,-0.2633295
4,99464549373081,0.043942157,0.608266,0.5020059
10,99464554415789,0.35245204,-0.17555475,-0.21824074
4,99464559249122,0.079095885,0.57098174,0.40187103
10,99464566699227,0.305974,-0.36767292,-5.1498413E-4
4,99464570625008,0.13821806,0.5227785,0.3022688
10,99464574990841,0.09705329,-0.4992404,0.10731363
4,99464578352872,0.1917476,0.47351006,0.21092236
10,99464585957716,-0.11441398,-0.46002483,0.06943083
4,99464590906154,0.22530343,0.4032026,0.12410331
10,99464594635581,-0.31488347,-0.45205784,0.059450626
4,99464599418133,0.23169503,0.3571299,0.07882957
10,99464606234904,-0.45173514,-0.59149075,-0.10365915
4,99464610995424,0.18855181,0.24421188,-0.053263225
10,99464614744747,-0.41280496,-0.5802913,0.0046977997
4,99464617982872,0.17576863,0.21944448,-0.08894958
10,99464625984747,-0.3344097,-0.41057968,0.1381836
4,99464630777247,0.20985709,0.175236,-0.15180019
10,99464634494174,-0.2542839,-0.21868086,0.15774965
4,99464639230945,0.22583607,0.16777915,-0.15180019
10,99464644382872,-0.18369126,-0.10928297,0.10127163
2,99464648285581,-40.0,5.0,20.0
10,99464652994383,-0.06831765,0.18482637,-0.055202007
4,99464657860737,0.18322548,0.17124127,-0.14327806
10,99464665557664,0.0029947758,0.29533672,-0.12281799
4,99464670391518,0.07376956,0.22343922,-0.14354439
10,99464674171518,0.07115245,0.7266035,-0.3957224
4,99464677387612,0.050333746,0.2561961,-0.13315806
10,99464685340372,0.06728363,0.7828121,-0.38987064
4,99464690148497,0.028495824,0.2873551,-0.111852765
10,99464693846154,0.04516244,0.79533195,-0.43631744
4,99464697074904,0.020240024,0.2796319,-0.10892329
10,99464705123185,-0.014762878,0.66448355,-0.51207066
4,99464709916206,0.053795855,0.27989823,-0.07563378
10,99464713687299,-0.03190112,0.24104929,-0.16498041
4,99464716908029,0.088150635,0.29321405,-0.049801115
10,99464724912091,-0.07814622,0.15632868,-0.10015297
4,99464729674904,0.17630127,0.3422162,0.037550572
10,99464733407977,-0.4610958,0.25435114,0.07214737
4,99464738193237,0.18642128,0.34168357,0.0561927
10,99464743274122,-0.5849532,0.2712083,-0.11515188
4,99464747150789,0.17576863,0.31345406,0.049534798
10,99464751957091,-0.5623549,0.23198128,-0.2186985
4,99464756799279,0.15073492,0.27670243,-0.0010652645
10,99464764425424,-0.4405061,-0.021224022,-0.08238554
4,99464769271362,0.15233281,0.23489082,-0.052996907
10,99464773031154,-0.4812671,-0.31481838,0.32430363
4,99464776277352,0.180296,0.1882855,-0.08042747
10,99464784198862,-0.49516284,-0.31753874,0.34178495
4,99464789015268,0.2000034,0.1520665,-0.09187906
10,99464792777716,-0.68592083,-0.21571112,0.323411
4,99464796022716,0.18881813,0.124902256,-0.08681905
10,99464804020841,-0.6695806,-0.2549343,0.4389062
4,99464808839487,0.118776985,0.10173275,-0.06684534
10,99464812498654,-0.60849786,-0.26764917,0.6059804
4,99464815745008,0.066046394,0.08628642,-0.048203215
10,99464823768029,-0.62454903,-0.25775337,0.6391444
2,99464828563237,-44.0,-2.0,23.0
10,99464832942768,-0.5775213,-0.18461847,0.6255245
4,99464837726831,0.006924219,0.06764429,-0.06844324
10,99464842819279,-0.5421207,-0.035237312,0.5300479
4,99464846625216,-0.03169162,0.06231797,-0.09241169
10,99464851989539,-0.5447757,0.06617117,0.5229068
4,99464855270112,-0.05352954,0.04873585,-0.105727494
10,99464863298393,-0.48973203,0.06349182,0.4166398
4,99464868155008,-0.04873585,0.045007423,-0.11158645
10,99464871781726,-0.4232298,0.07625103,0.39816713
4,99464875020997,-0.02956109,0.054062173,-0.10626013
10,99464883095893,-0.46687305,0.030644894,0.512537
4,99464887885112,-0.016511599,0.048469532,-0.087884314
10,99464892111726,-0.6407765,-0.027157307,0.54259205
4,99464895356831,-0.004527374,0.03355583,-0.06231797
10,99464902865476,-0.6357347,-0.02145052,0.538496
4,99464907681779,0.02130529,0.032490566,-0.042876896
10,99464911353029,-0.4891622,0.048659325,0.59954786
4,99464914589643,0.053795855,0.037550572,-0.03169162
10,99464922641570,-0.48491597,0.09494734,0.5485616
4,99464927422299,0.06711166,0.036218993,-0.019707393
10,99464931075216,-0.5404917,0.19819975,0.45652866
4,99464935990633,0.05912218,0.02609898,-0.009054748
10,99464941051518,-0.505648,0.29459238,0.45825577
4,99464944932247,0.045007423,0.01571265,-0.0063915867
10,99464949403654,-0.51762927,0.2491045,0.5540242
4,99464955271049,0.024501082,0.0037284256,-0.009054748
10,99464963476570,-0.53085995,0.2019496,0.68291616
4,99464968349331,0.015446335,-0.006657903,-0.0010652645
10,99464971978393,-0.52904534,0.1995802,0.6808324
4,99464975220685,0.010120012,-0.007456851,0.013582122
10,99464981972820,-0.42144096,0.0856266,0.60745907
4,99464986744435,0.013315806,-0.006657903,0.023702133
10,99464990431935,-0.39941025,0.09076929,0.6197057
4,99464993668289,0.029827405,-0.0037284256,0.033289514
10,99465001747351,-0.38674068,0.1497941,0.55208063
2,99465006510528,-45.0,-8.0,25.0
10,99465010739122,-0.40545166,0.18194342,0.5056977
4,99465014022872,0.047137953,-0.019441076,0.04234426
10,99465021522039,-0.39862478,0.22352648,0.37562323
4,99465026271310,0.045540057,-0.019973708,0.038083203
10,99465028361622,-0.42015874,0.26901245,0.2678795
4,99465035143185,0.03914847,-0.019441076,0.035153728
10,99465041478133,-0.44197428,0.28825474,0.14443111
4,99465045980060,0.0031957934,-0.03568636,0.037284255
10,99465048070685,-0.3462212,0.29066038,0.046277523
4,99465054457820,-0.013315806,-0.03355583,0.0396811
10,99465060885372,-0.3037194,0.15304852,0.06643486
4,99465065769539,-0.04261058,-0.02743056,0.049801115
10,99465070385320,-0.37520814,0.044700146,0.112303734
4,99465073631101,-0.038083203,-0.033289514,0.047404267
10,99465080661726,-0.38321674,0.02371931,0.17303753
4,99465085493549,-0.020240024,-0.036751624,0.04261058
10,99465090087664,-0.27516663,-0.014497757,0.09250498
4,99465093324018,-0.011451593,-0.03355583,0.039414786
10,99465100442612,-0.1875521,-0.037124634,0.052197456
4,99465105282091,0.023169503,-0.0039947415,0.028495824
10,99465108966101,-0.14257228,1.9550323E-4,0.06286621
4,99465112344643,0.02609898,-0.0010652645,0.025566347
10,99465120221466,-0.10919547,0.03341484,0.06987953
4,99465125141674,0.015978966,-0.002396845,0.019441076
10,99465129728601,-0.15221047,0.07893324,-0.05701351
4,99465134576883,0.008255799,-0.0029294773,0.016777916
10,99465139449435,-0.14077568,0.032069206,-0.046604156
4,99465143246987,-7.9894834E-4,0.0061252704,0.008788432
10,99465148291518,-0.1434387,-0.030819416,0.15578175
4,99465153198081,0.004261058,0.005060006,-0.0039947415
10,99465159774383,-0.18186867,-0.032456875,0.228158
4,99465164736935,0.021837922,0.010120012,-0.021837922
10,99465169349903,-0.19485152,-0.021781921,0.35441303
4,99465172592560,0.010386328,0.011717909,-0.022903185
10,99465179551987,-0.26438856,-0.027343273,0.24616623
2,99465184393028,-42.0,-7.0,27.0
10,99465188659851,-0.33899057,0.096405506,0.18035412
4,99465191892039,-0.03435478,-0.019707393,-0.039414786
10,99465199330685,-0.30827487,0.08200741,0.20422745
4,99465204186622,-0.013848438,-0.016511599,-0.047670584
10,99465208799070,-0.24761093,-6.289482E-4,0.40473747
4,99465212047872,0.009054748,-0.026897928,-0.05352954
10,99465219115580,-0.292297,0.01943779,0.44541836
4,99465224015685,0.009853696,-0.049534798,-0.057790596
10,99465227697508,-0.39070117,0.06977844,0.43071365
4,99465232496205,-0.03435478,-0.055926383,-0.06098639
10,99465237467508,-0.43519926,0.20632076,0.26233387
4,99465241599122,-0.07483483,-0.058589544,-0.05912218
10,99465247211622,-0.44398034,0.34792042,0.26822662
4,99465251996101,-0.07856325,-0.061252706,-0.049002163
10,99465258664903,-0.300678,0.35444832,0.17243052
4,99465262613289,-0.06711166,-0.064182185,-0.038615838
10,99465267121153,-0.21263754,0.24372387,0.20363045
4,99465270564591,-0.047404267,-0.06844324,-0.03888215
10,99465278449018,-0.25368214,0.24665403,0.1956091
4,99465283331674,-0.022903185,-0.07163903,-0.03781689
10,99465287016414,-0.2831707,0.29097462,0.054846287
4,99465290323966,-0.01438107,-0.05352954,-0.027963191
10,99465298223289,-0.19961298,0.36542225,-0.034062386
4,99465303128185,-0.00958738,-0.02396845,-0.012516857
10,99465306785268,-0.116209745,0.37491274,-0.03756666
4,99465310133080,-0.029028457,-0.006924219,-0.0026631611
10,99465317997820,-0.069191456,0.3116727,-0.014204502
4,99465322904018,-0.05219796,0.0013315806,-0.0039947415
10,99465326615789,-0.064293385,0.27198124,0.024661541
4,99465331422299,-0.059388492,0.0055926386,-0.004527374
10,99465336329070,-0.04476714,0.16418171,0.09550238
4,99465349960216,-0.021571605,0.048203215,0.02263687
10,99465357332195,0.032948494,0.032949448,0.16276169
2,99465361239435,-41.0,-7.0,26.0
10,99465365626362,0.005120516,-0.01710558,0.15893602
4,99465369733289,-0.0029294773,0.03089267,0.03834952
10,99465377051883,-0.023122072,-0.07937193,0.20053864
4,99465380840164,-0.00479369,0.025566347,0.0314253
10,99465385714747,-0.16801059,-0.117777824,0.27303934
4,99465390361987,-0.015180019,0.0127831735,0.026631612
10,99465396841830,-0.28661227,-0.16719055,0.26722336
4,99465401512299,-0.03568636,0.002396845,0.01304949
10,99465405768185,-0.29176402,-0.21265173,0.24850464
4,99465409006153,-0.04926848,-0.00479369,-0.011717909
10,99465416644226,-0.28694868,-0.107264996,0.30933094
4,99465421234487,-0.053263225,-0.025033714,-0.039947417
10,99465425565528,-0.39884484,-0.06429005,0.24840641
4,99465430212455,-0.06950851,-0.046339005,-0.06178534
10,99465435241414,-0.39425027,-0.0067358017,0.24832678
4,99465440680997,-0.072171666,-0.046871636,-0.07643273
10,99465445122820,-0.38157558,0.06454992,0.36073494
4,99465449758341,-0.066046394,-0.03888215,-0.076166406
10,99465456186518,-0.40605652,0.055946827,0.38364553
4,99465460849435,-0.051132694,-0.03355583,-0.053263225
10,99465465178341,-0.40548027,0.07307148,0.42259884
4,99465468324591,-0.047670584,-0.031158986,-0.049801115
10,99465475970893,-0.44696534,0.2229352,0.388525
4,99465480633341,-0.020772656,-0.02396845,-0.032756884
10,99465484208393,-0.52771175,0.2737398,0.2504878
4,99465489301049,-0.014114754,-0.018375812,-0.02130529
10,99465495733757,-0.5116044,0.27376366,0.20758057
4,99465500311310,-0.021837922,2.663161E-4,0.007190535
10,99465503910216,-0.317199,0.32897043,0.33205032
4,99465508544903,-0.026365295,0.005060006,0.011984225
10,99465515531101,-0.30874038,0.32269716,0.31080866
4,99465520196830,-0.039414786,0.004527374,0.009853696
10,99465523739643,-0.2670666,0.28625965,0.33341312
4,99465528312143,-0.04314321,0.00479369,0.011185277
10,99465534138705,-0.26817572,0.22955751,0.2634716
2,99465538791257,-41.0,-9.0,25.0
10,99465542940945,-0.239025,0.1574707,0.26902342
4,99465548268549,-0.0053263223,0.025566347,0.034088463
10,99465555342351,-0.22050989,0.093090534,0.38304043
4,99465560174695,0.011451593,0.02609898,0.040213734
10,99465563919643,-0.23042738,-2.937317E-4,0.41060066
4,99465567205632,0.006924219,0.025300032,0.037550572
10,99465575116622,-0.22165692,0.040528297,0.39288425
4,99465579951726,0.0029294773,0.027963191,0.027963191
10,99465583898705,-0.2132088,0.024209976,0.35154104
4,99465587130372,-0.0015978967,0.034088463,0.02876214
10,99465594892039,-0.23469889,0.016021252,0.3560443
4,99465599664747,-0.007989483,0.036485307,0.02876214
10,99465603437872,-0.31153393,0.027078629,0.28407717
4,99465606793601,0.0034621095,0.018109497,0.012516857
10,99465613711570,-0.29052043,0.045737267,0.2688799
4,99465618551830,0.033822145,0.008255799,-0.0058589545
10,99465623185945,-0.27515984,0.0072464943,0.34581566
4,99465628000216,0.03089267,-0.0061252704,-0.015978966
10,99465633024539,-0.35014105,0.032793045,0.43954182
4,99465637144018,0.017044231,-0.02396845,-0.028495824
10,99465642758080,-0.30593038,0.12775755,0.4789443
4,99465647582560,0.011717909,-0.033289514,-0.03914847
10,99465654240268,-0.29820442,0.2137785,0.42557192
4,99465659096414,-0.002130529,-0.026897928,-0.030626353
10,99465662908341,-0.2995987,0.27490044,0.27014112
4,99465666177403,-0.017044231,-0.017310547,-0.013848438
10,99465674001518,-0.232597,0.33249807,0.22777462
4,99465678827820,-0.0314253,-0.018642128,0.0034621095
10,99465683416153,-0.24634683,0.41183043,0.17339945
4,99465686656934,-0.01304949,-0.01917476,0.007989483
10,99465693789851,-0.19047272,0.3520503,0.27442408
4,99465698657976,0.0013315806,-0.019441076,0.011717909
10,99465703283914,-0.21296108,0.15322399,0.22670937
4,99465706535007,-5.326322E-4,-0.013582122,0.021837922
10,99465713568132,-0.21777594,0.1604538,0.2554779
2,99465718318549,-41.0,-7.0,25.0
10,99465722537820,-0.17057025,0.14121485,0.23581696
4,99465727357507,0.010120012,0.012516857,0.05832323
10,99465732252247,-0.1223042,0.18008518,0.12535667
4,99465736091205,-0.0026631611,0.015180019,0.05965481
10,99465741966778,-0.07684159,0.23437977,0.07320833
4,99465745225737,-0.022903185,0.014913702,0.048203215
10,99465753096674,-0.067349434,0.19268894,0.06809616
4,99465757867820,-0.040213734,0.014114754,0.0396811
10,99465762484174,-0.17990315,0.06656647,0.06421089
4,99465765714330,-0.053263225,0.012516857,0.035153728
10,99465772892351,-0.15922105,-0.005996704,0.0779376
4,99465777764799,-0.04314321,0.018109497,0.029028457
10,99465782383862,-0.073834896,-0.086750984,0.064605236
4,99465785595580,-0.016245283,0.036218993,0.025033714
10,99465792669122,-0.05176139,-0.16922855,0.030558586
4,99465797492559,0.0058589545,0.050333746,0.024767399
10,99465802082924,-0.055384874,-0.09859133,0.032886982
4,99465805296205,0.023435818,0.060720075,0.02130529
10,99465812453497,-0.07478857,-0.012367249,0.031733513
4,99465817281987,0.015446335,0.071106404,0.01438107
10,99465821897507,-0.12456572,0.050076485,0.047267914
4,99465826740007,-0.002396845,0.083090626,0.002396845
10,99465831636049,-0.1477269,0.094435215,0.077849865
4,99465835438966,-0.028229509,0.08841695,-0.008522116
10,99465838936153,-0.12617648,0.07766485,0.19515896
4,99465845523132,-0.05752428,0.08522116,-0.014647386
10,99465853479747,-0.13026226,0.026310444,0.22009373
4,99465858310372,-0.066046394,0.08495484,-0.00479369
10,99465862932768,-0.12539577,0.031425,0.22247887
4,99465866184851,-0.048203215,0.11052119,-0.0039947415
10,99465872118028,-0.019512057,-8.7070465E-4,0.3308196
4,99465876066674,-0.029827405,0.13688648,0.009054748
10,99465879156414,-0.08654559,0.018276215,0.3284192
4,99465884111153,-0.022104237,0.14647387,0.015180019
10,99465891744591,-0.0759505,0.04676056,0.37753725
2,99465896507872,-41.0,-7.0,25.0
10,99465900720893,-0.11351895,0.11262035,0.35604668
4,99465904028341,-0.036218993,0.20240025,0.047404267
10,99465911519799,-0.11262846,0.12913036,0.33459854
4,99465916366622,-0.045540057,0.22237396,0.06471482
10,99465919996674,-0.061447263,0.14704895,0.33993053
4,99465924861414,-0.048203215,0.23435818,0.07137272
10,99465929965111,-0.04632926,0.14439821,0.27122784
4,99465933785216,-0.06870956,0.2561961,0.08894958
10,99465939558080,-0.17177749,0.12859964,0.39663267
4,99465943012247,-0.07163903,0.2657835,0.11797804
10,99465951067872,-0.28327322,0.04557228,0.33109903
4,99465955919122,-0.034621093,0.24767399,0.18722023
10,99465959539278,-0.37523603,-0.438416,0.3616929
4,99465962803236,-0.016245283,0.252734,0.20426446
10,99465970839539,-0.33378983,-0.4105234,0.28154087
4,99465975765945,0.0892159,0.30040458,0.27403927
10,99465979469122,-0.3268149,-0.16506433,0.40770817
4,99465982703497,0.1025317,0.31718248,0.2972088
10,99465990622716,-0.25512242,0.0073547363,0.3706708
4,99465995504330,0.07350325,0.31505197,0.267914
10,99465999149903,-0.09658182,0.40146828,0.07206154
4,99466002380164,0.040213734,0.30493194,0.23648871
10,99466010419382,-0.03424871,0.47423935,-0.03714037
4,99466015265216,-0.05006743,0.26019084,0.1669802
10,99466018916205,-0.2682022,0.41499233,-0.07271814
4,99466023798393,-0.061519023,0.23515713,0.15446335
10,99466028894174,-0.37781727,0.24997854,-0.011167526
4,99466032729539,-0.056459017,0.17044231,0.13768543
10,99466038440736,-0.49876177,-0.15995646,0.20096064
4,99466041890841,-0.016245283,0.11797804,0.11105382
10,99466049951934,-0.47710383,-0.24017286,0.3809948
4,99466054806674,0.070307456,0.08974853,0.07590009
10,99466058456414,-0.43137705,0.052553177,0.40562248
4,99466061707507,0.1257012,0.08628642,0.046871636
10,99466069735684,-0.4056573,0.12998009,0.32775688
2,99466074636049,-43.0,-8.0,25.0
10,99466079071049,-0.40316963,0.32437563,0.23324156
4,99466082289434,0.026897928,0.072970614,0.017310547
10,99466089509643,-0.41630673,0.3343649,0.21417284
54810,99466097008497,-0.37170756,0.3661766,0.2230463
4,99466101243601,-0.06231797,0.055926383,0.014647386
10,99466107870841,-0.29232168,0.36985302,0.1720066
4,99466107870841,-0.05965481,0.06551377,0.018375812
4,99466111807872,-0.051931642,0.072171666,0.023702133
10,99466116143341,-0.26198125,0.44707823,0.17772913
4,99466121404278,-0.03568636,0.07856325,0.037550572
10,99466127662038,-0.27812004,0.43971062,0.12037754
4,99466127662038,-0.03222425,0.08069378,0.04660532
4,99466131600841,-0.031158986,0.07962852,0.053263225
10,99466135944434,-0.14808965,0.44593287,0.18696022
11,99466135944434,-0.27795,0.14028,-0.628465,0.712808,3.0
4,99466140815007,-0.020506341,0.080960095,0.058589544
10,99466147457872,-0.08281708,0.4373393,0.17424631
4,99466151372038,-0.01438107,0.08575379,0.064182185
10,99466156693601,-0.08862424,0.30888796,0.22593975
4,99466161393288,-0.032490566,0.09134643,0.07483483
10,99466168348184,-0.22367597,0.14660883,0.25713015
4,99466172994070,-0.046072688,0.084155895,0.082558
10,99466176478341,-0.24330723,-0.0037312508,0.31866312
4,99466181055580,-0.03009372,0.08628642,0.087085366
10,99466188137403,-0.19818628,-0.23759842,0.4091177
4,99466192854330,0.007190535,0.08868326,0.08282431
10,99466196346622,-0.25045204,-0.34931993,0.50017357
4,99466200928913,0.04234426,0.06950851,0.07350325
10,99466207915424,-0.32506263,-0.28477335,0.45975018
4,99466212508497,0.07190535,0.043409526,0.04660532
10,99466215988341,-0.14392805,-0.035250187,0.43165636
4,99466220585997,0.09773801,0.047137953,0.010120012
10,99466226866622,-0.054704547,0.062452316,0.413723
4,99466231479434,0.07057377,0.049801115,0.0013315806
10,99466235747195,-0.28919291,-0.14456224,0.50923204
4,99466240343080,0.03435478,0.0077231675,0.0018642128
10,99466247476726,-0.42912263,-0.2163744,0.56196356
2,99466252200111,-44.0,-11.0,24.0
10,99466256316882,-0.39110255,-0.16910267,0.51918316
4,99466259439018,0.07057377,-0.0039947415,-0.035952676
10,99466267265268,-0.41800296,-0.09802103,0.5369172
4,99466271919747,0.06364955,-0.005060006,-0.03009372
10,99466275395580,-0.44677073,-0.01972723,0.434875
4,99466279974486,0.04527374,-0.017044231,-0.035153728
10,99466287025320,-0.25801742,0.20719624,0.35020447
4,99466291614174,0.034088463,-0.02396845,-0.060453758
10,99466295082038,-0.16081047,0.38622808,0.25407648
4,99466299667768,0.03169162,-0.02743056,-0.06950851
10,99466305734486,-0.21782756,0.3196025,0.2042923
4,99466309933184,0.020772656,-0.04580637,-0.06098639
10,99466315195476,-0.28440368,0.14938736,0.20362425
4,99466319962038,0.025300032,-0.056459017,-0.049002163
10,99466325445372,-0.217435,0.1123147,0.336483
4,99466330714851,0.08948222,-0.05752428,-0.01571265
10,99466334402038,-0.20682561,0.13416243,0.33513403
4,99466339158497,0.11318435,-0.04580637,-0.0034621095
10,99466346628393,-0.24805248,0.12004757,0.36742735
4,99466351413861,0.12117383,-0.025300032,0.054062173
10,99466355073549,-0.1649319,0.1867361,0.27921534
4,99466358340059,0.11345066,-0.017044231,0.06498113
10,99466366413288,-0.14640439,0.20258951,0.23016548
4,99466371191934,0.092944324,-0.0010652645,0.08575379
10,99466374985632,-0.18107557,0.13161373,0.15808296
4,99466378231361,0.08229168,-0.002396845,0.09454222
10,99466386190320,-0.18384898,0.05091381,0.13052797
4,99466390947455,0.087884314,-0.014647386,0.108124346
10,99466394664382,-0.1626774,0.096349716,0.24370909
4,99466397910788,0.10226539,-0.012250541,0.10333065
10,99466405967924,-0.17063272,0.13011932,0.17596006
4,99466410746674,0.08548747,0.016511599,0.0743022
10,99466414475476,-0.27285123,0.17394447,0.17053843
4,99466419254643,0.06338324,0.016777916,0.066046394
10,99466424367924,-0.3135761,0.14007187,0.18936348
2,99466428469486,-43.0,-9.0,25.0
10,99466433646413,-0.24386144,0.09451723,0.16251707
4,99466438518913,0.008522116,0.018908445,0.02263687
10,99466445523288,-0.17154062,0.06600523,0.16217232
4,99466450321361,0.016511599,0.03914847,0.010652645
10,99466454051101,-0.37747276,0.04908991,0.14448643
4,99466457302038,0.016245283,0.03834952,0.011185277
10,99466465295945,-0.42539245,0.036805153,0.17697287
4,99466470103965,0.021038974,0.026365295,0.008255799
10,99466473910945,-0.39070237,0.09755564,0.2064538
4,99466477161153,0.038615838,0.022370555,-5.326322E-4
10,99466485068497,-0.41835707,0.10594225,0.22015429
4,99466489848340,0.052996907,0.009321064,-0.006657903
10,99466493588184,-0.51423824,0.17293215,0.31460094
4,99466496830268,0.046871636,-0.011451593,-0.010918961
10,99466504848913,-0.5092037,0.18554258,0.35719872
4,99466509633236,0.028229509,-0.027164243,-0.015978966
10,99466513329590,-0.41047275,0.24934816,0.32176876
4,99466518125840,0.017576864,-0.030626353,-0.015978966
10,99466523256049,-0.41419417,0.2966032,0.34147167
4,99466527118236,0.011185277,-0.032756884,-0.0039947415
10,99466532010424,-0.50808,0.30167294,0.3664446
4,99466536802403,-7.9894834E-4,-0.05006743,0.008788432
10,99466544409590,-0.4836899,0.28143787,0.3780079
4,99466549173809,2.663161E-4,-0.053263225,0.01304949
10,99466552910684,-0.40459478,0.2824521,0.36309052
4,99466556152142,0.010918961,-0.043409526,0.021038974
10,99466564188705,-0.32970178,0.27120924,0.28323174
4,99466569026986,0.011185277,-0.03488741,0.03488741
10,99466572829434,-0.2824036,0.30057287,0.2940979
4,99466576076257,0.0055926386,-0.018109497,0.042876896
10,99466583957663,-0.20769286,0.264246,0.25303364
4,99466588715632,-0.002396845,-0.0034621095,0.047137953
10,99466592341101,-0.17933166,0.18587494,0.35368156
4,99466595652872,0.0031957934,0.009853696,0.055127434
10,99466603734174,-0.16184473,0.09581852,0.24364376
2,99466608490632,-42.0,-9.0,25.0
10,99466612960163,-0.08842671,0.074067116,0.17339706
4,99466617778445,0.023435818,0.038083203,0.06178534
10,99466622840111,-0.080979705,0.13798857,0.13134289
4,99466626645528,0.018908445,0.03914847,0.06498113
10,99466629246622,-0.10492468,0.10686016,0.15049553
4,99466635861517,0.0031957934,0.029294772,0.070041135
10,99466644606517,-0.116321445,0.01988411,0.20255852
4,99466649524747,0.017310547,0.021837922,0.06684534
10,99466653268445,-0.11204052,0.019774914,0.20177174
4,99466656491205,0.047137953,0.010120012,0.06018744
10,99466663065424,-0.17504108,-0.18613577,0.37901592
4,99466667907976,0.07350325,0.0010652645,0.056991648
10,99466672163392,-0.23873246,-0.22881842,0.36828804
4,99466675406361,0.08016115,-0.008788432,0.052464273
10,99466682849799,-0.25610864,-0.11671591,0.43386745
4,99466687636517,0.07536746,-0.01784318,0.03888215
10,99466691256361,-0.20609093,0.002898693,0.28453445
4,99466694620424,0.054594804,-0.029294772,0.024234766
10,99466702634278,-0.14624631,0.07136059,0.23236561
4,99466707464434,0.037284255,-0.039947417,0.0026631611
10,99466711115007,-0.13946247,0.102488995,0.1909008
4,99466716006830,0.027696876,-0.050600063,-0.007456851
10,99466721054903,-0.07769084,0.115641594,0.12911034
4,99466724948080,0.00958738,-0.054328486,-0.03355583
10,99466729330945,-0.08488047,0.10368252,0.17939568
4,99466735174903,7.9894834E-4,-0.051931642,-0.037284255
10,99466742001934,-0.16399848,0.11034727,0.11083794
4,99466746799538,-0.01917476,-0.050866377,-0.026631612
10,99466751425892,-0.101385474,0.078183174,0.03390026
4,99466754673340,-0.027963191,-0.033289514,-0.016777916
10,99466761775580,-0.062579155,0.059340477,0.017725945
4,99466766578236,-0.011185277,-0.0127831735,-0.004261058
10,99466770244226,-0.06013298,0.06705189,0.05404663
4,99466773649538,-0.0010652645,-0.007190535,0.0026631611
10,99466781554486,-0.09841859,0.101801395,0.06486511
2,99466786323497,-41.0,-6.0,26.0
10,99466790534226,-0.1614629,0.18762922,0.016870499
4,99466793754122,0.024501082,0.004261058,0.016245283
10,99466801331882,-0.15455794,0.19341755,0.008787155
4,99466806127872,0.012516857,0.01571265,0.03781689
10,99466810708236,-0.22469807,0.22154427,0.02244854
4,99466815608497,0.011451593,0.018375812,0.046339005
10,99466820491465,-0.20715559,0.17352009,0.1463108
4,99466824287090,0.010386328,0.017310547,0.054328486
10,99466829850528,-0.19627655,0.094763756,0.14106464
4,99466833082455,-0.015446335,0.01784318,0.05539375
10,99466840874017,-0.20423174,0.06585264,0.13231564
4,99466845723653,-0.046072688,0.02876214,0.06471482
10,99466849392090,-0.2495501,0.09835243,0.268116
4,99466852772611,-0.050333746,0.029827405,0.06844324
10,99466860650684,-0.29104018,0.11508608,0.26310253
4,99466865548080,-0.09534117,-0.002130529,0.052996907
10,99466870156986,-0.38573837,0.112160206,0.28821564
4,99466873365840,-0.10146644,-0.014647386,0.04261058
10,99466880425372,-0.36348403,0.09413624,0.35563564
4,99466885325476,-0.09241169,-0.02876214,0.025832662
10,99466889013132,-0.29829693,0.07329798,0.38011456
4,99466892280997,-0.06870956,-0.033822145,0.017044231
10,99466900208653,-0.30402768,0.12210655,0.36025906
4,99466905056934,-0.05832323,-0.043409526,0.011451593
10,99466909674642,-0.26081443,0.22916031,0.33952475
4,99466914571257,-0.06764429,-0.045540057,0.016511599
10,99466919485632,-0.22304213,0.21178722,0.3812065
4,99466923289486,-0.083889574,-0.046072688,0.021837922
10,99466928332976,-0.2897687,0.15780592,0.3784256
4,99466933221622,-0.10359697,-0.05006743,0.0314253
10,99466939755944,-0.36745048,0.077189445,0.3936944
4,99466944610111,-0.112119086,-0.05352954,0.03914847
10,99466948268705,-0.26626706,0.05043745,0.40991926
4,99466951650892,-0.096939065,-0.048469532,0.03542004
10,99466959535997,-0.23708165,0.04727602,0.2918706
2,99466964443861,-42.0,-7.0,26.0
10,99466968710892,-0.19782448,0.0050730705,0.23351002
4,99466971943392,-0.06711166,-0.087618,0.025566347
10,99466979309486,-0.08487296,0.016403198,0.22007847
4,99466984175059,-0.032490566,-0.09187906,0.022370555
10,99466988795684,-0.0521183,0.113582134,0.22889137
4,99466992007924,0.017576864,-0.08841695,0.027963191
10,99466999093028,-0.10211432,0.061243534,0.20637655
4,99467003941257,0.039947417,-0.082558,0.03568636
10,99467008523861,0.020107746,-0.008190155,0.39507437
4,99467013446465,0.05139901,-0.055127434,0.019441076
10,99467018516778,0.01650405,0.0759244,0.47679138
4,99467022319955,0.041545313,-0.026631612,0.021837922
10,99467027637507,-0.23167825,-0.0064587593,0.4148574
4,99467030875892,0.0,-0.0127831735,0.05219796
10,99467038643132,-0.3513354,-0.07571983,0.44328117
4,99467043523080,-0.018109497,7.9894834E-4,0.068176925
10,99467047184174,-0.3725953,-0.08999443,0.53031874
4,99467050540111,0.0013315806,0.0,0.06791061
10,99467058414226,-0.39835477,-0.14981318,0.39221954
4,99467063327194,0.018109497,0.0018642128,0.06364955
10,99467067938965,-0.35284674,-0.06795454,0.38212585
4,99467071182246,0.040746365,0.00479369,0.05006743
10,99467078197194,-0.2987436,0.23558044,0.30759954
4,99467083054746,0.06684534,0.0061252704,0.022903185
10,99467086768288,-0.25106823,0.3730569,0.28376102
4,99467090076778,0.064182185,0.019441076,0.004261058
10,99467097975476,-0.41293287,0.29908705,0.4268031
4,99467102885736,0.025033714,0.0039947415,0.0
10,99467106582038,-0.5863275,0.20920372,0.33500195
4,99467110253705,-0.010120012,-0.0037284256,-0.010120012
10,99467116792715,-0.46286625,0.22769117,0.3367052
4,99467121589382,0.02609898,0.016777916,-0.022903185
10,99467126212194,-0.26444662,0.3112092,0.2918005
4,99467129660424,0.05486112,0.026631612,-0.022370555
10,99467137539226,-0.18728554,0.37857485,0.15048647
2,99467142338913,-41.0,-6.0,26.0
10,99467146569799,-0.17367291,0.40371418,0.06539726
4,99467149785476,0.082025364,0.030626353,-0.0037284256
10,99467157315632,-0.09637749,0.45056248,0.0787611
4,99467162173549,0.087618,0.034088463,-0.007989483
10,99467165836569,-0.10294521,0.387321,0.13766956
4,99467169205007,0.091080114,0.041279,-0.0018642128
10,99467177093340,-0.11986005,0.20793343,0.03909588
4,99467181932559,0.081226416,0.052464273,0.027696876
10,99467185597767,-0.065959334,0.12793064,0.044091225
4,99467189004590,0.08175905,0.05885586,0.030360037
10,99467196856726,-0.028624058,0.103703976,0.025606155
4,99467201633340,0.07563378,0.06764429,0.023169503
10,99467205330111,0.068448424,-0.027642727,0.067424774
4,99467210095788,0.06551377,0.06711166,0.02263687
10,99467215216569,0.10553861,-0.087245464,0.053390503
4,99467219352142,0.050333746,0.06551377,0.027963191
10,99467225287923,0.09278965,-0.41263866,0.10314655
4,99467228564121,0.04181163,0.064182185,0.032490566
10,99467236425580,0.08297253,-0.4902444,0.17038727
4,99467241239121,0.054328486,0.04314321,0.024234766
10,99467245075371,-0.120640635,-0.66866636,0.24221516
4,99467248347611,0.05912218,0.03701794,0.018109497
10,99467256193861,-0.21946478,-0.6520982,0.25098038
4,99467260439590,0.05486112,0.029294772,-0.025033714
10,99467265137090,-0.3129152,-0.35690308,0.24704742
4,99467268377090,0.046072688,0.02743056,-0.04474111
10,99467275982767,-0.28226554,-0.23181343,0.1549139
4,99467280811465,0.007989483,0.021038974,-0.10013486
10,99467285513653,-0.35156608,-0.07934284,0.16673946
4,99467288748965,-0.004261058,0.014913702,-0.116912775
10,99467295755840,-0.41312224,-0.059762955,0.19883728
4,99467300600788,-0.021837922,-0.011984225,-0.1419465
10,99467304372455,-0.48967767,-0.023432255,0.37029552
4,99467309151048,-0.014913702,-0.035952676,-0.14913702
10,99467314072455,-0.505291,-0.026900768,0.38054562
2,99467318257246,-40.0,-6.0,29.0
10,99467324173444,-0.51522243,0.076188564,0.39779568
4,99467327442507,0.047137953,-0.033822145,-0.112119086
10,99467335309538,-0.5235709,0.2549343,0.46038246
4,99467340087142,0.071106404,-0.036485307,-0.08681905
10,99467343780892,-0.5119519,0.52517796,0.3539772
4,99467348563965,0.077231675,-0.02876214,-0.07137272
10,99467355094903,-0.52083576,0.5867686,0.32857513
4,99467359865476,0.06950851,-0.022903185,-0.056459017
10,99467363635476,-0.48357248,0.7182412,0.24353218
4,99467366986621,0.061252706,-0.014114754,-0.035952676
10,99467374863548,-0.36812842,0.82826185,0.2061882
4,99467379649642,0.05912218,-0.002396845,0.0037284256
10,99467383389121,-0.41198027,0.8560133,0.14055538
4,99467386765580,0.049002163,-0.0034621095,0.049534798
10,99467394647090,-0.3852744,0.855577,0.051169395
4,99467399461101,0.05832323,-7.9894834E-4,0.077231675
10,99467403155163,-0.28898084,0.76055574,0.17045403
4,99467407977871,0.06578008,0.00479369,0.11744541
10,99467412998392,-0.41686994,0.5109787,0.119924545
4,99467417439903,0.0644485,0.0037284256,0.14674018
10,99467423066986,-0.41279906,0.46507788,0.19157982
4,99467426315371,0.07536746,0.0058589545,0.1488707
10,99467434206205,-0.3133316,0.40555525,0.09621525
4,99467438964225,0.061252706,0.01571265,0.15739283
10,99467443564850,-0.24372745,0.24799204,0.02148819
4,99467446776153,0.026365295,0.033822145,0.17257284
10,99467453971778,-0.20514572,0.18643427,0.07740784
4,99467458824642,0.004261058,0.034621093,0.18535602
10,99467463444694,-0.2804488,0.07487488,0.14693165
4,99467466688288,-0.019441076,0.03089267,0.18908444
10,99467473760475,-0.32187557,-0.024339676,0.17756748
4,99467478524278,-0.03169162,0.025832662,0.18162759
10,99467483147559,-0.3668018,-0.1434555,0.13767815
4,99467486362350,-0.037284255,0.011984225,0.15765914
10,99467493538653,-0.33833224,-0.23500156,-0.0684433
2,99467498365371,-41.0,-6.0,29.0
10,99467502623496,-0.2707082,-0.13377714,-0.08795977
4,99467507404434,-0.047670584,-0.012250541,0.06498113
10,99467512320684,-0.28963077,-0.1436615,0.15088654
4,99467516120215,-0.05965481,-0.04261058,0.011984225
10,99467519658809,-0.43328995,-0.38547993,0.36157608
4,99467526595632,-0.091080114,-0.10146644,-0.04234426
10,99467534605007,-0.5046271,-0.5167184,0.6431341
4,99467539383132,-0.07590009,-0.14993598,-0.09241169
10,99467543126361,-0.5205699,-0.5101199,0.6501293
4,99467546365684,-0.029827405,-0.16378441,-0.1107875
10,99467552868653,-0.33014822,-0.5811186,0.585762
4,99467557639903,-0.017576864,-0.14487597,-0.09187906
10,99467559756153,-0.2415688,-0.29142618,0.4732294
4,99467566199121,-0.025033714,-0.12783173,-0.07536746
10,99467574118340,-0.2611822,-0.02235794,0.46311665
4,99467578956778,-0.0644485,-0.118776985,-0.04261058
10,99467583581882,-0.27351236,-0.018379688,0.4678707
4,99467586837715,-0.087618,-0.122771725,-0.05006743
10,99467592747923,-0.1595521,0.21193361,0.39701176
4,99467597599173,-0.092944324,-0.11025487,-0.055127434
10,99467599710059,-0.20742416,0.20714903,0.332366
4,99467606123705,-0.08655274,-0.103064336,-0.05006743
10,99467611193548,-0.28837872,0.26787615,0.2759409
4,99467615117611,-0.05273059,-0.07882957,-0.018375812
10,99467620636048,-0.21116829,0.37259483,0.33059692
4,99467624084850,-0.04261058,-0.075101145,-0.009853696
10,99467631903705,-0.12589288,0.38832378,0.36405182
4,99467636832402,-0.033289514,-0.060720075,0.010918961
10,99467640458652,-0.12326813,0.3094821,0.3749466
4,99467643873600,-0.041279,-0.06524745,0.021038974
10,99467651954746,-0.16641605,0.28220558,0.4103012
4,99467656743652,-0.024501082,-0.070041135,0.041279
10,99467660509694,-0.21601272,0.23437071,0.31931877
4,99467663995788,-0.009853696,-0.06764429,0.046072688
10,99467671720632,-0.20280647,0.21164227,0.28725243
2,99467676567715,-41.0,-4.0,27.0
10,99467680845007,-0.13356698,0.2828045,0.2848549
4,99467684118288,0.022903185,-0.050333746,0.06551377
10,99467691501205,-0.087913394,0.27621603,0.21698093
4,99467696350475,-0.019441076,-0.048203215,0.071106404
10,99467699997611,-0.0019601583,0.15398836,0.22214985
4,99467704931048,-0.034621093,-0.042876896,0.072171666
10,99467710022715,-0.03710282,0.106892586,0.22461796
4,99467713854017,-0.046072688,-0.041545313,0.08016115
10,99467719531986,-0.15664327,-0.031144142,0.24998283
4,99467722975527,-0.038083203,-0.040746365,0.087085366
10,99467731040580,-0.19614053,-0.13516808,0.21566439
4,99467735060267,0.036218993,-0.020506341,0.05912218
10,99467739163132,-0.13519621,0.004383564,0.21280193
4,99467744112923,0.058056913,-0.0127831735,0.04447479
10,99467750829173,-0.13709092,0.052204132,0.18708181
4,99467755657350,0.06711166,-0.00958738,0.022370555
10,99467759323496,-0.18482792,0.069438934,0.19366693
4,99467762579330,0.03195793,-0.013582122,0.009321064
10,99467770599798,-0.14537454,0.057044506,0.21828938
4,99467775503288,0.0037284256,-0.016245283,-0.0058589545
10,99467779150788,-0.13852239,0.044739246,0.1993866
4,99467782387975,-0.013315806,-0.011984225,-0.010918961
10,99467790378444,-0.17431808,0.015171528,0.15537024
4,99467795279955,-0.016511599,-0.0034621095,0.0
10,99467798969225,-0.11163747,-0.011089802,0.16699171
4,99467803859121,0.018642128,0.027963191,-0.010386328
10,99467808940215,0.06395924,0.13400793,0.25041628
4,99467812734538,0.05273059,0.06791061,-0.062051654
10,99467818483652,0.0037671328,0.4385271,0.27937698
4,99467821857038,0.054328486,0.08442221,-0.10679276
10,99467829930996,-0.19721699,0.5027566,0.046700478
4,99467834837767,-0.023702133,0.08894958,-0.105727494
10,99467838495371,-0.18994546,0.1743288,-0.13077354
4,99467841706048,-0.10865697,0.095074855,-0.090014845
10,99467849708236,-0.17405057,-0.10894394,-0.12260771
2,99467854536204,-39.0,-4.0,26.0
10,99467857791413,-0.09487605,-0.1300745,0.04900217
4,99467862602663,-0.050333746,0.12809806,-0.041279
10,99467869488288,-0.07484412,-0.117148876,0.21475601
4,99467874474329,-0.016777916,0.15073492,-0.014114754
10,99467878123704,-0.19401419,-0.05460167,0.24356031
4,99467881354225,0.007456851,0.1488707,-0.008255799
10,99467889276152,-0.21382177,-0.07018995,0.146626
4,99467894180527,0.008788432,0.1555286,-0.011717909
10,99467897899434,-0.18323672,-0.18438292,0.30077314
4,99467902735163,0.007989483,0.14807177,-0.0058589545
10,99467907839590,-0.33818698,-0.21444702,0.31848907
4,99467911636829,0.03568636,0.12436963,0.004261058
10,99467917297142,-0.30530667,-0.16461563,0.2564006
4,99467920756777,0.06338324,0.11824436,0.0034621095
10,99467928846257,-0.18115819,-0.053002357,0.20228672
4,99467933715423,0.07190535,0.11744541,-0.009853696
10,99467937363444,-0.13497019,0.1569767,0.09662914
4,99467940611673,0.052464273,0.09614012,-0.029028457
10,99467948593652,-0.15324771,0.27863216,0.039419174
4,99467953525632,0.013582122,0.08575379,-0.03914847
10,99467957174173,-0.10425317,0.25891495,0.13257599
4,99467960401934,-0.014913702,0.08149273,-0.04580637
10,99467968374173,-0.13008487,0.1892376,0.26361084
4,99467973315163,0.009853696,0.07456851,-0.041012682
10,99467976977923,-0.15585876,0.049951553,0.27959347
4,99467980185684,0.054062173,0.08495484,-0.033822145
10,99467988150319,-0.08553183,0.08912039,0.26917934
4,99467992984642,0.09374327,0.09134643,-0.035153728
10,99467996706048,-0.058065534,0.26961708,0.329731
4,99468001484694,0.11052119,0.09267801,-0.032490566
10,99468006632923,-0.065858126,0.34950304,0.2065649
4,99468010474382,0.09773801,0.09720538,-0.015446335
10,99468016196152,-0.06800592,0.43702745,0.20808983
4,99468019654798,0.082558,0.09534117,-0.011717909
10,99468027681934,-0.034415483,0.426548,0.16830635
2,99468032872350,-40.0,-1.0,25.0
10,99468037075527,-0.012563467,0.3556533,0.2470522
4,99468040310632,0.035153728,0.10040118,0.006924219
10,99468047494486,-0.042120814,0.1795373,0.27702808
4,99468052268861,0.021571605,0.09827065,0.025300032
10,99468055932298,-0.09640658,0.05060482,0.40606403
4,99468059208444,0.017576864,0.09614012,0.03222425
10,99468067274694,-0.11633527,-0.0028185844,0.41134262
4,99468072125059,0.022903185,0.096939065,0.031158986
10,99468075788913,-0.15048504,-0.08516455,0.46675968
4,99468079033704,0.03089267,0.09347696,0.029827405
10,99468087051986,-0.16335571,-0.07043648,0.39460564
4,99468091909902,0.058056913,0.09054748,0.02263687
10,99468095541100,-0.16700566,-0.109788895,0.4125471
4,99468100359798,0.051132694,0.08442221,0.020240024
10,99468105481986,-0.16496181,-0.07001209,0.3661661
4,99468109313236,0.04580637,0.063116916,0.0039947415
10,99468115093027,-0.15175366,-0.018349648,0.41120625
4,99468118532819,0.04580637,0.037284255,-0.015978966
10,99468126611621,-0.1408844,-0.10959768,0.40682888
4,99468131465267,0.023169503,0.016245283,-0.03701794
10,99468135089954,-0.2246542,-0.26165867,0.46345997
4,99468138329746,0.0127831735,0.0063915867,-0.043942157
10,99468146394173,-0.23421669,-0.25448465,0.47579098
4,99468151358027,0.015446335,-7.9894834E-4,-0.06764429
10,99468155069954,-0.08820307,-0.10242844,0.36560822
4,99468158309173,0.019973708,0.0013315806,-0.07456851
10,99468166165475,-0.04175496,-0.066339016,0.3555069
4,99468171009902,0.022370555,-0.006924219,-0.0958738
10,99468174740840,-0.032272458,0.100571156,0.28035164
4,99468177950267,0.022903185,-0.018109497,-0.10705908
10,99468185930840,-0.051160097,0.116084576,0.27936554
4,99468190717454,0.028495824,-0.035153728,-0.13422333
10,99468194441048,-0.20378315,0.07845926,0.3095293
4,99468199316256,0.032490566,-0.06551377,-0.15739283
10,99468204404173,-0.28745604,0.038398266,0.26352882
2,99468208253965,-41.0,-3.0,27.0
10,99468214015111,-0.27101135,-0.012630463,0.28172493
4,99468217412767,0.06764429,-0.10679276,-0.14753912
10,99468225495423,-0.20644379,0.13371515,0.2926445
4,99468230371621,0.12330436,-0.10546118,-0.12623383
10,99468234163756,-0.1790905,0.27820396,0.26948166
4,99468237402194,0.14354439,-0.10173275,-0.10865697
10,99468245285788,-0.16750062,0.3218813,0.14069653
4,99468250046048,0.11957593,-0.06178534,-0.09960223
10,99468253823965,-0.06874335,0.2605157,0.38627052
4,99468257029069,0.08042747,0.10066749,-0.03834952
10,99468265087246,-0.018909574,-0.11989117,0.085660934
4,99468269895527,-0.12144015,0.5225122,0.20932446
10,99468273589538,-0.09996474,-0.17430973,0.66485405
4,99468276804850,-0.4165184,1.0551444,0.6498113
10,99468284873965,-0.701956,0.56926155,1.61695
4,99468289691725,-0.5049353,1.3496901,1.1406319
10,99468293539069,-1.5629768,0.15764332,2.1552715
4,99468298366100,-0.7390272,1.1973573,1.531584
10,99468303485006,-1.5137005,-0.83906937,0.50801086
4,99468307307090,-0.69987875,0.6372945,1.5070829
10,99468312154486,-0.45336437,0.7168875,1.9611416
4,99468317001204,0.37310886,0.09720538,0.9193232
10,99468324424121,-0.7586016,-0.21169758,2.1857367
4,99468329229225,0.15739283,-0.23276028,0.14807177
10,99468332984850,-2.6788204,0.20379686,0.10243893
4,99468336222350,-0.66365975,-0.38269624,-0.24501082
10,99468344226517,-3.2051408,2.498299,0.6194172
4,99468349064381,-1.109473,-0.52650696,-0.32730252
10,99468352870892,-1.5543196,1.2871757,0.19945526
4,99468356111048,-1.1757857,-0.7025419,-0.4644553
10,99468363930423,-0.5183365,-0.97323847,-0.4846797
4,99468368747506,-0.6287723,-0.8362326,-0.53955644
10,99468372405319,-0.5792353,-1.1847324,-0.06198311
4,99468375649798,0.23915187,-0.8431568,-0.5209143
10,99468383705579,-0.95969933,-1.1601009,-0.9462533
2,99468388465058,-36.0,-1.0,27.0
10,99468392777715,-1.2616876,0.8644595,-1.2647414
4,99468397599746,0.3406183,-0.7728494,-0.34141725
10,99468402742558,-0.93386674,1.8934808,-1.6813321
4,99468406564486,-0.005060006,-0.7890946,-0.39627838
10,99468409221100,-0.6752991,0.90706587,-1.3533278
4,99468416609798,-0.27803403,-0.8021441,-0.4261058
10,99468424558600,-0.6825904,0.066461086,-0.42092085
4,99468429350371,-0.18562233,-0.76485986,-0.42797
10,99468433073913,-0.7649825,0.07518816,-0.4008031
4,99468436318392,0.06018744,-0.63889235,-0.40586576
10,99468443076777,-0.1404196,-0.2268858,-0.34752703
4,99468447909069,0.2561961,-0.44315,-0.35340148
10,99468450023965,0.101395845,-0.032959938,-0.71623755
4,99468456359381,0.29854035,-0.3653857,-0.31372038
10,99468462638548,0.17809129,0.3371415,-0.89500904
4,99468467456100,0.3057309,-0.2298308,-0.20959078
10,99468471156777,0.5080658,0.41923904,-1.1639924
4,99468474490058,0.27190876,-0.19094865,-0.19574234
10,99468482439902,0.6021347,0.33603573,-1.3729572
4,99468487286256,0.13981596,-0.090014845,-0.19973709
10,99468491910475,0.56341934,0.48397684,-1.0565801
4,99468496735058,0.11558119,-0.06391586,-0.19760656
10,99468503126985,0.46505654,0.6196933,-0.6797199
4,99468507570996,0.04926848,-0.056459017,-0.2034655
10,99468509678496,0.41238868,0.4592743,-0.3086238
4,99468515687038,0.016511599,-0.06578008,-0.2146508
10,99468521967767,0.38952887,0.34977722,-0.095457554
4,99468526834017,-0.052996907,-0.09241169,-0.2711098
10,99468531462558,0.5061996,0.16246843,0.37741947
4,99468534710006,-0.049002163,-0.09720538,-0.2841593
10,99468541744381,0.47222257,0.045732975,0.45186234
4,99468546649642,-0.010652645,-0.07829694,-0.26019084
10,99468550355840,0.37985635,-0.005417347,0.49631882
4,99468553639017,-0.002130529,-0.06844324,-0.2298308
10,99468561527350,0.41487062,-0.005689621,0.58442783
2,99468566321360,-34.0,4.0,21.0
10,99468570542558,0.48860037,0.107275486,0.6151576
4,99468573790683,0.10279802,-0.020772656,-0.08628642
10,99468581307558,0.4202112,0.16788387,0.66524124
4,99468586106465,0.1834918,-0.020240024,-0.005060006
10,99468590719902,0.41105437,0.51847744,0.50290537
4,99468595559017,0.19973709,-0.019707393,0.015978966
10,99468600503756,0.4559847,0.64738035,0.40701866
4,99468604299694,0.20852552,-0.011185277,0.052996907
10,99468609486465,0.5452472,1.0015726,0.20644999
4,99468614322715,0.20106867,-0.011984225,0.083889574
10,99468620870527,0.5142292,1.3575354,0.0817256
4,99468625782923,0.16325177,-0.035952676,0.109988555
10,99468630378392,0.44770193,1.4338398,-0.08171129
4,99468633628860,0.06950851,-0.059388492,0.13422333
10,99468640659329,0.5353925,1.3991871,0.06611633
4,99468645594225,-0.0053263223,-0.040480047,0.15233281
10,99468650161673,0.6361668,1.3402085,0.16814947
4,99468653373965,-0.035153728,0.10679276,0.20932446
10,99468660425892,0.6833838,1.1056633,0.5361433
4,99468665282871,-0.07163903,0.4181163,0.4263721
10,99468669859329,0.37736428,0.4234233,1.1478224
4,99468673087246,-0.17949706,0.7837683,0.82824314
10,99468680173183,-0.6021749,-0.7681074,1.4973025
4,99468685195683,-0.38269624,1.005876,1.2503542
10,99468689969746,-1.3776007,-1.5747533,1.6808672
4,99468694846152,-0.376571,1.0042781,1.4799186
10,99468699779225,-1.2544599,-1.3514419,0.058708668
4,99468703602350,0.007989483,0.716923,1.2498215
10,99468708479746,-0.65559095,-0.98590326,1.7453861
4,99468711842298,0.34301516,0.16964336,0.46658584
10,99468719729017,-1.4062637,-3.1701612,1.7482886
4,99468724672819,-0.40107206,-0.4314321,-0.39121836
10,99468729290787,-1.8214393,-2.4413905,1.2323642
4,99468732507350,-0.83010733,-0.6173208,-0.78057253
10,99468739505475,-1.7359358,-1.2649655,2.0099554
2,99468744405579,-42.0,3.0,22.0
10,99468747836569,-1.561562,-1.9586334,1.4789872
4,99468747836569,-0.6801714,-0.5653891,-0.566987
11,99468747836569,-0.29555,0.121618,-0.544668,0.775367,3.0
4,99468754350944,-0.5022722,-0.59361863,-0.50653327
10,99468758941517,-0.20947671,-1.9541159,0.4615302
4,99468762803860,0.08468852,-0.63196814,-0.5278385
10,99468766501412,0.6907872,-0.76011515,0.030362606
4,99468771189642,0.5629923,-0.59628177,-0.61572284
10,99468777741204,0.22697806,0.77531004,-1.0467591
4,99468781799277,0.42237735,-0.63409865,-0.6085323
10,99468786309642,-0.43865287,2.1944792,-1.9048266
4,99468791395162,0.023435818,-0.7190535,-0.55074173
10,99468797481985,-0.086162806,2.771832,-1.3860617
4,99468803179277,-0.29348037,-0.7203851,-0.50360376
10,99468807770475,0.33475196,1.8931642,-0.48822308
4,99468810987298,-0.44687843,-0.60906494,-0.45167214
10,99468818623235,0.09647119,0.4786625,0.05987692
4,99468823461048,-0.42290998,-0.4346279,-0.30599722
10,99468828076569,-0.3209319,-0.026183605,0.5799179
4,99468831356621,-0.20772657,-0.2545982,-0.08655274
10,99468838397454,-0.5099119,0.1576004,0.697659
4,99468843252975,0.055926383,-0.09374327,0.10013486
10,99468847846204,-0.32241488,0.4438963,0.40648127
4,99468851082610,0.18455707,0.026365295,0.19254655
10,99468858211100,-0.15427613,1.074503,-0.043797493
4,99468863098027,0.22716765,0.07829694,0.1834918
10,99468867714746,-0.13164067,1.7381835,-0.15156889
4,99468870950006,0.20905815,0.061252706,0.11265171
10,99468877945110,-0.20823479,1.7336779,-0.43324757
4,99468882792975,0.054594804,0.03488741,0.029827405
10,99468887381725,-0.29046524,1.2303739,-0.53992033
4,99468891029694,-0.12650016,0.017044231,-0.033822145
11,99468904799173,-0.312358,0.098259,-0.560428,0.760721,3.0
4,99468906720267,-0.19467708,0.0010652645,-0.07350325
10,99468913062819,-0.3683015,-0.53809357,0.48258877
11,99468913062819,-0.313197,0.098817,-0.560557,0.760209,3.0
4,99468913062819,-0.17443706,-0.008255799,-0.082025364
4,99468915898183,-0.13315806,-0.018375812,-0.09560748
4,99468928549590,0.007456851,-0.032490566,-0.1307612
4,99468932439589,0.086020105,-0.03542004,-0.15020229
11,99468935593652,-0.314097,0.098576,-0.560686,0.759773,3.0
4,99468943033548,0.24048345,-0.012516857,-0.16564862
10,99468953450787,-0.13720906,-0.6733308,0.35733128
4,99468955291673,0.44315,0.036218993,-0.15020229
10,99468961798860,0.11323619,-0.17893267,0.16202831
4,99468963606621,0.4860269,0.05139901,-0.14913702
10,99468971813704,0.17723083,-0.040364742,0.0694294
4,99468973640006,0.49854377,0.073236935,-0.15606125
10,99468979823235,0.28975844,0.15117598,-0.02633667
4,99468982524537,0.4213121,0.09241169,-0.15153387
10,99468993012871,0.3306651,0.25858355,-0.06466961
4,99468994850475,0.25353295,0.13528858,-0.10892329
10,99468999989694,0.34741616,0.34239197,0.2178545
4,99469002684329,0.22397186,0.13688648,-0.092944324
10,99469011604225,0.31874943,0.17652369,0.4007287
4,99469013454121,0.21198763,0.13928333,-0.052996907
4,99469025155787,0.24261399,0.10705908,0.0015978967
4,99469028272610,0.26897928,0.07243799,0.02876214
10,99469034748756,0.051016092,-0.23939657,0.36707163
4,99469038882610,0.29348037,-0.010386328,0.049801115
10,99469043395475,0.06594539,-0.0030679703,0.40304375
4,99469048067506,0.29800773,-0.06098639,0.018109497
10,99469054533392,0.009236097,0.44088793,0.5076227
4,99469058662142,0.27643612,-0.08016115,-0.030626353
10,99469063210475,-0.12685704,0.47221088,0.55830765
4,99469067841360,0.20772657,-0.092145376,-0.05672533
10,99469074336985,-0.25785577,0.014781475,0.452518
4,99469078441829,0.16884442,-0.10839066,-0.057790596
10,99469083361933,-0.40536916,-0.7141466,0.62943697
4,99469088221829,0.24580978,-0.13528858,-0.06657903
10,99469095495475,-0.43589437,-1.1645107,1.0238285
2,99469099761204,-43.0,3.0,21.0
10,99469104130162,-0.21787345,-1.0348907,1.020648
4,99469108926152,0.48176584,-0.014114754,-0.08974853
10,99469113871725,-0.4258405,-0.4980526,0.8261218
4,99469118884433,0.50360376,0.07829694,2.663161E-4
10,99469122909589,-0.43431795,-0.12600899,0.6462498
4,99469127708444,0.4293016,0.18375812,0.10439592
10,99469135124069,0.001222372,-0.030575275,0.79736996
4,99469139890527,0.28682247,0.33795515,0.16911073
10,99469143622194,0.3124876,0.009833813,1.0312881
4,99469146963964,0.13768543,0.51798487,0.2580603
10,99469154898444,4.7767162E-4,0.0029568672,1.1764278
4,99469159695944,0.054328486,0.763262,0.48655954
10,99469163489173,-0.16239154,-0.6236954,1.5527039
4,99469166754485,-0.04580637,0.89162636,0.7241135
10,99469174629485,-0.5769559,-0.5922985,2.1922169
4,99469179420631,0.12197278,0.6103965,0.6823019
10,99469183137246,-0.61653495,-0.6576762,2.949562
4,99469186504069,0.26338664,0.014647386,0.22530343
10,99469194405214,-0.22150421,-1.1554823,2.5452642
4,99469199250371,0.23169503,-0.46365637,-0.31052458
10,99469203915631,-0.6328366,-1.3079028,2.126235
4,99469208729485,0.19627498,-0.655404,-0.5121259
10,99469213649277,-1.4587557,-1.4574833,1.2684345
4,99469217470058,0.062051654,-0.700944,-0.41412157
10,99469220886933,-0.826681,-0.60754156,-0.3237095
4,99469227558964,-0.0026631611,-0.66845345,-0.32996565
10,99469235470631,0.28169382,0.77986956,-1.6298451
4,99469240248444,0.03009372,-0.60267335,-0.3603257
10,99469244026621,0.20167518,0.7693572,-1.617003
4,99469247270527,0.02609898,-0.5717807,-0.44661212
10,99469253769850,0.5931256,0.685977,-1.4287734
4,99469258609225,-0.12942964,-0.59202075,-0.6010755
10,99469263201516,0.5913384,0.24927807,-1.3520231
4,99469266434381,-0.20373182,-0.50813115,-0.7278419
10,99469273540475,0.56350017,-0.2561412,-1.0516291
2,99469278305058,-33.0,8.0,20.0
10,99469280467194,0.6664612,-0.63682556,-0.90319395
4,99469286970631,-0.041545313,-0.17923075,-0.6508766
10,99469294846464,0.7452283,-0.5774574,-1.0201273
4,99469299621412,0.22556975,0.11851067,-0.44394895
10,99469303318548,0.72435856,-0.60169744,-1.0294247
4,99469308092714,0.32996565,0.28229508,-0.37017938
10,99469313040631,0.92893195,0.14174128,-1.5053988
4,99469316862298,0.32863408,0.4628574,-0.33103094
10,99469319982819,0.94090843,0.7091689,-1.6322942
4,99469326225944,0.28895298,0.55313855,-0.30040458
10,99469333084798,0.8422394,0.91154385,-1.4932208
4,99469337950839,0.14487597,0.7209177,-0.17230652
10,99469341609121,0.6845708,1.3332307,-1.0128579
4,99469344854537,0.103064336,0.75101143,-0.15180019
10,99469352843756,0.804857,1.3932459,-0.93533134
4,99469357610006,-0.0063915867,0.81892204,-0.17949706
10,99469361428287,0.6568544,1.4249861,-0.74306726
4,99469364671621,-0.049801115,0.83996105,-0.17417073
10,99469372631568,0.538162,1.3081062,-0.74400616
4,99469377427298,-0.13741912,0.8905611,-0.07643273
10,99469381075058,0.1901977,1.0222611,-0.22691488
4,99469384450839,-0.1323591,0.9057411,-0.038615838
10,99469392402558,0.09822035,0.972157,-0.08558655
4,99469397376725,-0.084155895,0.9424927,0.026631612
10,99469401021516,-0.30221367,0.7661066,-0.060700417
4,99469405877558,-0.09054748,0.93397063,0.03914847
10,99469411025214,-0.43639064,0.7404709,-0.18670177
4,99469414908235,-0.1041296,0.9084043,0.058589544
10,99469420389641,-0.43917155,0.7421837,-0.06462765
4,99469425286152,-0.08282431,0.8748484,0.06098639
10,99469431937037,-0.28242028,0.7685976,0.1249876
4,99469436703600,0.011717909,0.7803062,0.032490566
10,99469440350943,-0.4975059,0.74355125,0.6307707
4,99469443616204,0.02876214,0.72011876,0.030360037
10,99469451711985,-0.56996965,0.71781015,0.67537403
2,99469456510266,-32.0,-3.0,22.0
10,99469460760058,-0.7608532,0.44659948,1.0134907
4,99469464052089,0.040480047,0.5249091,0.092944324
10,99469471486673,-0.78585887,0.12800932,1.1151428
4,99469476319746,0.052464273,0.556867,0.21118867
10,99469479957402,-1.2709597,-0.6224432,1.5147371
4,99469483219589,0.09187906,0.6463492,0.39148468
10,99469491311152,-1.41471,-0.76438236,1.7946539
4,99469496088287,0.20266657,0.7866978,0.6287723
10,99469499731881,-1.5258851,-1.4316239,2.0793285
4,99469504704433,0.24181503,0.95208013,0.8625979
10,99469509845318,-1.5721215,-1.6561484,2.0813303
4,99469513660214,0.24394555,1.0229203,1.0580739
10,99469519286100,-2.3917832,-1.6590505,1.901062
4,99469522736360,0.25859293,0.80400836,1.1667309
10,99469530871933,-3.097693,-0.4952588,1.4612732
4,99469535705371,0.5632586,0.36938044,0.8586032
10,99469539326829,-3.3493261,0.38991737,3.0643005
4,99469542559693,0.36218992,-0.18056233,0.1371528
10,99469550648235,-4.333058,-0.12665224,2.0298328
4,99469555656464,-0.4498079,-0.6173208,-0.38429415
10,99469560005527,-5.294665,0.13169575,2.59058
4,99469563239485,-0.8492821,-0.89535475,-0.4561995
10,99469570420527,-4.3767586,-0.80421925,2.3419628
4,99469575312610,-0.6378271,-0.9669938,-0.47004795
10,99469578956881,-2.183404,-1.3251638,0.17587471
4,99469582167246,-0.060720075,-0.86685896,-0.47031426
10,99469590175839,-1.2167501,-0.058324337,-1.4078054
4,99469595052766,0.3635215,-0.76778936,-0.40266997
10,99469598701881,-1.1956208,1.5729542,-2.797523
4,99469602338548,0.032756884,-0.71798825,-0.41252366
10,99469608941152,-1.227198,2.4612985,-3.3188167
4,99469613872402,-0.6854977,-0.64714813,-0.4383563
10,99469617577558,-1.3628552,2.5472302,-1.9331889
4,99469622360318,-1.0628676,-0.5795039,-0.4362258
10,99469629731725,-1.1671383,0.93467855,-1.0455475
2,99469634576673,-31.0,-4.0,24.0
10,99469638787610,-0.8166574,-0.5403919,-0.87448025
4,99469642029850,-0.58696073,-0.34248254,-0.30519825
10,99469649506568,-0.5281022,-0.72233963,-0.9789257
4,99469654490527,-0.025033714,-0.221575,-0.17470337
10,99469658138131,-0.22381175,-0.06667709,-1.5478377
4,99469661355423,0.26631612,-0.13422333,-0.109988555
10,99469669284120,0.017803907,0.842371,-2.0060596
4,99469674104381,0.2050634,-0.100933805,-0.113983296
10,99469677711829,0.11643791,1.4871461,-2.0422077
4,99469680961620,-0.01304949,-0.11797804,-0.16484967
10,99469689099016,0.30899274,1.5232809,-1.7956696
4,99469693940058,-0.2016013,-0.112918034,-0.20026971
10,99469697588860,0.52172697,1.1209755,-1.3366785
4,99469702376152,-0.2894856,-0.07243799,-0.17417073
4,99469707497714,-0.2894856,-0.07243799,-0.17417073
4,99469711385110,-0.2790993,-0.013315806,-0.1222391
10,99469717016048,0.8557612,0.654552,-0.06679058
4,99469721851829,-0.2612561,0.010120012,-0.0958738
10,99469728595683,0.74355507,0.37019634,0.17174816
4,99469733500110,-0.216515,0.063116916,0.014913702
10,99469737143548,0.8481903,0.33207703,0.57258797
4,99469740344850,-0.18961707,0.087085366,0.058056913
10,99469748379433,1.1075928,0.36865473,0.7060652
4,99469753269277,-0.08335695,0.2066613,0.18242654
10,99469756888964,1.1760317,0.34145212,0.59085274
4,99469760126048,-0.07563378,0.25300032,0.2314287
10,99469768162923,1.0733991,0.4456687,0.5209093
4,99469773038079,-0.096939065,0.38802257,0.3818973
10,99469776694485,1.3000537,0.4857564,0.92826366
4,99469779939120,-0.10466223,0.45460162,0.4263721
10,99469787949589,1.3679283,0.4524479,1.0166893
4,99469792792766,-0.20453078,0.68203557,0.5355617
10,99469796456777,0.8829541,0.23221874,1.1523762
4,99469801350683,-0.25992453,0.7507451,0.56645435
10,99469806465266,0.6942152,0.10803366,0.94925404
2,99469810298391,-34.0,1.0,14.0
10,99469816064745,-0.11817455,-0.21658087,1.3587646
4,99469819371881,-0.3304983,0.7616641,0.67324716
10,99469827479850,-0.21111667,-0.13654995,1.7703733
4,99469832327454,0.02130529,0.391751,0.5336975
10,99469835995214,-0.3970843,-0.4559207,2.71517
4,99469839222402,0.07536746,0.25353295,0.42264366
10,99469847259120,-0.5112803,-0.5701008,3.2837162
4,99469852058443,-0.21837921,-0.2263687,0.08335695
10,99469855710683,-1.0762204,-0.066550255,3.0003767
4,99469858954433,-0.2926814,-0.36432046,-0.0010652645
10,99469867019589,-0.8832342,-0.0037078857,2.9605112
4,99469871820735,-0.314253,-0.6282397,-0.09347696
10,99469875480214,-0.14787114,-0.6752958,1.3415794
4,99469878750370,-0.25566345,-0.680704,-0.12250541
10,99469886843912,0.1255008,-0.46896315,0.8866224
4,99469891632818,0.14833808,-0.7704525,-0.25539714
10,99469895342193,0.16007471,0.22465324,-0.27152348
4,99469900145475,0.22929817,-0.81199783,-0.29454562
10,99469905216672,-0.005303383,0.3770542,-0.45829678
4,99469909083704,0.21704763,-0.94781905,-0.35926044
10,99469914887766,-0.37807488,0.45611668,-0.10533619
4,99469918271516,0.08522116,-1.0325075,-0.3587278
10,99469926365370,-0.2948966,0.8301568,0.033280373
4,99469931115475,0.058056913,-1.0064086,-0.32011196
10,99469934915475,-0.12383604,0.6908603,0.52254486
4,99469938132141,0.061519023,-0.912399,-0.24394555
10,99469946144016,-0.11488283,0.5097699,0.60592556
4,99469950933027,0.025033714,-0.7840346,-0.079095885
10,99469954649537,0.18182921,0.5320177,0.37126064
4,99469957878391,0.062051654,-0.64555025,0.112119086
10,99469965950214,0.45848954,0.6248479,-0.04321575
4,99469970770891,0.13342437,-0.51958275,0.31052458
10,99469974496360,0.7234123,0.5404763,-0.4736972
4,99469977725683,0.17470337,-0.40080574,0.54195327
10,99469985716881,0.7696712,0.6270757,-0.8362279
2,99469990568600,-33.0,8.0,15.0
10,99469994924381,0.7264677,0.9756975,-0.9175024
4,99469999690110,0.29188246,-0.28682247,0.92118746
10,99470004861308,0.724527,1.0547309,-0.743907
4,99470008684381,0.22716765,-0.19041602,1.0394318
10,99470013920839,0.7565218,1.0452204,-0.06312466
4,99470017166152,0.07882957,-0.055926383,1.0894992
10,99470025257870,0.19669497,0.9774389,0.6318388
4,99470030063027,-0.0037284256,0.030626353,1.0905645
10,99470033895214,-0.23607469,-0.37576008,0.12336826
4,99470037141204,-0.012250541,0.16431704,1.063134
10,99470045282141,0.01505065,-1.785697,0.037633896
4,99470050053756,0.14327806,0.381631,1.0982877
10,99470053870214,0.23781908,-2.091086,0.40037727
4,99470057119224,0.39281628,0.60507023,1.1851068
10,99470064800474,0.32502735,-1.8648758,-0.17180443
4,99470069555839,0.34567833,0.7528756,1.1784488
10,99470073340631,0.71165776,-0.29541874,-1.4953885
4,99470076558339,0.16751283,0.71346086,0.7816378
10,99470084578235,0.7206427,1.0095444,-1.0229583
4,99470089348443,-0.103064336,0.39254996,0.07536746
10,99470093065266,-0.9575598,-1.3980765,0.119091034
4,99470098091881,-0.96113485,-0.12756541,-0.42770368
10,99470103195735,-1.8415492,-2.8604808,1.1655388
4,99470107025422,-1.0010823,-0.4878911,-0.63409865
10,99470110076829,-1.4082012,-3.878015,2.8726063
4,99470117474849,-0.18056233,-0.59867865,-0.6058692
10,99470125498131,-0.75089,-4.3851547,2.3913784
4,99470130370058,0.7155914,-0.5438175,-0.46685216
10,99470134075631,-0.82120585,-4.4487696,2.357678
4,99470137310318,1.1938951,-0.4495416,-0.3653857
10,99470143932245,0.4304701,0.15409565,-1.2550168
4,99470148782141,1.1219898,-0.42317632,-0.40293628
10,99470152363756,0.54453874,2.2923286,-2.1712432
4,99470156329745,0.90973586,-0.43223104,-0.48203218
10,99470163732037,1.0154005,3.1591256,-2.5866122
2,99470168596672,-34.0,14.0,21.0
10,99470170756047,0.9220265,1.6220367,-2.454938
4,99470176610474,-0.5001417,-0.27776772,-0.93636745
10,99470183348235,0.43996453,-0.0871582,-0.36214542
4,99470188141777,-0.62371236,0.02130529,-0.75154406
10,99470192767506,0.013224483,-1.237392,0.7354789
4,99470197603079,-0.16378441,0.28469193,-0.535828
10,99470203988756,-0.0763067,-1.922821,0.7607064
4,99470208454172,0.2495382,0.5502091,-0.26525086
10,99470210546204,-0.07869744,-0.89331913,0.7798562
4,99470216396099,0.42211103,0.6535397,-0.14141385
10,99470222889745,0.025869727,-0.1857748,0.5603552
4,99470227727766,0.5411543,0.7957525,0.14620754
10,99470231140422,0.21351731,1.8021963,-0.023414612
4,99470234774589,0.50333744,0.80587256,0.21917816
10,99470242602245,0.34277368,2.1414063,-0.11382723
4,99470247386881,0.38722363,0.77870834,0.39734364
10,99470252007818,-0.15072143,1.8790331,0.88401127
4,99470255245214,0.3358246,0.71106404,0.4527374
10,99470262392766,-0.523843,1.5115616,2.0396795
4,99470267181568,0.0793622,0.31052458,0.29188246
10,99470271821099,-0.8542571,0.1732068,2.4445324
4,99470275057349,-0.17337179,0.11105382,0.116912775
10,99470282160891,-0.8215096,-0.19407606,2.1093683
4,99470286976099,-0.57284594,-0.31158987,-0.3291667
10,99470291610839,-0.2683493,-0.8646321,2.092677
4,99470296375370,-0.51771855,-0.37710363,-0.3616573
10,99470301366099,-0.21897924,-1.3339758,1.7566547
4,99470305246672,-0.23489082,-0.4149205,-0.3355583
10,99470310151568,0.39778495,-1.6074543,0.54606915
4,99470315001099,0.16085494,-0.3368899,-0.32091093
10,99470321758599,0.763512,-0.8408103,-0.31192064
4,99470326590579,0.50626695,-0.19707392,-0.3518036
10,99470331217454,0.52704525,0.5314832,-0.61332273
4,99470334522714,0.56245965,-0.022903185,-0.39627838
10,99470341536151,0.46888936,0.49130344,-1.2711296
2,99470346335110,-33.0,5.0,24.0
4,99470353535787,0.0053263223,0.29028457,-0.287311,99470359874068,-0.27888,0.078075,-0.515436,0.806507,3.0
4,99470364987610,0.057257965,0.47058058,-0.07483483
10,99470369407662,0.4425038,0.46087408,-0.66241074
4,99470374114068,0.13954964,0.62264705,0.10972224
10,99470380836881,0.19396627,0.8580203,-0.8066244
4,99470385504641,0.2862898,0.6985472,0.24714136
10,99470389767974,-0.05625534,1.9048951,-0.35312748
4,99470394424954,0.5182512,0.77231675,0.39281628
10,99470399454381,-0.6759291,1.4455688,-0.85057783
4,99470403553547,0.4245079,0.8918927,0.67670923
10,99470409209329,-1.747146,0.68671274,-0.32283878
4,99470413873339,0.3581952,0.9534117,1.0040118
10,99470420386672,-2.364359,0.5177674,0.23537636
4,99470425134276,0.40080574,0.89349055,1.0586065
10,99470429385214,-2.888564,0.4444661,1.1319304
4,99470432505318,0.24820662,0.5640575,0.64581656
10,99470440182454,-4.4770494,-1.3418489,2.8512106
4,99470444857610,-0.7299725,5.326322E-4,-0.024234766
10,99470449109745,-5.252432,-1.7048392,3.2290878
4,99470452251985,-1.2522184,-0.4133226,-0.52597433
10,99470459957401,-4.5887065,-2.2662797,4.0601807
4,99470464685058,-0.99096227,-0.5811018,-0.6508766
10,99470468232349,-3.2817817,-3.4787364,2.789217
4,99470472896881,-0.25060347,-0.62717444,-0.6197176
10,99470479727401,-1.5860951,-2.5197015,0.32871914
4,99470484459693,0.50653327,-0.6021407,-0.55127436
10,99470488711776,-0.8249394,0.20361137,-2.220069
4,99470493413651,0.7803062,-0.60533655,-0.54648066
10,99470498321776,-0.697415,2.8007421,-3.8914409
4,99470502432714,0.34993938,-0.6412892,-0.65513766
10,99470508088026,-0.82553726,3.9858892,-4.1951146
4,99470512731464,-0.5355617,-0.7323693,-0.7864315
10,99470519282349,-1.3447449,3.2739701,-3.415986
2,99470524025839,-30.0,2.0,28.0
10,99470528067818,-1.3827918,1.6253831,-1.7425385
4,99470531382714,-1.1459582,-0.83223784,-0.86898947
10,99470539014849,-0.8434329,-0.32907677,-0.32459688
4,99470543676516,-0.7214503,-0.6601977,-0.8375642
10,99470547916516,-0.6348739,-1.8964949,0.31073856
4,99470551147349,-0.2625877,-0.47377637,-0.7126619
10,99470558767766,-0.7806516,-1.6877103,-0.06717205
4,99470563732662,0.175236,-0.31292143,-0.5536712
10,99470568348183,-0.29316366,-0.2751522,-0.55210066
4,99470571580578,0.3898868,-0.11611383,-0.43542686
10,99470578860578,0.23873699,0.9028435,-1.1534534
4,99470583688026,0.2644519,0.0644485,-0.37044573
10,99470587391568,0.5824951,1.5669963,-1.4673996
4,99470592214381,0.09454222,0.13848437,-0.35260254
10,99470597227766,0.5016564,1.7302907,-1.5705004
4,99470601385631,-0.5219796,0.15579493,-0.33422673
10,99470607232922,0.052666783,1.3129511,-1.7193742
4,99470610503287,-0.685764,0.11451593,-0.32783514
10,99470618452766,0.3570398,0.97587824,-1.6703649
4,99470623362453,-0.8093347,0.07190535,-0.35579833
10,99470627054328,0.9051112,0.9651418,-1.0661149
4,99470630294016,-0.71532506,0.108124346,-0.36778256
10,99470638189433,0.9529984,0.85743713,-0.880918
4,99470643077870,-0.48815745,0.15100123,-0.3089267
10,99470647700683,0.47119975,0.3493204,0.14607477
4,99470650940891,-0.42211103,0.07376956,-0.23782028
10,99470657944433,0.30236232,0.038951397,0.75458574
4,99470662831724,-0.38775626,0.01784318,-0.19787288
10,99470666493339,0.32989764,-0.12764692,1.0006714
4,99470669813235,-0.37763625,-0.013848438,-0.19787288
10,99470677727297,0.094685316,-0.054629803,0.884223
4,99470682519068,-0.2495382,-0.15739283,-0.2479403
10,99470687141985,-0.003056407,0.44321537,0.48187923
4,99470691919693,-0.18695392,-0.19254655,-0.2724414
10,99470696847870,0.35018098,0.3685875,0.40567112
2,99470700663808,-36.0,-1.0,17.0
10,99470704697714,0.25208628,-0.034531593,0.79298496
4,99470710912193,-0.073236935,-0.2695119,-0.28895298
10,99470717290058,0.055949926,-0.22901201,0.9604497
4,99470722220943,-0.1965413,-0.4146542,-0.25246766
10,99470725889172,-0.20982659,-0.43378353,1.4526248
4,99470729129433,-0.2625877,-0.43675843,-0.23568976
10,99470736528860,-0.2184614,-0.44497824,1.4129419
4,99470741381360,-0.41758367,-0.4359595,-0.18216023
10,99470745106151,-0.29593837,-0.19722986,0.96539307
4,99470749988651,-0.5115933,-0.46658584,-0.14008227
10,99470756833755,-0.26597095,0.05616665,0.88377523
4,99470761678339,-0.47670585,-0.561927,-0.1898834
10,99470766272089,0.3494351,0.1273427,0.5305972
4,99470769515162,-0.40746364,-0.65194184,-0.32597092
10,99470776692089,0.49478126,-0.13402748,0.62530136
4,99470781488964,-0.34514567,-0.71292824,-0.48522797
10,99470785195058,0.30818677,-0.9996729,1.4909172
4,99470790003703,-0.26232138,-0.76912093,-0.5970807
10,99470794979537,0.06436396,-1.1913805,1.7326245
4,99470799097089,-0.17496969,-0.7957525,-0.6087986
10,99470805035370,-0.14174223,-1.2439394,1.6926694
4,99470808299328,-0.11824436,-0.7355651,-0.54275227
10,99470816399485,0.079879045,-0.6950722,1.3926239
4,99470821160891,-0.05219796,-0.6098639,-0.47217846
10,99470825018443,0.34559107,0.10610676,1.1518216
4,99470828258391,-0.020772656,-0.49801114,-0.41438788
10,99470835956360,0.38680482,0.54987955,0.96966934
4,99470840778026,-0.035952676,-0.44528055,-0.36618465
10,99470844505995,0.41730785,0.5660391,0.8147092
4,99470847808912,-0.07989483,-0.39574575,-0.32091093
10,99470855731672,0.38400578,0.48613024,0.78025866
4,99470859645370,-0.09187906,-0.30945933,-0.25539714
10,99470864327558,0.20713758,0.56174994,0.75747156
4,99470867603599,-0.08974853,-0.22397186,-0.16431704
10,99470875527349,0.06337619,0.78546286,0.49234676
2,99470880323808,-41.0,-4.0,14.0
10,99470884693651,0.06219554,1.0207958,0.26373482
4,99470889455110,-0.08335695,-0.09534117,-0.008255799
10,99470894368495,0.1874845,0.99814224,0.10653877
4,99470898165474,-0.109988555,-0.03435478,0.038083203
10,99470903183287,0.24026656,0.75490713,0.38971615
4,99470908038651,-0.12170646,0.006657903,0.0958738
10,99470915118964,0.029318333,0.3837924,0.5404029
4,99470919901464,-0.10173275,0.057257965,0.17656758
10,99470923663235,-0.058016777,0.16421938,0.7000694
4,99470926922766,-0.026365295,0.103064336,0.2428803
10,99470934846307,-0.030478716,0.12291193,0.54130507
4,99470939746412,0.06258429,0.116912775,0.25300032
10,99470943628130,0.057847023,0.24131775,0.19451332
4,99470946865787,0.10146644,0.12197278,0.2181129
10,99470954640578,0.15825462,0.30503416,-0.07388401
4,99470959426568,0.05539375,0.11930962,0.1736381
10,99470963209224,0.042833805,0.12913465,-0.063144684
4,99470966490162,-0.03568636,0.090281166,0.13635385
10,99470974416412,-0.1415515,-0.18194008,0.27160692
4,99470979240995,-0.0793622,0.0561927,0.111852765
10,99470982947089,-0.2115345,-0.50512266,0.5351162
4,99470987767505,-0.054328486,0.04926848,0.08841695
10,99470992734485,-0.19268298,-0.6425395,0.5286894
4,99470996849016,-0.0034621095,0.048469532,0.050333746
10,99471001318599,-0.18310785,-0.53719425,0.3682766
4,99471007117245,0.0396811,0.060720075,0.013848438
10,99471015496047,-0.136518,-0.42797756,0.28812504
4,99471020310370,0.017310547,0.05486112,-0.016511599
10,99471024018235,-0.13309884,-0.42726088,0.28734732
4,99471027266985,-0.014114754,0.0055926386,-0.043409526
10,99471033133547,-0.3598137,-0.21118021,0.42973232
4,99471037952141,0.007989483,-0.024501082,-0.060453758
10,99471040057922,-0.29996276,-0.1824503,0.4632511
4,99471047029432,0.03009372,-0.02609898,-0.06178534
10,99471053714849,-0.30413365,-0.08904505,0.58512974
2,99471058493651,-43.0,-4.0,13.0
10,99471062831516,-0.44096184,0.09282017,0.5828538
4,99471066068026,0.06977482,-0.038083203,-0.025832662
10,99471073490891,-0.50236344,0.35465765,0.27492094
4,99471078342401,0.035153728,-0.06178534,-0.009853696
10,99471082016724,-0.30013227,0.49626255,0.30211067
4,99471086883807,0.02396845,-0.066312715,-0.006657903
4,99471096098651,-0.013848438,-0.087085366,0.002396845
10,99471100049016,-0.2853334,0.35050344,0.49517965
4,99471106146724,-0.019707393,-0.0892159,0.008522116
10,99471112780474,-0.29575682,0.34475994,0.5253868
4,99471117428130,-0.017310547,-0.0628506,0.05539375
10,99471120903443,-0.2564981,0.31596565,0.4215169
4,99471125588859,-0.019707393,-0.049534798,0.070041135
10,99471132582557,-0.21203446,0.36505985,0.36781073
4,99471137277662,0.026631612,-0.036751624,0.06711166
10,99471140742714,-0.15877676,0.2956953,0.39875698
4,99471144625630,0.037550572,-0.036218993,0.057257965
10,99471152346672,-0.16336274,0.22452497,0.35660982
4,99471157030839,0.048203215,-0.028229509,0.045007423
10,99471160501359,-0.22095942,0.1811943,0.42403078
4,99471165163287,0.054328486,-0.017576864,0.051132694
10,99471172116255,-0.22226262,0.12078905,0.38058567
4,99471176764432,0.04527374,0.0055926386,0.07403588
10,99471179837714,-0.29960155,0.12700987,0.09330988
4,99471184444693,0.020772656,0.009853696,0.09134643
10,99471192061724,-0.26767874,0.14974499,0.082448006
4,99471192061724,0.02263687,0.004527374,0.09321064
4,99471195750734,0.0314253,0.004261058,0.09321064
10,99471199859224,-0.12629724,-0.037903786,0.09604406
4,99471204096828,0.03222425,0.009054748,0.08362326
10,99471210510734,-0.14776659,-0.08944702,0.2195077
4,99471216427453,0.02609898,0.014114754,0.08069378
10,99471219917870,-0.20440602,-0.037784576,0.2207818
4,99471224715109,0.03914847,0.00479369,0.070041135
10,99471231643599,-0.1311574,-0.02299118,0.2004633
2,99471236256359,-42.0,-3.0,15.0
10,99471239677297,0.012254238,-0.0020108223,0.108192444
4,99471243726932,0.036751624,0.042077947,0.055127434
10,99471251200370,-0.01250267,-0.078492165,0.0780139
4,99471255926464,0.018375812,0.045007423,0.054062173
10,99471259400630,-0.02688551,-0.08219099,0.1823492
4,99471264100422,0.01304949,0.04261058,0.045007423
10,99471270993443,-0.013181448,-0.049987793,0.2534051
4,99471275724901,0.02263687,0.0561927,0.04261058
10,99471279200266,-0.077647924,-0.053889275,0.14921427
4,99471283830370,0.025832662,0.06950851,0.05832323
10,99471289606932,-0.14255023,-0.028688908,0.037373066
4,99471293507193,0.02130529,0.07163903,0.07456851
10,99471299470734,-0.1226573,0.051884174,-0.005176544
4,99471302835422,0.019441076,0.07962852,0.082558
11,99471319376255,-0.333961,0.108704,-0.652292,0.67169,3.0
4,99471322635474,0.02130529,0.080960095,0.08468852
10,99471328182245,-0.24671245,0.1840415,0.09118414
4,99471333090161,0.007190535,0.06844324,0.079095885
10,99471339220422,-0.24198103,0.21435356,0.09836388
4,99471344304068,0.014913702,0.066046394,0.06018744
10,99471348919901,-0.21709633,0.1960411,0.16535759
4,99471353757870,0.02263687,0.06578008,0.043409526
10,99471360058391,-0.22153068,0.06896448,0.28924274
4,99471363295995,0.022903185,0.05752428,0.03542004
10,99471368663130,-0.27903438,0.101398945,0.40779686
4,99471373516672,0.05566007,0.051665325,0.037550572
10,99471379832818,-0.3865478,0.039500713,0.34355068
4,99471383067297,0.07084008,0.051931642,0.054062173
10,99471388432089,-0.39521456,-0.030463219,0.29512072
4,99471393399016,0.06737798,0.05912218,0.077231675
10,99471398355943,-0.35230184,0.13385344,0.32256508
4,99471401906568,0.06844324,0.07376956,0.10146644
10,99471407265057,-0.36453938,0.28317642,0.39416695
2,99471413468026,-42.0,-3.0,15.0
10,99471419718078,-0.5679369,0.24787521,0.16901016
4,99471422963755,-0.029028457,0.030360037,0.13635385
10,99471428192505,-0.53831816,0.3004403,0.21819067
4,99471433021568,-0.022104237,-0.00479369,0.11424961
10,99471439161984,-0.4625275,0.22909784,0.19274378
4,99471442404641,0.009321064,-0.015180019,0.094808534
10,99471447796151,-0.40611887,0.15485287,0.3120551
4,99471452613599,0.01571265,-0.022370555,0.08522116
10,99471458948495,-0.4534037,0.19832659,0.3941784
4,99471462189328,-0.006924219,-0.023169503,0.083090626
10,99471467553911,-0.5102501,0.17381096,0.38644457
4,99471471488286,-0.05352954,-0.019441076,0.10040118
10,99471478720786,-0.5726683,0.038807392,0.34807348
4,99471481964641,-0.06258429,-0.022370555,0.13129385
10,99471487330161,-0.55221915,-0.1000433,0.3069992
4,99471492104693,-0.019973708,-0.029028457,0.15526229
10,99471497073703,-0.48316932,-0.1542139,0.3147869
4,99471500479276,0.013315806,-0.029827405,0.1603223
10,99471506884641,-0.40794492,-0.1180172,0.28280783
4,99471511692401,0.077231675,-0.026631612,0.15499598
10,99471518273443,-0.23837638,0.28556633,0.23459435
4,99471521512922,0.08495484,-0.007989483,0.1488707
10,99471526886203,-0.28594208,0.3892436,0.15689754
4,99471531682557,0.051665325,-0.0034621095,0.15579493
10,99471538065943,-0.26274514,0.29037428,0.07605076
4,99471541333859,-0.068176925,0.019441076,0.18082865
10,99471546661411,-0.19017935,0.26047373,0.014318466
4,99471551443443,-0.09534117,0.02743056,0.18375812
10,99471557836411,-0.18392515,0.27299452,-0.06596804
4,99471561071411,-0.094009586,0.018375812,0.17390442
10,99471566439901,-0.10786867,0.3021536,-0.03734207
4,99471571335474,-0.021038974,0.017310547,0.14301175
10,99471577608755,-0.059847593,0.16591597,-0.04315281
4,99471580844484,0.02609898,0.019441076,0.10173275
10,99471586217661,-0.19232082,-0.09801674,0.18348789
2,99471590968130,-43.0,-2.0,16.0
10,99471596012297,-0.23876953,-0.14397049,0.18605947
4,99471600534693,0.0,-0.0039947415,0.04261058
10,99471604940526,-0.1940794,-0.15728378,0.18103838
4,99471610947141,-0.02609898,0.019707393,0.045007423
10,99471616193495,-0.092574835,-0.14924288,0.0789814
4,99471619430943,-0.036485307,0.04314321,0.053795855
10,99471625745630,-0.12317562,-0.10509014,0.04104662
4,99471630013234,-0.03781689,0.047137953,0.046871636
10,99471636948599,-0.100049734,-0.044813633,0.050969124
4,99471640183703,-0.0396811,0.03435478,0.024234766
10,99471645687922,-0.06484175,0.018708706,0.12032366
4,99471650468391,-0.026365295,0.021837922,-0.0010652645
10,99471656728026,-0.0651021,0.025259972,0.21518803
4,99471659970838,-0.009321064,0.022903185,-0.009321064
10,99471665330838,-0.05567503,0.010781288,0.30852604
4,99471670090682,0.012516857,0.03089267,-0.006924219
10,99471676498391,-0.07632184,0.0548563,0.3334217
4,99471679736359,0.009321064,0.034088463,0.0039947415
10,99471685107401,-0.14136744,0.09973097,0.34421062
4,99471689936672,-0.01438107,0.028229509,0.01438107
10,99471694893443,-0.113592386,0.15330362,0.33245087
4,99471698264849,-0.0314253,0.033289514,0.021571605
10,99471704656151,-0.048723698,0.20254707,0.41401768
4,99471709438338,-0.021571605,0.045540057,0.03355583
10,99471716050630,-0.08395457,0.16073751,0.4777813
4,99471719295891,-0.018908445,0.051132694,0.049002163
10,99471724662766,-0.19877768,0.10719347,0.49322367
4,99471729421932,-0.007190535,0.051132694,0.0644485
10,99471735832609,-0.2240932,0.053257942,0.5559244
4,99471739062557,0.017310547,0.058589544,0.08522116
10,99471744449953,-0.17800856,0.01783657,0.5480194
4,99471749252193,0.033023197,0.07989483,0.120907515
10,99471755610578,-0.18286633,-0.019752026,0.43595028
4,99471758816516,0.005060006,0.09560748,0.16192019
10,99471764261568,-0.19868708,0.10990381,0.5518279
2,99471769038651,-43.0,-1.0,15.0
10,99471775445786,-0.21257734,0.12314224,0.5499997
4,99471778692193,-0.06764429,0.11052119,0.21065605
10,99471782440109,-0.23891354,0.06328726,0.5452113
4,99471789764328,-0.07669904,0.12676647,0.23835292
10,99471796204172,-0.21167707,0.10687876,0.5860753
4,99471800560526,-0.029827405,0.14168017,0.262854
10,99471804252557,-0.22524476,0.06315327,0.61351204
4,99471809120943,0.01438107,0.1486044,0.27057716
10,99471815177765,-0.27621603,0.11957884,0.5475521
4,99471818385109,0.057257965,0.13022858,0.27403927
10,99471821246255,-0.38874364,0.2680192,0.34643936
4,99471828936359,0.07856325,0.09773801,0.27377295
10,99471836522765,-0.31637144,0.4114356,0.12251663
4,99471839789120,0.094009586,0.076965354,0.2561961
10,99471844200890,-0.29707503,0.4098816,0.115222454
4,99471849013182,0.08042747,0.049534798,0.23542345
10,99471855130370,-0.27485394,0.26668072,0.083827496
4,99471858377609,0.036751624,0.02130529,0.22583607
10,99471861224380,-0.38259292,0.03444338,0.28254652
4,99471868492974,0.021571605,-0.0055926386,0.21624869
10,99471876043234,-0.39578044,-0.1418066,0.4090619
4,99471879286828,0.040213734,-0.017576864,0.20905815
10,99471882075943,-0.32634854,-0.24475765,0.4569459
4,99471888690786,0.07057377,-0.015446335,0.19734024
10,99471895042505,-0.20844197,-0.14027596,0.36285114
4,99471899522974,0.08841695,0.002130529,0.18269286
10,99471903256411,-0.10913181,-0.039716244,0.39841747
4,99471908025474,0.087085366,0.021571605,0.20106867
10,99471914148963,-0.07840705,-0.13441753,0.5392251
4,99471917386307,0.07749799,0.048203215,0.23888555
10,99471920237765,-0.12389684,-0.21103239,0.5248599
4,99471927814745,0.054062173,0.07989483,0.26738137
10,99471934075890,-0.08149433,-0.1504898,0.5654001
4,99471937322036,0.030360037,0.12436963,0.2828277
10,99471942165943,0.028482676,-0.076720715,0.6085291
2,99471947018495,-44.0,-1.0,16.0
10,99471953575734,0.08936882,-0.1924839,0.59719324
4,99471956823755,0.04447479,0.22184132,0.3584615
10,99471962021880,0.105683565,-0.33774376,0.5305443
4,99471966833547,0.066312715,0.24980451,0.38562572
10,99471973353651,0.2502737,-0.30433416,0.5286193
4,99471976575318,0.16911073,0.35420042,0.45247108
10,99471981709172,0.30794406,-0.25559282,0.4646287
4,99471986467609,0.19947077,0.39734364,0.47404268
10,99471991706151,0.28096652,-0.24775505,0.5335002
4,99471994917974,0.23888555,0.45806372,0.5275722
10,99472001360838,0.16506076,-0.13813353,0.57604265
4,99472006158338,0.24873926,0.48016796,0.55074173
10,99472012922557,0.07571769,0.0751915,0.48254585
4,99472016161880,0.25033715,0.46552056,0.5139901
10,99472021335370,0.23230922,0.3969431,0.28137636
4,99472026089276,0.25326663,0.44821003,0.41571945
10,99472031490682,0.3590399,0.53146076,0.18586111
4,99472035510942,0.2775014,0.42850262,0.25379926
10,99472040478963,0.44817388,0.86137486,0.060228825
4,99472045414849,0.30812773,0.3920173,0.06498113
10,99472052439745,0.2882024,0.6731014,-0.21104622
4,99472055688130,0.25859293,0.33262882,-0.096939065
10,99472060790995,-0.13299322,-0.068203926,-0.48584843
4,99472065643963,0.15632756,0.24314661,-0.19600865
10,99472072247661,-0.3184818,-0.69310665,-0.31109524
4,99472075489328,0.16405073,0.18429075,-0.22690132
10,99472080640213,-0.13691509,-1.1148143,0.08023548
4,99472085482453,0.30706248,0.19121496,-0.21145499
10,99472090623234,-0.06826627,-1.2865705,0.30476713
4,99472093790630,0.46951532,0.21864553,-0.1784318
10,99472100289745,-0.0014873743,-0.9155655,0.41930246
4,99472104387713,0.5523396,0.20586236,-0.18295917
10,99472111770838,-0.05378282,-0.3476367,0.3746829
4,99472114990317,0.5584649,0.12916331,-0.24367924
10,99472120117401,0.012444854,-0.21824169,0.19130182
2,99472124961411,-40.0,3.0,19.0
10,99472131551620,0.34299028,-0.19019079,-0.083468914
4,99472134789901,0.44101948,0.10040118,-0.36272255
10,99472139907401,0.3522917,0.29727745,-0.23843193
4,99472144881828,0.37603834,0.16884442,-0.31957933
10,99472151333547,0.08281958,0.7711606,-0.33517694
4,99472154552297,0.2892193,0.18136127,-0.257794
10,99472159730734,-0.047778964,0.7969446,-0.24408484
4,99472164652245,0.18801917,0.13662016,-0.26365295
10,99472171081932,-0.0026503801,0.47066784,-0.08128786
4,99472174379797,0.14354439,0.06924219,-0.32623723
10,99472179549067,-0.02485156,0.297678,0.012337208
4,99472184417765,0.18322548,0.041279,-0.3619236
10,99472189499432,-0.20208406,0.33445787,0.15254688
4,99472192675526,0.25885928,0.014647386,-0.34967306
10,99472199178390,-0.31784105,0.67981577,0.18497801
4,99472203276307,0.3898868,-0.006657903,-0.37470677
10,99472210694224,-0.12177932,0.6331401,0.023295403
4,99472213981724,0.5086638,-0.03009372,-0.43063316
10,99472219117505,-0.45171547,0.11966038,-0.1448946
4,99472223974380,0.61226076,-0.05139901,-0.39867523
10,99472230438911,-0.82693136,-0.09325886,0.24387169
4,99472233672661,0.75633776,0.006657903,-0.23276028
10,99472238908911,-0.671522,0.34865904,0.5843239
4,99472243821724,0.82158524,0.17763285,-0.0039947415
10,99472250200994,-0.36682677,1.3088918,0.65078735
4,99472253437192,0.77631146,0.3651194,0.22556975
10,99472258625890,-0.37957215,1.8322518,0.8208189
4,99472263484015,0.5603291,0.45193845,0.44474792
10,99472269975213,-0.625705,1.5074358,0.35597897
4,99472273210422,0.24554345,0.48975533,0.5699165
10,99472278416463,-0.46662164,1.2672098,0.34848976
4,99472283309692,0.09321064,0.66525763,0.5994776
10,99472288390786,-0.4640726,0.6219773,0.16279507
4,99472291570213,-0.025300032,0.8863,0.7323693
10,99472298055630,-1.6526573,0.068216324,0.2919922
2,99472302877869,-36.0,-2.0,24.0
10,99472309524640,-2.604732,-0.835546,0.35426712
4,99472312761880,0.030360037,0.43675843,0.77125144
10,99472317935213,-2.344499,-1.8644867,2.481041
4,99472322736619,0.06791061,-0.11424961,0.055127434
10,99472329299640,-2.3234234,-3.1223688,2.7849693
4,99472332546515,-0.09880328,-0.47963533,-0.6261092
10,99472337744901,-2.7002404,-2.9573274,2.5645256
4,99472342544067,-0.11771172,-0.57284594,-0.773382
10,99472349075942,-2.7467365,-2.401742,1.3374825
4,99472352319172,-0.11371698,-0.5475459,-0.58429754
10,99472357334901,-1.6015275,-1.1011162,-0.4232955
4,99472362141932,-0.10546118,-0.53502905,-0.5174522
10,99472368893599,-0.31845844,0.63388824,-1.467155
4,99472372133547,-0.06950851,-0.5949502,-0.59415126
10,99472377104849,-0.20994997,1.8503516,-2.1981015
4,99472382849901,-0.10173275,-0.64821345,-0.65913236
10,99472387929067,-0.6845832,2.3607123,-2.229332
4,99472391025161,-0.27563718,-0.8117315,-0.76778936
10,99472397044744,-0.98492354,2.3780782,-2.6194086
4,99472401867765,-0.58962387,-0.88869685,-0.81892204
10,99472408417349,-1.1865381,1.8700354,-1.6375299
4,99472411657297,-0.65487134,-0.9108011,-0.69002503
10,99472416631828,-1.1221099,1.136776,-0.45562506
4,99472421408651,-0.50813115,-0.9084043,-0.61385864
10,99472428223807,-0.91933835,0.6425643,0.0067224503
4,99472431437192,-0.2082592,-0.8149273,-0.45327002
10,99472436671932,-0.43639815,-0.24302197,0.5048084
4,99472441534640,0.0010652645,-0.66871977,-0.30972564
10,99472447957505,-0.56588066,-0.12689018,0.37689686
4,99472451201724,0.13182648,-0.52144694,-0.16405073
10,99472456409744,-0.30141222,0.8461275,-0.5496907
4,99472461351984,0.15845808,-0.35792887,0.0077231675
10,99472467764276,-0.08689284,1.1453261,-0.84537315
4,99472471009328,0.10279802,-0.20080236,0.1667139
10,99472475973963,0.27104568,1.6159856,-1.1414948
2,99472481711255,-30.0,1.0,22.0
10,99472486852817,0.43497157,1.8808258,-1.2592335
4,99472490106932,-0.14327806,-0.070041135,0.2958772
10,99472495666828,0.43026972,1.9757111,-1.1284442
4,99472500527349,-0.27483824,-0.06098639,0.2809635
10,99472507320630,0.35185218,1.6368654,-0.7610421
4,99472510564276,-0.3581952,-0.058589544,0.2894856
10,99472515559015,0.04199481,0.91692495,-0.36991644
4,99472520380109,-0.35739622,-0.09054748,0.34194988
10,99472527078963,-0.2163403,0.31226635,0.08594847
4,99472530288963,-0.21917816,-0.12543489,0.3898868
10,99472535468078,-0.029659748,-0.1440649,0.51248884
4,99472540241724,0.0063915867,-0.14274544,0.40373522
10,99472546858234,-0.043778658,-0.5082817,0.6747856
4,99472550104692,0.19121496,-0.15579493,0.40959418
10,99472555263442,-0.10621643,-0.70148706,0.64315224
4,99472560041255,0.24714136,-0.16591494,0.41172472
10,99472566641984,-0.1312418,-0.6087122,0.578177
4,99472569879380,0.22743396,-0.16538231,0.38083205
10,99472575101932,-0.06633997,-0.4651575,0.57196045
4,99472579882401,0.20692763,-0.17443706,0.30626354
10,99472585011515,0.09078169,-0.65350676,0.66133595
4,99472588251567,0.17044231,-0.17710021,0.22050974
10,99472594738130,0.19516468,-0.7503786,0.7427931
4,99472599605526,0.13981596,-0.19094865,0.14141385
10,99472606219744,0.21961594,-0.61781263,0.8327384
4,99472609486828,0.10945592,-0.18269286,0.07989483
10,99472614619432,0.23581553,-0.6563902,0.7195039
4,99472619417349,0.03488741,-0.17550232,0.04181163
10,99472626004380,0.13068223,-0.74345493,0.7100611
4,99472629234171,0.012250541,-0.13741912,0.05352954
10,99472634333182,0.4139204,-0.74035835,1.0721207
4,99472639153286,0.053795855,-0.007989483,0.1323591
10,99472645821828,0.44108152,-0.6689811,1.1414232
4,99472649066307,0.031158986,0.15153387,0.2647182
10,99472651911567,0.32855392,-0.15901613,0.81341743
2,99472659599015,-38.0,5.0,21.0
10,99472667224171,0.7500744,0.5081191,0.5048795
4,99472670473338,-0.13635385,0.5486112,0.5653891
10,99472674805578,0.82145953,0.52781487,0.499084
4,99472679601619,-0.16911073,0.7193198,0.7416904
10,99472684752869,0.6368487,0.5559006,0.50373554
4,99472687859119,-0.14061491,0.7028082,0.84635264
10,99472691529692,0.3950343,-0.44487572,0.16375923
4,99472699161255,-0.12783173,0.51931643,0.7736483
10,99472706729015,0.3393526,-0.64025116,1.6151714
4,99472709974953,0.014114754,0.18961707,0.4181163
10,99472714323078,0.36702228,-0.6310382,1.6151571
4,99472719149692,-0.051931642,-0.13182648,-0.03355583
10,99472725460786,-0.33431447,-2.058323,1.7594929
4,99472728700526,-0.19068234,-0.27137613,-0.30173615
10,99472730853026,-0.6000613,-2.034369,1.7978029
4,99472737273078,-0.15153387,-0.3174488,-0.34567833
10,99472744808807,-0.58793616,-1.6486416,1.605483
4,99472748222661,-0.10173275,-0.38615838,-0.35286885
10,99472750521984,-0.1378262,-0.8705263,0.14262581
4,99472758455682,-0.10279802,-0.44821003,-0.44767737
10,99472766670734,0.07169533,0.4741392,-0.6594887
4,99472770409223,-0.025566347,-0.50999534,-0.57098174
10,99472775356255,-0.005462408,0.45867252,-0.65026236
4,99472780161880,0.034621093,-0.6317018,-0.6809703
10,99472785209901,-0.09941697,0.44645596,-0.6334305
4,99472788290369,-0.092145376,-0.7568704,-0.7824367
10,99472790391046,-0.058715343,0.7122121,-1.3564796
4,99472798030630,-0.170176,-0.77391464,-0.81013364
10,99472803713651,-0.28601933,0.3735156,-0.4491539
4,99472806962921,-0.18295917,-0.73316824,-0.6804377
10,99472811690369,-0.52559674,0.10482216,0.6784911
4,99472817475005,-0.1206412,-0.71798825,-0.61226076
10,99472822501567,0.004242182,0.20194006,0.8388152
4,99472825963234,-0.06231797,-0.6127934,-0.51665324
10,99472831073598,0.085766315,0.18348217,0.8930087
2,99472837625994,-33.0,9.0,16.0
10,99472843869484,-0.076933146,0.10724115,0.76593924
4,99472847101411,0.025566347,-0.19893813,-0.19760656
10,99472851997505,0.0483768,0.4298854,0.2792678
4,99472856770942,0.07962852,-0.1222391,-0.12756541
10,99472863148963,0.19733167,0.5597806,0.12944078
4,99472866354328,0.14514229,0.004527374,-0.022903185
10,99472871812036,0.10268545,1.3342366,-0.61736536
4,99472876605369,0.13262543,0.08175905,0.047137953
10,99472881563130,0.07607198,1.5893462,-0.9007764
4,99472884911203,0.06231797,0.13741912,0.08575379
10,99472891533286,0.07521534,1.8061647,-0.98442316
4,99472896299171,-0.04181163,0.17656758,0.10040118
10,99472902715473,-0.10996294,1.4242058,-0.6882615
4,99472905968234,-0.15659387,0.18295917,0.10333065
10,99472911365005,-0.30024886,0.8980174,-0.28767443
4,99472916127661,-0.19787288,0.18109496,0.090014845
10,99472922485525,-0.28393173,0.57295275,0.23093271
4,99472925732400,-0.1272991,0.20479709,0.100933805
10,99472931089432,-0.51231146,0.0986681,0.37175512
4,99472936002921,-0.040213734,0.19094865,0.15313177
10,99472942239223,-0.7626742,-0.3982253,0.062782764
4,99472945474432,0.028495824,0.18162759,0.17736652
10,99472950907869,-0.5900631,-0.32558298,-0.04579258
4,99472955749380,0.11371698,0.20133498,0.16138756
10,99472962019223,-0.551317,-0.08413553,0.04580593
4,99472965260473,0.16112125,0.20559604,0.1304949
10,99472970642505,-0.53970957,-0.031116009,0.10220194
4,99472975488963,0.094009586,0.18535602,0.08575379
10,99472980425473,-0.44126892,0.10860205,0.27289486
4,99472983790734,0.00958738,0.18588865,0.038615838
10,99472989241932,-0.446105,0.12823248,0.509779
4,99472995746307,-0.06950851,0.2000034,0.027963191
10,99473001854171,-0.5218568,-0.12297726,0.5955143
4,99473005083859,-0.1454086,0.19973709,0.034621093
11,99473009082192,-0.312049,0.052965,-0.528447,0.787758,3.0
2,99473015589119,-32.0,8.0,17.0
10,99473021676203,-0.48864388,-0.13606024,-0.25680923
4,99473024913130,-0.057257965,0.16884442,0.025832662
10,99473030072505,-0.1269958,0.13601732,-0.43885946
4,99473034175942,0.025832662,0.16751283,0.013848438
10,99473040030578,-0.093245745,0.37960958,-0.01203537
4,99473043960005,0.07243799,0.11504856,-0.008255799
10,99473049888078,-0.20826697,0.37490988,0.2723198
4,99473054818078,0.029294772,0.05832323,-0.034621093
10,99473059865265,-0.23545861,0.19504404,0.3705969
4,99473063101984,-0.05539375,0.054328486,-0.036485307
10,99473069515213,-0.2899096,-0.07106924,0.4644618
4,99473074373286,-0.11531488,0.075101145,0.002130529
10,99473079308807,-0.290828,-0.27478218,0.5264754
4,99473082680005,-0.11797804,0.091080114,0.034088463
10,99473088200890,-0.15556002,-0.28191757,0.38858747
4,99473094876307,-0.08655274,0.07749799,0.03568636
10,99473099877869,-0.053203344,-0.08268881,0.08951759
4,99473104672036,-0.05912218,0.06657903,0.017044231
10,99473109253963,0.065182686,0.1148572,0.049545765
4,99473114188911,-0.05965481,0.04873585,7.9894834E-4
10,99473120297140,0.021933079,0.062194347,0.2221899
4,99473123510057,-0.06231797,0.0127831735,-0.018642128
10,99473128846827,-0.06425309,-0.09322691,0.4315486
4,99473134636723,-0.055926383,-0.022370555,-0.056991648
10,99473139656723,-0.09989023,-0.06317949,0.3899808
4,99473143641098,-0.047670584,-0.023435818,-0.09161274
10,99473148289900,-0.26645064,-0.041759968,0.39579058
4,99473153255994,-0.07590009,-0.02956109,-0.07483483
10,99473159773755,-0.4244914,-0.09000921,0.33327103
4,99473163010473,-0.10333065,-0.042876896,-0.054594804
10,99473168401359,-0.39304352,-0.09258747,0.44723272
4,99473173356515,-0.09853696,-0.066312715,-0.0727043
10,99473178285161,-0.38041306,-0.014665127,0.57556295
4,99473181563234,-0.08175905,-0.073236935,-0.084155895
10,99473187195421,-0.4298296,-0.008493423,0.48507643
2,99473192489536,-37.0,4.0,18.0
11,99473198224536,-0.314408,0.06251,-0.540049,0.778193,3.0
4,99473201350942,-0.05752428,-0.0974717,-0.075101145
10,99473206858390,-0.41087556,0.09564257,0.29884195
4,99473212102296,-0.014114754,-0.07350325,-0.06711166
10,99473218274848,-0.35272145,0.13863707,0.29671
4,99473222777192,-0.005060006,-0.063116916,-0.063116916
10,99473227359484,-0.30249524,0.22996807,0.2975068
4,99473232814900,-0.0053263223,-0.034088463,-0.04314321
10,99473237819848,-0.25852847,0.23636627,0.23351908
4,99473240924692,-0.027696876,0.012250541,-0.0053263223
10,99473246435265,-0.23221993,0.19133615,0.26113272
4,99473252793286,-0.06977482,0.06844324,0.046339005
10,99473257786411,-0.35631323,0.0701313,0.21824455
4,99473260852921,-0.081226416,0.090281166,0.09640643
10,99473267287973,-0.3881445,0.1352067,0.19786501
4,99473272756098,-0.013848438,0.09560748,0.11771172
10,99473277671150,-0.2999375,0.20898867,0.19976425
4,99473280777661,0.06364955,0.114782244,0.11984225
10,99473286028859,-0.24819112,0.25056314,0.22093725
4,99473291396671,0.094808534,0.123038046,0.12543489
4,99473298330682,0.092944324,0.116912775,0.12516858
4,99473301541671,0.07403588,0.10705908,0.12463594
10,99473307305577,-0.4414302,0.10833073,0.47551727
4,99473311243754,0.013848438,0.09667275,0.12410331
10,99473318046879,-0.4058107,0.03476572,0.5470066
4,99473321344067,-0.030626353,0.1107875,0.1272991
10,99473325522400,-0.3880993,-0.09808445,0.49814653
4,99473330902713,-0.022370555,0.112119086,0.13502227
10,99473337774692,-0.3621168,-0.1567998,0.3706355
4,99473341019952,0.002396845,0.1073254,0.12410331
10,99473346399536,-0.22838378,-0.029138088,0.16050482
4,99473350508077,0.02609898,0.10626013,0.10626013
10,99473357549588,-0.18830323,0.0435853,0.08296633
4,99473360766098,0.025300032,0.09986854,0.087085366
10,99473364815734,-0.28329897,-0.04866028,0.2333479
2,99473371759484,-37.0,5.0,17.0
10,99473376717348,-0.31980407,-0.08624363,0.40129232
4,99473380113807,0.030626353,0.050600063,0.0396811
10,99473384872921,-0.15426612,-0.16889715,0.47078848
4,99473390538286,0.0479369,0.05752428,0.009054748
10,99473397129327,-0.0902462,-0.08418512,0.42140722
4,99473400347140,0.06844324,0.062051654,-0.002130529
10,99473405747973,-0.09173679,0.035447598,0.2734146
4,99473409864275,0.04447479,0.059388492,0.0029294773
10,99473417663754,-0.06482339,0.10513115,0.12024784
4,99473420903077,-0.01571265,0.06364955,0.00958738
10,99473425721671,-0.039393425,0.22109938,0.14622927
4,99473429963025,-0.046072688,0.08149273,0.010652645
10,99473437433963,-0.08762097,0.18562889,0.4072671
4,99473440662088,-0.038083203,0.08362326,0.015180019
10,99473445361775,-0.30181015,0.108119965,0.58312464
4,99473450103650,-0.010120012,0.0743022,0.025832662
10,99473456432817,-0.30345166,0.14323139,0.51331854
4,99473459640369,0.012250541,0.095074855,0.04181163
10,99473465062452,-0.23826528,0.33422327,0.5228281
4,99473469871463,0.0031957934,0.1107875,0.06897587
10,99473474798390,-0.18070936,0.545372,0.37929392
4,99473479520942,-0.03542004,0.13022858,0.094808534
10,99473484665994,-0.14243507,0.6770711,0.27650547
4,99473489417088,-0.09321064,0.14807177,0.10759171
10,99473494895786,-0.14554477,0.71542645,0.18383265
4,99473498296567,-0.1272991,0.16218652,0.123038046
10,99473502918494,-0.18624616,0.63402367,0.20538092
4,99473510042296,-0.12676647,0.1488707,0.15472966
10,99473517636671,-0.33471704,0.5372715,0.17777443
4,99473520894796,-0.06897587,0.12623383,0.18455707
10,99473525809327,-0.3142116,0.5426645,0.17615509
4,99473530621567,0.026365295,0.087085366,0.18455707
10,99473536715890,-0.33838677,0.4587083,0.3304515
4,99473540173442,0.112119086,0.052996907,0.16431704
10,99473543759067,-0.30475187,0.43315172,0.21101618
2,99473548467192,-38.0,5.0,17.0
10,99473555321827,-0.18546665,0.4688859,0.31197596
4,99473558540577,0.105993815,0.021038974,0.15446335
10,99473561463129,-0.13997686,0.36832952,0.41253233
4,99473569711775,0.049801115,0.026631612,0.16538231
10,99473576655109,-0.026949406,0.19815922,0.5011473
4,99473579933859,0.021038974,0.03488741,0.16618125
10,99473582878494,0.107126,0.07844925,0.53945446
4,99473588947504,0.03568636,0.050866377,0.15686019
10,99473596474796,0.22670913,0.02684021,0.41220713
4,99473599740213,0.061252706,0.06737798,0.14407702
10,99473601856879,0.3057177,0.10345459,0.41938925
4,99473607790473,0.06178534,0.07749799,0.13821806
10,99473615837921,0.42190897,0.22305393,0.38167238
4,99473619615838,0.0479369,0.0974717,0.13528858
10,99473621558546,0.51288855,0.34037018,0.2308383
4,99473627567452,0.02130529,0.12756541,0.133957
10,99473635595473,0.63569283,0.33463573,0.40851307
4,99473638879796,-0.02396845,0.17976338,0.15153387
10,99473642803234,0.58183086,0.02769661,0.48451567
4,99473647533286,-0.06338324,0.21092236,0.17124127
11,99473653372556,-0.299081,0.087995,-0.556475,0.770157,3.0
4,99473653372556,-0.09720538,0.23915187,0.19574234
4,99473656867192,-0.1123854,0.25353295,0.2197108
10,99473661973650,0.18559909,-0.45464706,0.9117923
4,99473667744588,-0.060720075,0.28469193,0.26525086
10,99473672987713,0.34270406,-0.691278,0.8527403
4,99473677089588,0.02743056,0.3289004,0.2862898
10,99473681013598,0.36030722,-0.64110374,0.78199816
4,99473688010109,0.17230652,0.36671728,0.30972564
10,99473694226306,0.22012079,-0.35476112,0.44924212
4,99473697463390,0.31132352,0.4428837,0.38056573
10,99473700941879,0.28114474,-0.23083735,0.2744708
4,99473707791411,0.32117724,0.4775048,0.4016047
10,99473712867556,0.1988492,-0.13515997,0.1625104
4,99473716106098,0.29161614,0.5251754,0.45833004
10,99473722058181,-0.20542884,0.14245939,0.2355423
2,99473726897765,-39.0,7.0,20.0
10,99473732413702,-0.38806355,0.3073387,0.21611881
4,99473735794171,0.28442562,0.5113269,0.59787965
10,99473740695942,-0.76329386,-0.01808691,0.021089554
4,99473747364483,0.20559604,0.45034054,0.6831008
10,99473753662140,-1.4949081,-0.14414358,0.26737309
4,99473756879952,0.14674018,0.3864247,0.77444726
10,99473761704379,-2.2268257,-0.94562244,0.9446974
4,99473766393598,0.05219796,0.3888215,0.86206526
10,99473771655317,-2.5020108,-1.2451892,0.7816067
4,99473774901723,-0.13635385,0.43995422,0.91825795
10,99473781483442,-2.6336074,-0.42544365,0.3411436
4,99473786432556,-0.114782244,0.46525425,0.7483483
10,99473791745994,-1.980913,0.6020498,-0.22814226
4,99473795002036,-0.15419704,0.31052458,0.2247708
10,99473801139588,-2.1391392,-0.06837273,-0.12666988
4,99473806045213,-0.65194184,-0.008255799,-0.26019084
10,99473811767244,-1.8755543,-0.22971058,-0.19808006
4,99473815016202,-0.8428905,-0.2146508,-0.5044027
10,99473820917192,-1.4094391,-0.13035393,-0.019510746
4,99473825411827,-0.57604176,-0.2841593,-0.5073322
10,99473831347869,-1.2031461,-0.13747263,-0.48932457
4,99473835211931,-0.1454086,-0.3787015,-0.47617322
10,99473840910369,-1.0988064,0.6107435,-1.5051336
4,99473845784952,0.24314661,-0.54648066,-0.53103435
10,99473851073650,-1.1100379,1.2314248,-2.2125816
4,99473858200004,0.23835292,-0.79601884,-0.62717444
10,99473866755942,-1.0079769,1.311029,-1.9938192
4,99473868991567,-0.011451593,-0.8527442,-0.58030283
11,99473877342817,-0.295447,0.094138,-0.498105,0.809777,3.0
4,99473877342817,-0.027963191,-0.87697893,-0.5318333
4,99473879615525,0.007456851,-0.89109373,-0.4910869
10,99473885204952,-0.075888395,0.86003256,-0.34756327
4,99473885204952,0.05672533,-0.8855011,-0.45540056
4,99473887342661,0.12170646,-0.8202536,-0.4167847
11,99473897137140,-0.299476,0.084615,-0.498189,0.809296,3.0
4,99473899021046,0.23835292,-0.6013418,-0.29481193
11,99473906021983,-0.299962,0.081173,-0.498542,0.809251,3.0
4,99473906021983,0.30200246,-0.47537425,-0.19600865
4,99473907838338,0.38456047,-0.35792887,-0.06737798
4,99473916920577,0.47297743,-0.25699505,0.09321064
4,99473912838338,0.47297743,-0.25699505,0.09321064
4,99473918919900,0.5422196,-0.15925704,0.26711506
10,99473925240317,0.7527348,0.39826202,0.9477749
4,99473927112244,0.6250439,0.07084008,0.57311225
4,99473936726515,0.59787965,0.19893813,0.69694924
4,99473932112244,0.59787965,0.19893813,0.69694924
4,99473938693806,0.504669,0.32170987,0.7933557
10,99473945025317,1.0245286,0.9801645,-0.032850742
4,99473946916463,0.22237396,0.5656554,0.94142747
4,99473957663494,0.07749799,0.67537767,0.9733854
4,99473959604744,-0.046871636,0.73982614,0.9155948
10,99473967558546,1.5566998,0.42824793,0.4188242
4,99473969927348,-0.35553202,0.65726817,0.5382249
10,99473978940265,0.5945028,-1.8821378,1.6656199
4,99473981488910,-0.8974853,0.19947077,0.018908445
10,99473988837400,0.17230237,-2.4408941,2.0656695
4,99473991352556,-1.1616709,-0.23062976,-0.4032026
10,99474000027140,0.15449572,-3.2249055,2.9547114
4,99474003260317,-0.41705105,-0.4213121,-0.47723848
10,99474009045838,-0.35050094,-4.669242,3.0433183
4,99474013899015,0.3390204,-0.4644553,-0.3581952
10,99474020106306,0.17704737,-3.5229182,1.8714218
4,99474023338025,0.9155948,-0.47377637,-0.3257046
10,99474028767452,0.96054363,-0.88735676,-0.17511892
4,99474033757452,1.081776,-0.4293016,-0.3651194
10,99474039891358,1.3214147,1.4497261,-1.9580874
4,99474043132973,0.7486146,-0.37390783,-0.4063984
10,99474048563442,1.2785312,2.6453052,-2.5447865
4,99474053422660,0.16378441,-0.29614353,-0.47484162
10,99474059678546,1.3835546,2.6425006,-1.9735069
4,99474062910629,-0.39920786,-0.18722023,-0.62344605
10,99474068337713,1.1486833,1.161366,-1.5375047
4,99474073241567,-0.6508766,0.03568636,-0.67670923
10,99474078424171,0.82006407,-0.53292704,-0.35557175
2,99474081540525,-35.0,12.0,20.0
10,99474088172035,0.6127341,-0.884655,0.36823702
4,99474093053129,-0.20479709,0.39734364,-0.4316984
10,99474099170525,0.23559475,-1.2899961,0.1803236
4,99474102402348,0.20186761,0.67271453,-0.14168017
10,99474107840629,0.2696054,-0.44726133,-0.31737518
4,99474112622348,0.21065605,0.7685883,-0.047404267
10,99474119052504,0.27517617,0.85342026,-0.42271805
4,99474122296567,0.14807177,1.031176,0.25513083
10,99474127620733,0.025261998,1.4546986,-0.11772919
4,99474132394640,0.10333065,1.1166635,0.3850931
10,99474138807921,-0.12472308,1.2553549,0.14536238
4,99474142051150,-0.07163903,1.2189288,0.6761766
10,99474147406879,-1.2450693,0.49639702,0.7347512
4,99474152223806,-0.16538231,1.1225225,0.88896316
10,99474158582452,-1.5571929,0.87864256,0.65191174
4,99474161826463,0.20106867,0.7803062,0.7816378
10,99474167186150,-1.9455582,0.8308606,3.198203
4,99474171972348,0.39840892,0.2958772,0.27403927
10,99474176942192,-2.5112715,-0.13248062,2.2768106
4,99474180326046,-0.4114584,-0.12650016,-0.20772657
10,99474186749015,-2.9137259,-0.010007858,2.4855947
4,99474191503598,-0.71958613,-0.39547944,-0.33742252
10,99474198102817,-2.4813418,-0.74952793,3.2075872
4,99474201371775,-0.43995422,-0.5584649,-0.29561087
10,99474206784587,-1.3857988,-2.0825233,1.9732103
4,99474211547556,-0.016777916,-0.61625546,-0.3089267
10,99474217887973,-0.38113016,-1.4835443,0.002723217
4,99474221145056,0.32597092,-0.58269966,-0.37071204
10,99474226563181,-0.15871072,0.25810766,-1.3634934
4,99474231340890,0.35952675,-0.561927,-0.43516052
10,99474237657660,0.060629725,1.247644,-2.25486
4,99474240897712,0.015978966,-0.5581986,-0.5344964
10,99474246338754,0.21314299,1.1465874,-2.38201
4,99474251148390,-0.4063984,-0.603206,-0.6362292
10,99474257458285,0.29558504,0.764164,-1.5020199
2,99474260716306,-33.0,7.0,20.0
10,99474266127400,0.41361904,0.07700491,-0.5035825
4,99474270896879,-0.21491711,-0.5547365,-0.6460829
10,99474275900317,0.26868474,-0.6765771,0.10241413
4,99474279211619,0.04261058,-0.4098605,-0.61572284
10,99474285563442,0.14648986,-0.94251585,0.53346777
4,99474290314119,0.22210763,-0.2910835,-0.5819007
10,99474296992765,-0.059482455,-0.36747885,0.38396406
4,99474300229587,0.3406183,-0.16538231,-0.5411543
10,99474305673025,0.17534137,0.320127,-0.27523756
4,99474310488546,0.3368899,-0.006924219,-0.45167214
10,99474316802296,0.4164331,0.6955304,-0.5299983
4,99474320047608,0.27403927,0.112119086,-0.3339604
10,99474325418598,0.48758745,1.0426631,-0.4397869
4,99474329370681,0.19254655,0.16298546,-0.25539714
10,99474336584587,0.43520164,1.1496377,-0.42208576
4,99474339832608,0.052464273,0.19014971,-0.22050974
10,99474345227504,0.21175146,1.1802878,-0.37841892
4,99474349994171,-0.087085366,0.21758026,-0.1736381
10,99474356351410,0.06012678,1.174015,-0.3596692
4,99474359571150,-0.14327806,0.2394182,-0.12170646
10,99474363360473,0.18223119,1.0854297,-0.32136154
4,99474370728962,-0.11318435,0.28016454,-0.08362326
10,99474377203858,0.29900527,0.9095664,-0.31135416
4,99474381579900,-0.05006743,0.3304983,-0.03888215
10,99474385295890,0.16613019,0.5757842,-0.12455797
4,99474390120525,-0.0031957934,0.3683152,0.013315806
10,99474396204535,-0.08820772,0.13323355,0.013422489
4,99474399441202,-0.0061252704,0.39947417,0.051665325
10,99474402294587,-0.2797438,-0.22350216,0.030181885
4,99474409892348,-0.0061252704,0.4612595,0.060453758
10,99474417474483,-0.122216225,-0.2767954,0.11854267
4,99474420743598,0.02956109,0.5225122,0.034621093
10,99474425520889,-0.19807899,-0.2577839,-0.0026345253
4,99474430276775,0.022104237,0.5539375,0.0034621095
10,99474436371410,-0.27154815,-0.2601576,-0.40674114
2,99474439636723,-33.0,-1.0,22.0
10,99474441617400,-0.23563504,-0.14523554,-0.37561607
4,99474449461619,-0.118776985,0.5656554,-0.08894958
10,99474456999119,-0.19503891,-0.1338005,0.10288668
4,99474460267348,-0.1123854,0.5203817,-0.15632756
10,99474463172296,-0.3339026,-0.27984715,0.3542781
4,99474469704171,-0.094808534,0.46392268,-0.23595607
10,99474476140733,-0.27208185,-0.49083233,0.21514988
4,99474480561098,-0.10040118,0.44181845,-0.29028457
10,99474484310421,-0.18323672,-0.51643896,0.35618305
4,99474489067817,-0.06950851,0.43382895,-0.29880667
10,99474495127504,-0.13684547,-0.47954655,0.68606424
4,99474498372869,5.326322E-4,0.39920786,-0.29667616
10,99474501169639,-0.036288977,-0.48433495,0.8177457
4,99474508784587,0.03169162,0.38908786,-0.30013826
10,99474515069900,-0.0029798746,-0.39395714,0.9022145
4,99474518307035,0.0777643,0.40240365,-0.29481193
10,99474523156306,-0.1708287,-0.30284786,1.0629787
4,99474527937921,0.08735169,0.40533313,-0.28176245
10,99474534525369,-0.39911282,-0.2546239,0.9437647
4,99474537771879,0.10705908,0.40852892,-0.2444782
10,99474542956358,-0.40173984,-0.13778448,0.9312372
4,99474547742869,0.11957593,0.406931,-0.24554345
10,99474554348494,-0.43717635,-0.032330036,0.8552084
4,99474557574223,0.19041602,0.36298886,-0.25885928
10,99474562764119,-0.42915273,0.2843237,0.6068268
4,99474567546567,0.19281286,0.34514567,-0.2609898
10,99474572676306,-0.4342481,0.2583747,0.50830936
4,99474575893962,0.14807177,0.30280143,-0.2591256
10,99474581513442,-0.40216255,0.30639267,0.5029459
4,99474587799848,0.10040118,0.25406557,-0.26818034
10,99474592938337,-0.40267444,0.27453375,0.5943222
4,99474596173285,0.08548747,0.20240025,-0.27537087
10,99474602101358,-0.40039408,0.22739267,0.7473593
4,99474606884952,0.12170646,0.18482338,-0.27084348
10,99474613638441,-0.45234632,0.13816595,0.7753153
2,99474616903858,-37.0,-15.0,23.0
10,99474621789796,-0.55376846,0.08110666,0.7432766
4,99474626667296,0.2263687,0.16724652,-0.23782028
10,99474633459691,-0.5593803,0.28007603,0.7009325
4,99474636698181,0.26498455,0.14727281,-0.19281286
10,99474641876723,-0.64515,0.32579708,0.5108824
4,99474646676671,0.2724414,0.12676647,-0.14247912
10,99474653208702,-0.57483506,0.26847935,0.4979887
4,99474656448077,0.2860235,0.11025487,-0.114782244
10,99474661616566,-0.54023105,0.2777562,0.48490715
4,99474666433285,0.3009372,0.09720538,-0.10146644
10,99474671550837,-0.6226415,0.40490627,0.4492054
4,99474674767139,0.31691617,0.082025364,-0.0777643
10,99474680209691,-0.71609634,0.49168873,0.61572266
4,99474686819848,0.35233623,0.05885586,-0.042077947
10,99474693106619,-0.8460658,0.35506725,1.1297255
4,99474696352712,0.43755737,0.014647386,-0.0061252704
10,99474701171723,-1.1985372,0.2074976,1.6206083
4,99474706069119,0.5504754,-0.06764429,0.029028457
10,99474712559431,-1.5117072,0.20908451,1.7331991
4,99474715793910,0.65886605,-0.13901702,0.05752428
10,99474720943025,-1.3196704,0.4305868,1.5446415
4,99474725846983,0.6937535,-0.18136127,0.08868326
10,99474732304119,-1.0923388,0.8872967,1.1717453
4,99474735563962,0.6178534,-0.23355924,0.12783173
10,99474740684691,-0.8199093,1.4201946,0.8110695
4,99474745534171,0.45513424,-0.29507825,0.11984225
10,99474752109796,-0.4037075,1.511122,0.2946396
4,99474755351827,0.21704763,-0.2977414,0.040480047
10,99474760472921,-0.07212794,1.1758385,-0.16257954
4,99474765386358,-0.030626353,-0.23329292,-0.04873585
10,99474770533910,-0.0046304464,0.54526997,-0.4113779
4,99474773668025,-0.16271915,-0.11105382,-0.08575379
10,99474780103910,0.10027695,-0.18514538,-0.2324543
4,99474785008389,-0.1504686,0.0727043,-0.043675844
10,99474791633129,0.2034167,-0.7330384,-0.050693512
2,99474794891410,-30.0,-17.0,28.0
10,99474799900785,0.13861966,-1.13799,-0.13094234
4,99474804969483,0.07829694,0.5685849,0.2910835
10,99474811407504,0.31399345,-1.2599359,-0.14330292
4,99474814647244,0.18961707,0.8538095,0.53130066
10,99474819754014,0.4091332,-0.99818516,0.1045475
4,99474824666046,0.283893,1.0639329,0.799481
10,99474831191046,0.21071625,-0.86292124,0.10496998
4,99474834487764,0.2660498,1.1451592,1.0391655
10,99474839689848,-0.0331254,-0.54831266,0.45926952
4,99474844574796,0.21252026,1.0458233,1.0386329
10,99474850952035,-0.7153766,1.3695488,0.9889889
4,99474854238962,0.5382249,0.63409865,0.47271112
10,99474859351462,-2.0913377,0.7833562,2.480009
4,99474864260629,-0.040746365,0.09187906,-0.2247708
10,99474869354796,-3.2772267,-0.34553862,1.6615753
4,99474872526879,-0.5499428,-0.12916331,-0.42717105
10,99474879030056,-3.7144141,-0.1461668,3.6435556
4,99474883874639,-0.75607145,-0.5547365,-0.32170987
10,99474890496358,-2.629612,-2.050311,3.4375792
4,99474893730733,-0.0727043,-0.66632295,-0.23196134
10,99474898899014,-1.0450015,-2.9487553,1.2931395
4,99474903786879,0.6468818,-0.6428871,-0.23915187
10,99474910283858,-1.1899437,-1.0064278,-0.7626095
4,99474913515108,0.9938917,-0.64075655,-0.19947077
10,99474918718025,-0.9490011,1.7168894,-2.6384177
4,99474923626202,0.6066681,-0.70840085,-0.314253
10,99474930001514,-0.71676576,3.4979577,-3.3039885
4,99474933210837,-0.19734024,-0.86845684,-0.4791027
10,99474938394587,-1.0429696,3.4264524,-3.15773
4,99474943332296,-0.5800365,-0.93130744,-0.5142564
10,99474949833806,-0.9636779,2.052738,-2.0070586
4,99474953073181,-1.0857708,-0.9914949,-0.46658584
10,99474958251671,-1.2290118,0.5113864,-1.0575681
4,99474964027191,-1.0290455,-0.9757822,-0.42051315
10,99474969163806,-1.6953571,-0.3278675,-0.4547758
2,99474972296879,-21.0,-6.0,26.0
10,99474976895577,-1.9442961,-0.111821175,-0.44331932
4,99474983593598,-0.32437304,-0.9635317,-0.20026971
10,99474989842348,-1.9563555,0.24040651,-0.6114583
4,99474993095577,-0.01571265,-0.9259811,-0.1304949
10,99474997653181,-1.8241808,1.2576916,-1.116672
4,99475002460837,-0.03222425,-0.8942895,-0.10626013
10,99475009172087,-1.8256876,1.558403,-1.2276669
4,99475012415525,-0.19148129,-0.8434231,-0.06578008
10,99475017667868,-1.2993524,2.2960413,-1.7518659
4,99475022442504,-0.34301516,-0.77924097,-0.0777643
10,99475028585160,-1.0000014,2.102704,-1.8692603
4,99475031805577,-0.44208476,-0.6578008,-0.08628642
10,99475037200629,-0.58310175,1.3449705,-1.9661775
4,99475042707504,-0.5137238,-0.54275227,0.02130529
10,99475048988962,-0.33292103,0.8061738,-1.7706594
4,99475052191723,-0.48709217,-0.48629323,0.1717739
10,99475057167139,0.20952106,0.61250544,-2.0979548
4,99475061938233,-0.43249738,-0.45220476,0.2657835
10,99475067088077,0.4207449,0.8309083,-2.0708737
4,99475070314743,-0.35952675,-0.37950045,0.28895298
10,99475076749795,0.5995388,1.2020822,-1.8803425
4,99475081559327,-0.33422673,-0.30040458,0.3043993
10,99475088304014,0.36551905,1.1886077,-1.4739509
4,99475091524327,-0.41065946,-0.24980451,0.35260254
10,99475096594952,0.041653633,0.73077774,-0.9961562
4,99475101415941,-0.55580175,-0.21092236,0.41518682
10,99475108057139,-0.19156325,0.22381926,-0.39915657
4,99475111357712,-0.66339344,-0.19707392,0.4679174
10,99475116482348,-0.4601475,0.05272007,0.081027985
4,99475121258441,-0.61172813,-0.2396845,0.5073322
10,99475127824014,-0.49370158,0.1585288,-0.005801201
4,99475131049118,-0.51265854,-0.26045716,0.5225122
10,99475136230525,-0.029583454,0.33512592,-0.14971924
4,99475141058181,-0.4498079,-0.22876555,0.52597433
10,99475147674327,0.10883856,0.24428797,-0.019553185
2,99475150927452,-33.0,-2.0,23.0
10,99475155658493,0.022217274,-0.3001232,0.5501437
4,99475161731723,-0.38775626,-0.2761698,0.55580175
10,99475166854795,0.07340765,-0.86568403,1.0064821
4,99475169950577,-0.40400153,-0.29987195,0.53076804
10,99475175703650,0.1874981,-1.2373867,1.2426991
4,99475180569743,-0.45327002,-0.2548645,0.5219796
10,99475187158077,0.18105984,-1.396666,1.1725216
4,99475190395681,-0.5044027,-0.22663501,0.52810484
10,99475195464535,0.15888405,-1.0526128,0.9671631
4,99475200232452,-0.46472162,-0.26525086,0.47857004
10,99475206996462,0.4551828,-0.67221165,0.42456913
4,99475210214952,-0.40959418,-0.32969934,0.34834146
10,99475213068285,0.83825517,-0.62911606,-0.056665897
4,99475220791618,-0.37071204,-0.38296258,0.17789917
10,99475228474691,1.0698779,-0.8581319,0.19190407
4,99475231704535,-0.28016454,-0.43516052,0.007456851
10,99475236234014,1.0267,-0.83585453,0.22119904
4,99475241003493,-0.15686019,-0.5049353,-0.116912775
10,99475247489014,0.8296218,-1.798573,1.523344
4,99475250694066,-0.094808534,-0.52650696,-0.15606125
10,99475253642816,0.772161,-1.7818136,1.643054
4,99475260747816,-0.09773801,-0.48309743,-0.12596752
10,99475267182764,0.73155284,-1.2830124,1.3594718
4,99475271450004,-0.10972224,-0.42797,-0.08282431
10,99475275085837,0.90128756,-0.6647849,0.81690645
4,99475279897712,-0.16538231,-0.3821636,-0.06791061
10,99475286191045,1.1799943,-0.2142353,0.39347458
4,99475289439535,-0.22290659,-0.30200246,-0.071106404
10,99475292239222,1.5103962,-0.025086403,0.6496544
4,99475299883806,-0.18748654,-0.23249397,-0.08735169
10,99475307498650,1.3231382,-0.20227814,1.1308718
4,99475310749483,-0.092145376,-0.22264028,-0.09667275
10,99475313668337,1.3231382,-0.20227814,1.1308718
4,99475319448910,0.0013315806,-0.22956449,-0.11531488
10,99475326988754,0.8709378,-0.33558702,1.352531
2,99475330292347,-46.0,5.0,14.0
10,99475332282660,1.0672622,-0.08898401,1.0939574
4,99475339437764,0.05672533,-0.13768543,-0.10146644
10,99475347029014,1.0768759,0.01591444,0.92008877
4,99475350289587,-0.026365295,-0.0727043,-0.04181163
10,99475353257452,1.0768759,0.01591444,0.92008877
10,99475366456202,0.7954364,0.020225525,1.1122127
058,3.0
4,99475369882347,-0.0974717,0.055127434,0.07190535
10,99475371737347,0.72361016,-0.07554245,1.140943
4,99475371737347,-0.0974717,0.055127434,0.07190535
4,99475378787712,-0.079095885,0.088150635,0.087085366
10,99475384620004,0.66989946,0.020189285,0.90166235
4,99475387706827,-0.04181163,0.11797804,0.09827065
10,99475393186097,0.57161045,0.30842018,0.23632574
4,99475397767660,0.002130529,0.1025317,0.0743022
10,99475404294847,0.5122795,0.4917903,-0.27432728
4,99475407390733,0.014114754,0.08495484,0.025033714
10,99475412921306,0.46052957,0.2731309,-0.11965847
4,99475417522191,0.011717909,0.07456851,-0.036218993
10,99475424078337,0.34297657,0.015429497,0.2311449
4,99475427164639,0.010918961,0.027696876,-0.10173275
10,99475432686827,0.05978656,-0.4583211,0.74765635
4,99475437313285,0.03195793,-0.007456851,-0.13821806
10,99475443847452,-0.03147483,-0.7414522,0.86272
4,99475446947556,0.08841695,0.024767399,-0.14114754
10,99475452518806,0.06354165,-0.84779453,0.6860199
4,99475458096462,0.12996227,0.076166406,-0.133957
10,99475462902400,0.1493051,-0.6940632,0.4411006
4,99475465898858,0.15792546,0.11371698,-0.12916331
10,99475472253650,0.13981724,-0.43354273,0.37926483
4,99475476876879,0.15286545,0.1403486,-0.12436963
10,99475483410629,0.097017765,-0.3103466,0.3446102
4,99475486492660,0.11664646,0.16298546,-0.11957593
10,99475492026827,-0.03623748,-0.08501911,0.2958789
4,99475496668441,0.09134643,0.18402444,-0.107858025
10,99475503185108,-0.054974318,0.18422747,0.3213644
2,99475506299222,-45.0,3.0,14.0
10,99475511805108,-0.06486678,0.2747593,0.3541746
4,99475516445629,0.0479369,0.20133498,-0.08229168
10,99475522967399,-0.1871376,0.18139172,0.3524804
4,99475526048181,0.044208474,0.2034655,-0.07536746
10,99475531572608,-0.22422504,0.20566988,0.54933214
4,99475536211410,0.080960095,0.21704763,-0.07643273
10,99475542731931,-0.29820156,0.16347885,0.5647421
4,99475545818806,0.10359697,0.22929817,-0.05965481
10,99475551364795,-0.37722588,0.17760324,0.37029266
4,99475557012347,0.09454222,0.2282329,-0.04261058
10,99475561858024,-0.33138275,0.31687975,0.15234518
4,99475561858024,0.08655274,0.21944448,-0.04314321
4,99475565310056,0.08628642,0.21038973,-0.045007423
10,99475570581254,-0.23279881,0.5115342,1.1110306E-4
4,99475576525941,0.09427591,0.19813919,-0.046072688
10,99475582609379,-0.16228461,0.48798847,-0.0368433
4,99475585830837,0.09560748,0.19547603,-0.03195793
10,99475591057452,-0.2459116,0.29742718,0.12492609
4,99475595897191,0.08681905,0.17656758,-0.015180019
10,99475602314535,-0.39512324,0.20636892,0.20351505
4,99475605564170,0.09374327,0.16405073,-0.00479369
10,99475610952868,-0.4081545,0.1799717,0.28224468
4,99475615948337,0.10439592,0.17869811,0.007190535
10,99475622086931,-0.2769935,0.0692749,0.3868003
4,99475625309535,0.11531488,0.19361182,0.020506341
10,99475630718285,-0.24411869,-0.11797762,0.4787631
4,99475635604222,0.105993815,0.19201392,0.03435478
10,99475641861045,-0.31494975,-0.14417696,0.5204797
4,99475645111410,0.09880328,0.18881813,0.057790596
10,99475650494899,-0.42731094,-0.08043003,0.450274
4,99475655359795,0.09640643,0.1933455,0.09720538
10,99475660316254,-0.4772197,-0.13230133,0.34472513
4,99475663638649,0.0727043,0.18562233,0.1307612
10,99475669265941,-0.45838583,-0.06768322,0.42905998
4,99475675454222,0.0743022,0.16911073,0.133957
10,99475681540004,-0.34991312,0.018460274,0.42288494
2,99475684770889,-42.0,-2.0,20.0
10,99475690177608,-0.34971714,0.04491043,0.25257826
4,99475694996566,0.04873585,0.12836437,0.06231797
10,99475701186410,-0.27278113,-0.004562378,0.23505926
4,99475704497139,0.033289514,0.12170646,0.027963191
10,99475709825524,-0.287112,-0.048907757,0.31916952
4,99475714748701,0.049534798,0.12596752,0.0127831735
10,99475720956410,-0.3091433,-0.08269644,0.48858213
4,99475724234014,0.0727043,0.14061491,0.01571265
10,99475729603962,-0.38968194,-0.10341644,0.38131475
4,99475734427972,0.07882957,0.15765914,0.029028457
10,99475740737191,-0.39676726,0.06655741,0.23228025
4,99475744037243,0.11052119,0.18908444,0.035952676
10,99475749380681,-0.28006172,0.24776125,0.3462081
4,99475754204170,0.14807177,0.21278657,0.037284255
10,99475759143858,-0.2930349,0.28721905,0.25875902
4,99475762539274,0.15845808,0.20799288,0.036485307
10,99475768047295,-0.29411924,0.25871706,0.18509626
4,99475774352712,0.1488707,0.22343922,0.0
10,99475780393754,-0.16298199,0.3375802,0.13569689
4,99475783644639,0.16165388,0.2412824,-0.025300032
10,99475788926149,-0.20906496,0.44851732,0.011101246
4,99475793823754,0.16990969,0.2543319,-0.029294772
10,99475800072660,-0.14939976,0.44297743,-0.04283476
4,99475803316462,0.20213392,0.26764768,-0.029827405
10,99475808702868,-0.15365839,0.25034618,-0.12345028
4,99475813748962,0.2000034,0.2657835,-0.030360037
10,99475819861306,-0.12710905,0.13691139,-0.05291319
4,99475823107972,0.24421188,0.24021713,-0.052464273
10,99475828464431,-0.20228708,0.1583705,0.27613354
4,99475833589535,0.2825614,0.22450449,-0.05912218
10,99475839726410,-0.26865292,0.09782648,0.35742188
4,99475842967504,0.33529198,0.18136127,-0.06338324
10,99475848261566,-0.42905414,-0.10176897,0.4857216
4,99475853146097,0.33316147,0.14487597,-0.06737798
10,99475858037295,-0.40152586,-0.15714407,0.47185993
4,99475858037295,0.31957933,0.13342437,-0.073236935
2,99475861416618,-37.0,-4.0,23.0
10,99475868133649,-0.2974863,-0.10575771,0.4813404
4,99475873005629,0.28975195,0.11824436,-0.09614012
10,99475879180524,-0.2789843,-0.036039352,0.31771135
4,99475882425889,0.25060347,0.11717909,-0.10439592
10,99475887817295,-0.27030635,0.101213455,0.17061567
4,99475892687816,0.20612867,0.12809806,-0.10918961
10,99475898959795,-0.2971499,0.14915752,0.069413185
4,99475902185629,0.17230652,0.11984225,-0.112119086
10,99475907601774,-0.2499088,0.034382343,-0.012636185
4,99475912360212,0.17763285,0.10359697,-0.128897
10,99475918737191,-0.07620978,-0.05304432,-0.0015068054
4,99475921984483,0.21944448,0.10679276,-0.13688648
10,99475927401878,-0.05517125,-0.013402462,0.0039892197
4,99475932173128,0.27723506,0.10439592,-0.118776985
10,99475938516358,-0.12627292,0.17682362,-0.034856796
4,99475941760576,0.32410672,0.09161274,-0.09187906
10,99475947164639,-0.15902412,0.4368391,-0.18908978
4,99475952004222,0.34807515,0.08016115,-0.068176925
10,99475956924378,-0.22229028,0.6164336,-0.25327253
4,99475960300524,0.3653857,0.05539375,-0.042876896
10,99475966707139,-0.2460891,0.748271,-0.23946476
4,99475971465108,0.40213734,0.03169162,-0.018375812
10,99475978075993,-0.18724954,0.9254756,-0.19484472
4,99475981368493,0.44208476,0.026897928,-7.9894834E-4
10,99475986711618,-0.06227672,1.2882056,-0.24221087
4,99475991548389,0.4876248,0.036218993,0.004261058
10,99475997844118,0.04242015,1.7482457,-0.2500329
4,99476001079847,0.5025385,0.13422333,0.054328486
10,99476006531462,0.17144704,1.7572999,-0.3232193
4,99476011315576,0.4000068,0.41438788,0.23675503
10,99476017615108,0.112316966,1.1472793,0.24141026
4,99476020824222,0.23542345,0.84635264,0.65460503
10,99476026292868,-0.5911362,-0.20973063,1.6195784
4,99476030385368,0.08069378,1.1765846,1.3004216
10,99476037390837,-2.124416,-1.783948,2.301322
2,99476040650733,-34.0,-6.0,29.0
10,99476046087868,-2.0382743,-1.9621396,1.3890915
4,99476050838389,0.14780544,0.98856544,1.9552929
10,99476055820316,-0.5032884,1.1176977,-0.29736423
4,99476059201878,1.0317086,0.5182512,1.0540792
10,99476063112972,-1.8416471,1.0554485,2.3602
4,99476071222191,0.5928197,-0.30626354,-0.14647387
10,99476078891306,-5.2354665,-3.301746,0.63373184
4,99476082138493,-1.1350393,-1.0029465,-0.86632633
10,99476087130472,-5.3389506,-3.2007308,0.71068287
4,99476091986774,-1.3510216,-1.0554107,-0.9214538
4,99476099788389,-0.6178534,-0.89588743,-0.62344605
10,99476102661983,-0.8541573,-3.8282895,0.46653557
4,99476109648493,0.2615224,-0.8223842,-0.48176584
10,99476117835056,0.18870378,-2.7658339,-0.71363735
4,99476121050108,0.8591358,-0.81732416,-0.5550028
10,99476123780524,-0.39548147,0.07847786,-1.6066747
4,99476130305993,0.65194184,-0.86419576,-0.61625546
10,99476137556097,-0.89521253,2.2978945,-2.6309395
4,99476140646097,-0.07803062,-0.8809737,-0.6021407
10,99476143351774,-0.3134215,3.4926014,-2.247867
4,99476150472816,-0.77205044,-0.8343684,-0.60906494
10,99476156776930,-0.17869163,2.4059217,-1.5767608
4,99476160806462,-1.1715246,-0.7233146,-0.6447513
10,99476162849170,-0.4396596,0.42831087,-0.9207492
4,99476162849170,-1.1715246,-0.7233146,-0.6447513
4,99476169865993,-1.1081413,-0.59361863,-0.5816344
10,99476177094899,-0.8928995,-0.45467377,-0.11793423
4,99476180169274,-0.629305,-0.42743737,-0.4183826
10,99476183065472,-0.63671994,-0.54804754,-0.14666462
4,99476189634378,-0.14008227,-0.24900557,-0.23036344
10,99476195548441,-0.57905304,0.3567438,-0.53571653
4,99476198636462,0.1107875,-0.13209279,-0.101200126
10,99476203867139,-0.5602566,1.4460378,-0.96897507
4,99476209349743,0.12330436,-0.10279802,-0.06977482
10,99476215333233,-0.4083575,2.1720183,-1.2175279
2,99476218434430,-27.0,-6.0,23.0
10,99476223597451,-0.29201698,2.1931026,-1.1728792
4,99476228249951,-0.3009372,-0.02609898,-0.052464273
10,99476235164066,-0.613953,1.6882541,-1.4422927
4,99476238251253,-0.5360943,-0.043409526,-0.0127831735
10,99476243396253,-0.4613998,1.3363218,-1.2436943
4,99476249418910,-0.60933125,-0.06657903,0.01304949
10,99476254411201,-0.40582907,0.99463224,-0.9320016
4,99476257368285,-0.50626695,-0.08016115,-0.0039947415
10,99476262846930,-0.5503454,0.76878643,-0.6971321
4,99476268645472,-0.38029942,-0.1371528,-0.024767399
10,99476274726618,-0.71374726,0.5009079,-0.2009368
4,99476277823701,-0.27457193,-0.21012342,-0.02876214
10,99476282941878,-0.62703216,0.36883497,0.294662
4,99476288297243,-0.21784659,-0.257794,-0.01571265
10,99476294452764,-0.679834,0.20142221,0.27588558
4,99476297542035,-0.26019084,-0.2724414,0.030360037
10,99476301658389,-0.8449578,-0.04831028,0.29277802
4,99476307263805,-0.31798145,-0.2905509,0.06391586
10,99476314564483,-0.8346298,-0.066901684,0.20870352
4,99476317916410,-0.34248254,-0.2796319,0.07536746
10,99476322938389,-0.18750834,-0.35645294,-0.1752677
4,99476327717243,-0.38589206,-0.22583607,0.09321064
10,99476334289118,0.08558869,-0.3573804,-0.182549
4,99476337524274,-0.42424157,-0.15579493,0.10892329
10,99476342600524,0.46442485,-0.2998042,-0.40325642
4,99476347411670,-0.47217846,-0.11717909,0.10759171
10,99476352690993,0.55874825,-0.23157358,-0.59547615
4,99476355813649,-0.5297027,-0.105727494,0.0793622
10,99476362289378,0.73993707,-0.20495796,-0.728683
4,99476367157920,-0.5432849,-0.06764429,0.0127831735
10,99476373867243,0.83564186,-0.21479225,-0.49734592
4,99476377103076,-0.4711132,-0.0061252704,-0.04527374
10,99476382256774,0.8323138,-0.29615068,-0.07511711
4,99476387064795,-0.37257624,0.037284255,-0.064182185
10,99476393636305,0.8033316,-0.3555603,0.30562496
2,99476396890628,-34.0,2.0,15.0
10,99476401858441,0.82403684,-0.109063625,0.69700146
4,99476406809274,-0.18642128,0.08042747,-0.08974853
10,99476413397087,0.7975054,0.10400009,0.8579378
4,99476416632920,-0.14514229,0.094009586,-0.07137272
10,99476421855107,0.8345547,0.17317152,0.9665303
4,99476426715055,-0.14088123,0.10626013,-0.026631612
10,99476433214326,0.9149864,0.36028862,1.1853466
4,99476436449326,-0.1304949,0.1107875,0.013315806
10,99476441620785,0.86940193,0.49875355,1.2372684
4,99476446445941,-0.15073492,0.096939065,0.055926383
10,99476451568857,0.72915196,0.4424429,1.4401302
4,99476454730472,-0.18935075,0.068176925,0.091080114
10,99476460307712,0.53647995,0.29653645,1.6739221
4,99476466655212,-0.19414444,0.025832662,0.10972224
10,99476472935628,0.44395757,0.1241312,1.7899575
4,99476476144430,-0.18002969,-0.0053263223,0.12703279
10,99476481037868,0.35566664,-0.0834012,1.7967081
4,99476485937451,-0.17044231,-0.026365295,0.16192019
10,99476492510107,0.29943657,-0.28491592,1.763483
4,99476495718597,-0.15286545,-0.049002163,0.18269286
10,99476500896149,0.34823418,-0.2833171,1.7587986
4,99476505848701,-0.10945592,-0.082025364,0.1669802
10,99476512282868,0.41262794,-0.31254816,1.5596476
4,99476515519743,-0.099069595,-0.1107875,0.14061491
10,99476520717503,0.5245087,-0.44516134,1.2708688
4,99476525580420,-0.11611383,-0.11851067,0.118776985
10,99476532053753,0.56435394,-0.48093987,1.1466599
4,99476535304482,-0.12330436,-0.13795175,0.08229168
10,99476540423805,0.47493362,-0.4491973,1.0236564
4,99476545310160,-0.13156016,-0.175236,0.008255799
10,99476550430993,0.4533391,-0.43740988,0.9141283
4,99476553639847,-0.13102753,-0.21145499,-0.08335695
11,99476558804378,-0.34451,0.098079,-0.572806,0.737282,3.0
4,99476558804378,-0.13102753,-0.21145499,-0.08335695
4,99476564226722,-0.10359697,-0.2130529,-0.15579493
10,99476570248753,0.3930385,-0.72086716,0.6116104
2,99476573497035,-39.0,3.0,10.0
10,99476578463962,0.20917487,-0.74682474,0.6451702
4,99476584026566,0.021038974,-0.21172132,-0.21997711
10,99476589984014,0.11495376,-0.5280781,0.6066799
4,99476593171618,0.064182185,-0.21997711,-0.23702134
10,99476598530889,0.06278944,-0.26416063,0.44591904
4,99476605280472,0.13102753,-0.22503711,-0.27696875
10,99476611593232,-0.071989775,0.049515724,0.39625597
4,99476614839326,0.1323591,-0.21944448,-0.27643612
10,99476619526357,-0.16063523,0.28469658,0.416811
4,99476624377868,0.11664646,-0.20932446,-0.26738137
10,99476630932972,-0.19092941,0.4054141,0.3466444
4,99476634233232,0.09081379,-0.1984055,-0.25246766
10,99476639369639,-0.2240572,0.47766018,0.3612423
4,99476644219326,0.09054748,-0.19281286,-0.24154872
10,99476649348441,-0.2665608,0.36481857,0.29020023
4,99476652484170,0.10333065,-0.18216023,-0.21438447
10,99476658951722,-0.3323002,0.27673435,0.2618966
4,99476663785212,0.10333065,-0.17603496,-0.18855181
10,99476670493805,-0.27930856,0.32526064,0.25721788
4,99476673731826,0.1073254,-0.13954964,-0.16484967
10,99476678934222,-0.25967216,0.3901286,0.28962612
4,99476683800732,0.101999074,-0.11984225,-0.15126756
10,99476690289743,-0.3092265,0.35872126,0.31932068
4,99476693496357,0.08229168,-0.087085366,-0.11584751
10,99476698511722,-0.41844654,0.2702546,0.30152893
4,99476703431930,0.0628506,-0.064182185,-0.08548747
10,99476710053962,-0.41004562,0.24343014,0.30571604
4,99476713279951,0.07749799,-0.0479369,-0.06791061
10,99476718452972,-0.3800738,0.19661951,0.26521254
4,99476723278805,0.112918034,-0.024501082,-0.047670584
10,99476729828909,-0.4326086,0.19929552,0.18433475
4,99476733073857,0.10333065,0.011185277,-0.014913702
10,99476738248545,-0.47351193,0.44942045,0.11679888
4,99476743106774,0.09161274,0.040480047,0.01438107
10,99476748241357,-0.45852518,0.47768784,0.06304121
2,99476751408701,-35.0,1.0,14.0
10,99476757852868,-0.48346925,0.5169735,0.06909847
4,99476762633441,0.07350325,0.06870956,0.047137953
10,99476769383805,-0.5462878,0.50296354,-0.09595442
4,99476772594587,0.04261058,0.06977482,0.049002163
10,99476777789222,-0.5769968,0.5676379,-0.09450197
4,99476782555159,0.022104237,0.087085366,0.056991648
10,99476789163649,-0.60317945,0.5711379,0.067429066
4,99476792403545,0.026897928,0.090014845,0.0793622
10,99476797584014,-0.65428686,0.5798626,0.037661076
4,99476802340524,0.051132694,0.094009586,0.109988555
10,99476808932816,-0.61545587,0.62625265,-0.0481658
4,99476812142347,0.056459017,0.10705908,0.133957
10,99476817137295,-0.50488305,0.6322961,-0.22312546
4,99476821926461,0.04527374,0.14008227,0.1571265
10,99476828710628,-0.44840384,0.6115079,-0.18468142
4,99476831951774,0.042876896,0.16884442,0.18615496
10,99476836645107,-0.40267968,0.53408575,-0.2138834
4,99476842793024,0.037284255,0.20959078,0.21758026
10,99476847933649,-0.34389925,0.41867733,-0.17114067
4,99476851036722,0.01917476,0.23116238,0.25513083
10,99476856540524,-0.51065254,0.27042103,-0.12976313
4,99476861336670,0.02876214,0.24580978,0.28336033
10,99476868271982,-0.5434885,0.117996216,-0.26328373
4,99476871513805,0.030626353,0.25539714,0.29348037
10,99476876585055,-0.47453403,0.09952021,-0.31812286
4,99476881529066,0.03169162,0.27137613,0.2942793
10,99476888033701,-0.52664757,0.13414478,-0.3631959
4,99476891318441,0.017310547,0.26019084,0.29880667
10,99476896457399,-0.5317991,0.14002848,-0.30000734
4,99476901218857,0.0029294773,0.25566345,0.28815404
10,99476907824482,-0.43318796,0.12722206,-0.08727884
4,99476911074326,-0.014114754,0.23116238,0.26232138
10,99476913959795,-0.46191835,0.09849167,0.07792091
4,99476921638284,-0.019973708,0.20186761,0.23409186
10,99476929192972,-0.4396081,0.018740177,0.13720036
2,99476932493857,-36.0,2.0,17.0
10,99476935972868,-0.3964429,0.018791199,0.2874856
4,99476940792034,0.027696876,0.19813919,0.21837921
10,99476945971566,-0.38810754,0.10709953,0.2965045
4,99476949182764,0.066046394,0.2146508,0.2479403
10,99476954356409,-0.41683793,0.11188793,0.37790728
4,99476961311566,0.07456851,0.22210763,0.2796319
10,99476968842347,-0.38470948,0.16865206,0.46170378
4,99476972103701,0.087884314,0.21704763,0.28708878
10,99476976587555,-0.3498336,0.16609955,0.4491787
4,99476981417816,0.09640643,0.21358553,0.28309402
10,99476987665680,-0.37354314,0.3527193,0.48747015
4,99476990922607,0.07962852,0.2231729,0.2905509
10,99476993899743,-0.39269674,0.15639448,0.44437456
4,99477000832868,0.026631612,0.21997711,0.2958772
10,99477008450524,-0.5375413,-0.01903677,0.457242
4,99477011704899,-7.9894834E-4,0.18961707,0.27057716
10,99477014564847,-0.5375413,-0.01903677,0.457242
4,99477020293753,0.025033714,0.1933455,0.22770028
10,99477027804170,-0.36161304,-0.22763157,0.53618574
4,99477031044847,0.042876896,0.21837921,0.17869811
10,99477034048701,-0.25387394,-0.23241997,0.3901391
4,99477040886201,0.023702133,0.21411815,0.12650016
10,99477047412399,-0.28962994,-0.19361877,0.22503853
4,99477051601566,-0.011451593,0.16405073,0.0958738
10,99477053720941,-0.29681253,-0.20798397,0.15321255
4,99477060075368,-0.021571605,0.13209279,0.091080114
10,99477066134274,-0.10778344,-0.36011362,0.12471914
4,99477069377555,-0.020240024,0.09374327,0.087884314
10,99477074511982,0.095032334,-0.36790037,0.18921375
4,99477079304482,-0.015180019,0.090281166,0.08548747
10,99477085622711,0.09008145,-0.23359156,0.29846954
4,99477088853024,0.010386328,0.081226416,0.07669904
10,99477094307607,0.16810322,-0.27143478,0.31286287
4,99477099100836,0.007989483,0.075101145,0.076166406
10,99477105423961,0.2061274,-0.2902856,0.23420048
2,99477108676878,-41.0,5.0,16.0
10,99477114084586,0.33337152,-0.21307182,0.27116013
4,99477118919899,0.0039947415,0.07749799,0.04580637
10,99477125209274,0.29697776,-0.21560669,0.24310732
4,99477128418649,0.014647386,0.07536746,0.040746365
10,99477133810784,0.3081684,-0.30505133,0.23371601
4,99477138639847,0.024501082,0.07856325,0.036218993
10,99477143576461,0.33065283,-0.28045082,0.23817015
4,99477146963024,0.040480047,0.09134643,0.025033714
10,99477153596097,0.30330467,-0.15470934,0.24824524
4,99477158369899,0.072171666,0.10892329,0.026631612
10,99477164762920,0.27042437,-0.1540966,0.44223928
4,99477167997816,0.072171666,0.10839066,0.032490566
10,99477173374795,0.08666396,-0.06843662,0.46235275
4,99477178206409,0.06844324,0.103863284,0.026631612
10,99477184513180,-0.124441504,-0.04619074,0.33226871
4,99477187751097,0.061252706,0.08974853,0.011185277
10,99477193143024,-0.2052195,-0.050490856,0.43940306
4,99477197965576,0.07669904,0.07243799,-5.326322E-4
10,99477204289118,-0.25901794,-0.12463617,0.4078064
4,99477207524951,0.09960223,0.057257965,-0.0031957934
10,99477212947816,-0.2968502,-0.12372303,0.37757778
4,99477217711722,0.11371698,0.04873585,-0.011984225
10,99477224070836,-0.3993746,-0.0011219978,0.59655523
4,99477227290680,0.11451593,0.016245283,-0.020772656
10,99477232706930,-0.6058831,0.08055067,0.43974686
4,99477237519534,0.09880328,-0.020240024,-0.036751624
10,99477242450784,-0.6268339,0.19368315,0.38706684
4,99477245842451,0.087884314,-0.055127434,-0.051665325
10,99477252486878,-0.7128272,0.1665163,0.37655115
4,99477257349690,0.092944324,-0.08575379,-0.055127434
10,99477263625003,-0.7578571,0.07946634,0.4551401
4,99477266862815,0.09161274,-0.114782244,-0.05672533
10,99477272293961,-0.8595331,0.014497757,0.40287924
4,99477277113076,0.07376956,-0.13502227,-0.057790596
10,99477283396357,-0.85314465,0.04914379,0.23735666
2,99477286654743,-41.0,6.0,18.0
10,99477292018440,-0.8118211,0.10289669,0.22236395
4,99477296796149,0.013848438,-0.12969595,-0.028495824
10,99477303176722,-0.7670169,0.13777447,0.12777662
4,99477306394430,0.009321064,-0.1257012,0.0013315806
10,99477311817399,-0.76589775,0.24835253,-0.09060526
4,99477316649170,0.010918961,-0.12463594,0.01784318
10,99477322944847,-0.6641277,0.45897818,-0.20645094
4,99477326192711,0.008788432,-0.11984225,0.024501082
10,99477331595420,-0.49633443,0.52630043,-0.38161325
4,99477337329534,-0.008255799,-0.10013486,0.019707393
10,99477342260315,-0.29574978,0.52491,-0.36448908
4,99477345362763,-0.021837922,-0.072171666,0.0127831735
10,99477351373076,-0.14501834,0.48850298,-0.33479404
4,99477356169326,-0.035153728,-0.048203215,0.011984225
10,99477362504847,-0.09097946,0.2887082,-0.280118
4,99477365750732,-0.039947417,-0.015180019,0.01784318
10,99477371127295,-0.11289573,0.11188793,-0.19398785
4,99477375947138,-0.032756884,0.027164243,0.02956109
10,99477382280368,-0.104576826,-0.055007935,-0.12295246
4,99477385514065,-0.018109497,0.07803062,0.04527374
10,99477390957295,-0.04165733,0.020554543,0.05333376
4,99477395867034,0.02396845,0.122771725,0.061252706
10,99477402065836,-0.03431368,0.1195426,0.05146408
4,99477405313024,0.05539375,0.1488707,0.07829694
10,99477410691982,-0.021486044,0.1775155,-0.0035791397
4,99477415529899,0.050600063,0.1587244,0.087618
10,99477421831670,0.068929434,0.27762508,0.06490278
4,99477425068753,0.035952676,0.16458336,0.08468852
10,99477430468336,0.113800526,0.30911398,0.06702566
4,99477435343440,0.0061252704,0.16138756,0.08335695
10,99477440241565,0.16303635,0.27762127,0.1328249
4,99477443614795,-0.008522116,0.16005598,0.082025364
10,99477450241930,0.18053055,0.14821291,0.15537643
4,99477455064690,-0.024501082,0.13102753,0.07590009
10,99477461389899,0.20596075,-0.08264017,0.2513585
2,99477464657503,-40.0,9.0,17.0
10,99477470036461,0.28005576,-0.22219467,0.41264248
4,99477474899795,-0.021571605,0.11611383,0.055127434
10,99477481161878,0.18791127,-0.3499856,0.3920765
4,99477484473024,-0.0039947415,0.08362326,0.03169162
10,99477489802920,0.16299725,-0.47570848,0.37419367
4,99477494719742,-0.0026631611,0.07057377,0.018908445
10,99477500930211,0.13984704,-0.55423164,0.42355728
4,99477504232034,0.021837922,0.04660532,-0.038615838
10,99477509582503,0.15145528,-0.5677414,0.4386816
4,99477514433076,0.02263687,0.03701794,-0.057257965
10,99477520712034,0.15903401,-0.563169,0.43479347
4,99477523995524,0.011717909,0.026631612,-0.095074855
10,99477529378961,0.3176279,-0.4236474,0.16696692
4,99477534219534,-0.027164243,0.01571265,-0.13821806
10,99477539204638,0.37350798,-0.35860348,0.06954622
4,99477542499638,-0.06977482,0.036218993,-0.18881813
10,99477549126670,0.4952954,-0.32557726,0.06698704
4,99477553991826,-0.09773801,0.07403588,-0.22397186
10,99477560293388,0.475466,-0.43495083,0.27084303
4,99477563530888,-0.08841695,0.09640643,-0.24767399
10,99477568903024,0.41080594,-0.674242,0.46449375
4,99477573740940,-0.0561927,0.100933805,-0.26019084
10,99477580066461,0.4643469,-0.8750844,0.3958044
4,99477583312138,-0.0037284256,0.13182648,-0.262854
10,99477588677242,0.6982975,-0.87755966,0.37075377
4,99477593766878,0.06231797,0.1834918,-0.26391926
10,99477599896305,0.8583715,-0.7325115,0.39557934
4,99477603130107,0.1123854,0.22929817,-0.2761698
10,99477608459274,0.8601291,-0.68139887,0.18772459
4,99477613295940,0.09534117,0.26232138,-0.31638354
10,99477619643961,0.8002398,-0.51909876,0.2247734
4,99477622882138,0.080960095,0.28895298,-0.36671728
10,99477628235107,0.67597795,-0.58827686,0.14745283
4,99477633053805,0.076965354,0.340352,-0.40746364
10,99477637975576,0.6364573,-0.7237177,0.15899801
2,99477641401878,-42.0,3.0,16.0
10,99477647392555,0.44612336,-0.6968088,0.40226793
4,99477653128440,0.20026971,0.4415521,-0.46498793
10,99477659222920,0.26141083,-0.77650595,0.5610757
4,99477662455315,0.25832662,0.46498793,-0.49002165
10,99477667797659,0.09289765,-0.8967223,0.692049
4,99477672630888,0.29161614,0.47617322,-0.52597433
10,99477678966982,-0.1990273,-0.69828844,0.6925473
4,99477682201357,0.3470099,0.47803742,-0.54195327
10,99477687566982,-0.37780952,-0.48334885,0.6366463
4,99477692381097,0.37230992,0.47217846,-0.5299691
10,99477698699534,-0.49117887,-0.12418175,0.5537691
4,99477701940732,0.3933489,0.4609932,-0.52650696
10,99477707353492,-0.5885433,0.40141726,0.57896566
4,99477712155784,0.38962048,0.41092578,-0.53955644
10,99477718474274,-0.68907547,0.80029917,0.29962063
4,99477721718284,0.32463935,0.3619236,-0.5499428
10,99477727131617,-0.5716431,0.9655895,0.045149803
4,99477731947242,0.21118867,0.33156356,-0.54168695
10,99477736879482,-0.47937095,1.0452509,0.08886671
4,99477740272919,0.14567491,0.30972564,-0.5113269
10,99477745451982,-0.51049554,1.0093379,0.19899988
4,99477752415315,0.12676647,0.29667616,-0.46951532
10,99477759941722,-0.5280888,0.7645755,0.1432643
4,99477763206878,0.12197278,0.30146983,-0.44048685
10,99477768185003,-0.5257766,0.74409723,0.12832737
4,99477773048388,0.15446335,0.33981937,-0.41039312
10,99477779162972,-0.5080228,0.41074467,0.24259233
4,99477782421044,0.18855181,0.37896782,-0.3653857
10,99477787257607,-0.630504,0.38529015,0.17054749
4,99477792117034,0.21012342,0.38456047,-0.32144356
10,99477798169222,-0.6832446,0.36216068,0.026118755
4,99477801412399,0.23089607,0.3882889,-0.29028457
10,99477804301044,-0.7167634,0.3477955,-0.084014416
4,99477811634013,0.25992453,0.3720436,-0.2796319
10,99477819184117,-0.64638114,0.4610629,-0.11313772
2,99477822478076,-34.0,-11.0,18.0
10,99477826930888,-0.72509384,0.718184,-0.19112062
4,99477831739847,0.3054646,0.3054646,-0.28788772
10,99477836609430,-0.80312586,0.8012247,-0.019016266
4,99477839727815,0.23728766,0.26019084,-0.2892193
10,99477843088180,-1.0928242,0.7270045,0.24913406
4,99477851178701,0.12969595,0.19068234,-0.27510455
10,99477858833597,-1.4706714,0.49717617,0.52323914
4,99477862090419,0.04926848,0.1123854,-0.26072347
10,99477865001774,-1.4706714,0.49717617,0.52323914
4,99477869821617,0.04926848,0.07190535,-0.24714136
10,99477876873440,-1.3600297,0.078070164,0.65217304
4,99477880082555,0.09054748,0.07163903,-0.23222765
10,99477885198336,-1.0921646,0.033059597,0.6577282
4,99477889970159,0.11265171,0.06764429,-0.22343922
10,99477896666201,-0.92601526,0.16182613,0.50573254
4,99477899906826,0.13795175,0.05672533,-0.20799288
10,99477904887815,-0.6374923,0.36630058,0.34970284
4,99477910029065,0.11797804,0.05672533,-0.20932446
10,99477916435315,-0.45498598,0.57543087,0.16318798
4,99477919668753,0.035153728,0.07590009,-0.21145499
10,99477924908805,-0.32135653,0.6127906,0.14406872
4,99477929674690,-0.0031957934,0.08468852,-0.2050634
10,99477934788753,-0.32319725,0.5645647,0.14497471
4,99477938061721,-0.094808534,0.09853696,-0.19068234
10,99477944553701,-0.403548,0.5262933,0.15248299
4,99477949338284,-0.16911073,0.09853696,-0.16192019
10,99477956005003,-0.5362226,0.2596488,0.26309204
4,99477959230367,-0.18935075,0.100933805,-0.11744541
10,99477964398492,-0.3938353,-0.3071022,0.16185665
4,99477969178388,-0.13156016,0.12170646,-0.0974717
10,99477975778649,-0.28375852,-0.36704206,0.1269331
4,99477978987294,0.011185277,0.15686019,-0.1025317
10,99477984184742,0.08213496,-0.27696133,0.02792263
4,99477988946096,0.14168017,0.1917476,-0.108124346
10,99477995613388,0.083530426,-0.16539621,-0.100827694
2,99477998863232,-30.0,-17.0,19.0
10,99478003696878,0.045431495,0.002860546,-0.31960392
4,99478008528857,0.128897,0.21358553,-0.12410331
10,99478015346774,0.06227541,0.1342988,-0.30272532
4,99478018594638,0.06178534,0.23595607,-0.13209279
10,99478023727451,0.04445958,0.14387846,-0.2373681
4,99478028529378,0.011451593,0.26178873,-0.13422333
10,99478033718649,-0.08027804,0.010313511,-0.18126869
4,99478036941826,0.02263687,0.2793656,-0.12863068
10,99478042965367,-0.21353173,-0.09821415,-0.08210182
4,99478048711617,0.072970614,0.27643612,-0.11771172
10,99478054985055,-0.35916638,-0.093188286,0.033429146
4,99478058225003,0.1555286,0.2593919,-0.11132014
10,99478063123805,-0.39061654,0.096502304,-0.051548004
4,99478067315263,0.22796659,0.2495382,-0.107858025
10,99478074729638,-0.4462626,0.35240173,-0.005010605
4,99478077958544,0.24820662,0.21917816,-0.09640643
10,99478083146409,-0.6216785,0.37594557,-0.1035862
4,99478087924638,0.20453078,0.19627498,-0.086020105
10,99478094465055,-0.45989203,0.35115147,0.08465004
4,99478097711253,0.15419704,0.1965413,-0.0958738
10,99478102890992,-0.40445352,0.45614147,0.22470856
4,99478107650784,0.14301175,0.19813919,-0.11318435
10,99478114227451,-0.5298542,0.39226437,0.45868206
4,99478117476253,0.09720538,0.16538231,-0.12117383
10,99478122643388,-0.5999901,0.21040583,0.31503105
4,99478127504794,0.042876896,0.14168017,-0.1304949
10,99478132633128,-0.5296134,0.25772142,0.35892868
4,99478135834221,0.03701794,0.1323591,-0.13182648
10,99478141378336,-0.5228019,0.3321743,0.44190216
4,99478147663857,0.055926383,0.119043306,-0.11132014
10,99478153936982,-0.45706618,0.27467155,0.2591486
4,99478157157867,0.045007423,0.11345066,-0.09187906
10,99478162003648,-0.26818848,0.34437513,0.20136166
4,99478166773544,0.02876214,0.107858025,-0.07989483
10,99478173638388,-0.2017026,0.37709284,0.209095
2,99478176892815,-28.0,-22.0,17.0
10,99478180727190,-0.12086749,0.27826405,0.36057186
4,99478187395107,0.05006743,0.15446335,0.011717909
10,99478193647138,0.031244397,0.062708855,0.44216728
4,99478196893180,0.037550572,0.35233623,0.1486044
10,99478201744951,0.32289517,-0.20567513,0.92405605
4,99478206517398,-0.008788432,0.68656296,0.3334278
10,99478213113753,0.14832652,-0.33043194,1.373496
4,99478216332867,-0.06471482,0.97897804,0.5813681
10,99478221516878,-0.6283903,-0.5697017,1.4173136
4,99478226364117,-0.061252706,1.063134,0.933438
10,99478231475159,-1.1069733,-0.9865408,0.98434067
4,99478234716148,-0.019707393,0.9901633,1.2341089
10,99478240197503,-0.4654672,-0.19426012,0.20665646
4,99478246759430,0.26551718,0.68682927,1.0809771
10,99478253030836,-0.17769468,2.0182462,1.5252867
4,99478256278596,0.63409865,0.17390442,0.37790257
10,99478261170523,-2.5521176,0.16413784,2.1536074
4,99478266002034,-0.44501424,-0.464189,-0.35899413
10,99478272478388,-4.590996,-0.7486162,1.5526552
4,99478275728544,-1.3467606,-0.91852427,-0.7502125
10,99478280835888,-3.5427191,-0.2196846,2.3806143
4,99478285731513,-1.2141352,-1.015996,-0.8117315
10,99478292230211,-1.8226491,-1.7313285,1.5271559
4,99478295482190,-0.45327002,-0.9755159,-0.7097325
10,99478300608857,-0.74904466,-2.4515147,0.27349567
4,99478305520732,0.3683152,-0.9619338,-0.5544701
10,99478312005888,-1.095381,-0.22563171,0.016836166
4,99478315222190,0.77870834,-0.99735385,-0.48336375
10,99478320369638,-1.9476411,1.3832326,-1.4998827
4,99478325232815,0.57124805,-1.0085391,-0.4878911
10,99478330339117,-1.5438968,2.9477866,-1.5273895
4,99478333604378,-0.21358553,-1.0002834,-0.5294364
10,99478340092138,-1.1832919,3.4856975,-1.0053315
4,99478345017086,-0.89349055,-0.9331717,-0.57284594
10,99478351570836,-0.9466839,2.0494683,-0.076052666
2,99478354799117,-24.0,-19.0,17.0
10,99478359766461,-0.8753882,0.78228664,0.383461
4,99478364658700,-1.0279802,-0.8809737,-0.4596616
10,99478371373909,-0.93213356,0.32069588,0.4128809
4,99478374584221,-0.4415521,-0.7797736,-0.27510455
10,99478379737398,-0.98799527,0.31509972,-0.29961443
4,99478384653440,0.10652645,-0.64102286,-0.027696876
10,99478391138857,-1.0325717,0.8769269,-0.65958405
4,99478394430419,0.32117724,-0.56006277,0.16990969
10,99478399342711,-0.64017,2.7332394,-1.4489584
4,99478404188440,0.20373182,-0.5701828,0.20959078
10,99478410926305,-0.5505123,2.9821558,-1.5912943
4,99478414203857,-0.12942964,-0.63383234,0.16564862
10,99478419108336,-0.5792004,2.4176202,-1.2861032
4,99478423993544,-0.44714475,-0.70813453,0.16538231
10,99478429290107,-0.59401643,2.018073,-1.0578766
4,99478432487503,-0.5733786,-0.727043,0.23728766
10,99478438924794,-0.4646058,1.0855093,-0.69472504
4,99478443763388,-0.54275227,-0.6780408,0.35286885
10,99478450434898,-0.42954624,0.39911413,-0.74908304
4,99478453685367,-0.4495416,-0.5898902,0.47723848
10,99478458902763,-0.24954367,0.22571754,-0.8039985
4,99478463824482,-0.29134983,-0.5028048,0.5653891
10,99478470243284,-0.17850113,0.19192362,-0.52485085
4,99478473450888,-0.14567491,-0.47670585,0.60720074
10,99478478671930,-0.10334396,0.06257439,-0.47297668
4,99478483583075,-0.07882957,-0.4788364,0.593086
10,99478490049950,0.0558033,-0.03645897,-0.42023945
4,99478493292815,-0.11105382,-0.45193845,0.5539375
10,99478498267711,0.22735882,-0.0020713806,-0.32792854
4,99478503108075,-0.18136127,-0.41571945,0.5320996
10,99478509798128,0.15238047,0.008761406,-0.3640628
4,99478513010680,-0.23196134,-0.4063984,0.51718587
10,99478517997659,0.17592168,-0.01103735,-0.35654116
4,99478523830628,-0.23835292,-0.40586576,0.47404268
10,99478528980888,0.30812454,-0.19937277,-0.2580595
2,99478532093128,-31.0,-10.0,16.0
10,99478537542763,0.25004816,-0.59148693,0.14471006
4,99478542363440,-0.16644756,-0.40932786,0.39148468
10,99478549398648,0.049444437,-1.0561113,0.6079712
4,99478552641721,-0.13448964,-0.44874266,0.36804888
10,99478557791096,0.015037537,-1.2206402,0.9234724
4,99478562603648,-0.10705908,-0.4676511,0.34408042
10,99478569145575,0.0117406845,-1.0379958,1.1475878
4,99478572386877,-0.086020105,-0.47830373,0.32810146
10,99478577556357,-0.04470539,-0.57416725,1.0322404
4,99478582378544,-0.06471482,-0.49508166,0.3089267
10,99478589115940,0.23362374,-0.12332821,0.60312414
4,99478592348232,-0.07669904,-0.48975533,0.26738137
10,99478595357242,0.7483747,0.19988298,0.4307413
4,99478602745940,-0.088150635,-0.46658584,0.23196134
10,99478610285107,0.6774335,0.10188103,0.7084265
4,99478613544482,-0.10679276,-0.5073322,0.22503711
10,99478617917190,0.29214454,-0.1966095,0.924263
4,99478622835836,-0.1107875,-0.60080916,0.21837921
10,99478627957242,0.23662257,-0.33321333,0.9626379
4,99478631065732,-0.09161274,-0.60054284,0.2031992
10,99478635051409,0.58617616,-0.20871449,0.8764458
4,99478642309846,-0.072171666,-0.50626695,0.21837921
10,99478649857971,0.60230803,-0.091536045,1.0167007
4,99478653119742,-0.06178534,-0.396811,0.26551718
10,99478657768023,0.5856261,-0.081697464,1.0304422
4,99478662519950,-0.052996907,-0.32197618,0.3123888
10,99478668811096,0.6102338,-0.36842966,1.0226007
4,99478672048700,-0.015180019,-0.23888555,0.35899413
10,99478674964950,0.67966557,-0.33969927,0.9196496
4,99478682062034,0.039414786,-0.15899073,0.4165184
10,99478689630002,0.6308112,-0.10490513,0.6122923
4,99478692891305,0.07962852,-0.09560748,0.4660532
10,99478696691565,0.64494085,-0.10032892,0.6110182
4,99478701533700,0.076166406,-0.068176925,0.47803742
10,99478707791773,0.5626719,0.23405743,0.1868372
2,99478711057034,-41.0,-10.0,15.0
10,99478714522659,0.5746429,0.14547205,0.24669266
4,99478721793232,0.042876896,-0.048469532,0.42983422
10,99478728187555,0.57168055,-0.09229803,0.30892706
4,99478732445992,0.04926848,-0.047670584,0.4295679
10,99478734533180,0.38254094,-0.48494053,0.2394948
4,99478741167763,0.053263225,-0.05539375,0.4293016
10,99478747303180,0.39796233,-0.66609716,0.16519117
4,99478750540315,0.098004326,-0.011717909,0.39574575
10,99478755510055,0.6155844,-0.6786785,0.36317682
4,99478760277138,0.12330436,0.01784318,0.3787015
10,99478766722607,0.5226474,-0.7581191,0.42793226
4,99478769942554,0.17417073,0.05539375,0.32170987
10,99478775335575,0.30797458,-0.764802,0.2731743
4,99478780321721,0.17257284,0.045540057,0.29827404
10,99478786502711,0.25038266,-0.59092855,0.017091751
4,99478789746252,0.1587244,0.041545313,0.23995082
10,99478795134846,0.29087782,-0.43675756,-0.16116285
4,99478799966304,0.15286545,0.054062173,0.18801917
10,99478806316096,0.2779672,-0.41073847,-0.11911392
4,99478809530315,0.1488707,0.07350325,0.15126756
10,99478814928700,-0.004919529,-0.3881879,0.13498163
4,99478819689638,0.12863068,0.06098639,0.122771725
10,99478824609429,-0.11051226,-0.3676715,0.058954716
4,99478828040940,0.103863284,0.03009372,0.08495484
10,99478833503961,-0.16250873,-0.30340958,0.0757103
4,99478840096096,0.08974853,0.006924219,0.036485307
10,99478846187554,-0.20264721,-0.23616314,-0.13052464
4,99478849421096,0.09853696,-0.002130529,0.004527374
10,99478854633388,-0.052702904,-0.16836262,0.043684006
4,99478859414586,0.11345066,0.0039947415,-0.015180019
10,99478865572659,-0.06652427,-0.17700243,0.046424866
4,99478868812763,0.09534117,0.0037284256,-0.02396845
10,99478874240679,-0.0947094,-0.17131186,0.20716763
4,99478879070679,0.07989483,0.00958738,-0.02956109
10,99478885375107,-0.06823206,-0.13672066,0.34902525
2,99478888634429,-41.0,8.0,18.0
10,99478894053596,-0.075617075,-0.06401539,0.25065756
4,99478898784325,0.11771172,0.099069595,0.016511599
10,99478904386409,-0.058676243,0.16423321,0.30187273
4,99478907634482,0.12117383,0.15686019,0.075101145
10,99478913794586,-0.15552497,0.32503653,0.29506445
4,99478918610054,0.095074855,0.19228023,0.128897
10,99478923556461,-0.11484933,0.36656713,0.21209621
4,99478926938023,0.063116916,0.19947077,0.15313177
10,99478932459117,-0.095790386,0.2359767,-0.056663036
4,99478938903804,0.03435478,0.20879184,0.15419704
10,99478943851721,-0.06669712,0.18100166,-0.36319113
4,99478947064273,0.015978966,0.23995082,0.13502227
10,99478953394429,0.010700703,0.10149574,-0.38822222
4,99478958254325,-0.0018642128,0.2695119,0.10439592
10,99478964493700,0.053041697,-0.18472576,-0.28768826
4,99478967735159,-0.031158986,0.28975195,0.057257965
10,99478973117971,0.13743997,-0.45894432,-0.21835232
4,99478977961721,-0.026631612,0.32490566,-0.008788432
10,99478984278596,0.27218103,-0.61893654,-0.12007284
4,99478987523075,0.014114754,0.39867523,-0.061252706
10,99478992896252,0.25541568,-0.7106633,-0.029868603
4,99478997736669,0.050866377,0.47004795,-0.08841695
10,99479004060940,0.069280386,-0.6340704,0.026854038
4,99479007309950,0.10679276,0.4993427,-0.10626013
10,99479012724221,-0.05174446,-0.5715151,0.04339695
4,99479017500627,0.16431704,0.5028048,-0.11158645
10,99479022416096,-0.06962943,-0.5423918,0.032368183
4,99479025816356,0.2031992,0.47271112,-0.10679276
10,99479031702919,-0.22414935,-0.30230427,0.061077118
4,99479037508023,0.24101609,0.4146542,-0.098004326
10,99479042821461,-0.21043527,0.17946482,-0.07314873
4,99479046071356,0.2580603,0.3619236,-0.08894958
10,99479052226513,-0.008701324,0.6017723,-0.05338335
4,99479057059742,0.23009712,0.33795515,-0.080960095
10,99479063365054,0.014080524,0.8102722,0.13168192
2,99479066624898,-42.0,6.0,19.0
10,99479072031825,-0.104011774,0.76934576,0.34715462
4,99479076860731,0.05566007,0.23169503,-0.123038046
10,99479083142242,0.041885853,0.47966862,0.51747704
4,99479086366669,-0.052464273,0.22343922,-0.17070863
10,99479091788700,-0.05464804,0.3200178,0.5797548
4,99479096596981,-0.090014845,0.2146508,-0.16884442
10,99479102926252,-0.30371654,0.2284503,0.46914434
4,99479106165002,-0.084155895,0.21172132,-0.1025317
10,99479111567919,-0.20658696,0.07356024,0.5100169
4,99479116335992,-0.09161274,0.2330266,-0.002396845
10,99479121348388,-0.18383777,0.04548168,0.5580435
4,99479124706096,-0.083090626,0.24101609,0.03089267
10,99479131150263,-0.1644119,0.077765465,0.9598007
4,99479136065940,-0.03195793,0.24261399,0.090281166
10,99479142474325,-0.39507806,-0.05517292,0.72382545
4,99479145689742,-0.019441076,0.2213087,0.12783173
10,99479151110731,-0.40214062,-0.25850868,0.5965352
4,99479155944898,-0.002396845,0.21704763,0.16937704
10,99479162253596,-0.31508338,-0.3465476,0.47184372
4,99479165496252,0.03195793,0.23915187,0.21917816
10,99479170889013,-0.16327798,-0.20453644,0.46229172
4,99479175900731,0.09081379,0.2695119,0.2727077
10,99479182014846,-0.18797362,-0.024042606,0.5007162
4,99479185243336,0.114782244,0.28016454,0.31132352
10,99479190711409,-0.21854699,0.21597052,0.33287048
4,99479195555471,0.09986854,0.2809635,0.31451932
10,99479201812711,-0.31769812,0.4657898,0.3184557
4,99479205024742,0.046339005,0.24607609,0.24154872
10,99479210442242,-0.4322635,0.5421486,0.36348343
4,99479215339586,0.027963191,0.21784659,0.19547603
10,99479220242450,-0.5767944,0.4761405,0.3492298
4,99479223589377,0.024767399,0.1504686,0.082025364
10,99479228848440,-0.6267203,0.38749123,0.38201237
4,99479228848440,0.03435478,0.11638014,0.028229509
4,99479234195575,0.048469532,0.08548747,-0.016245283
11,99479239966200,-0.303848,0.121158,-0.572882,0.751532,3.0
10,99479239966200,-0.7351596,0.084409714,0.34133482
2,99479243391877,-43.0,6.0,21.0
4,99479243391877,0.07643273,0.037284255,-0.06684534
11,99479248622294,-0.303382,0.121133,-0.573185,0.751494,3.0
10,99479248622294,-0.7752811,-0.15448332,0.4434061
4,99479253989169,0.11025487,0.023435818,-0.072970614
10,99479259730419,-0.5830858,-0.24392319,0.6556592
4,99479263160263,0.16165388,0.04234426,-0.066046394
10,99479268759950,-0.3990134,-0.31012678,0.79585886
4,99479274953440,0.19094865,0.051931642,-0.06018744
10,99479280997763,-0.3988992,-0.44190216,0.7533698
4,99479284309742,0.19121496,0.030360037,-0.06950851
10,99479289542502,-0.4204371,-0.44204617,0.73535156
4,99479294389169,0.18722023,0.013582122,-0.08575379
10,99479300690367,-0.3797189,-0.3851657,0.6241689
4,99479303990158,0.19893813,0.021837922,-0.10945592
10,99479309330627,-0.35661864,-0.19467497,0.50870657
4,99479315053127,0.22077605,0.019441076,-0.12863068
10,99479319961304,-0.38544357,0.03858757,0.5041795
4,99479323055054,0.21278657,0.0063915867,-0.1403486
10,99479329179013,-0.3307644,0.17936754,0.40517998
4,99479334027658,0.17204021,-0.0127831735,-0.1504686
10,99479340226200,-0.2784133,0.30093002,0.3515396
4,99479343460263,0.14168017,-0.031158986,-0.16405073
10,99479348875158,-0.28157437,0.45021963,0.26605844
4,99479353727346,0.13954964,-0.03701794,-0.15819177
10,99479360017294,-0.18194091,0.43973017,0.22183132
4,99479363239533,0.13981596,-0.023169503,-0.12836437
10,99479367576669,-0.08444667,0.35301876,0.22765875
4,99479373923492,0.16218652,-0.015180019,-0.10173275
10,99479380000679,-0.06469214,0.30554724,0.21545076
4,99479383204013,0.19920446,-0.0029294773,-0.087618
10,99479388466304,0.0096030235,0.27100754,0.10850334
4,99479393327190,0.19600865,0.027963191,-0.06844324
10,99479399575940,-0.05127549,0.328269,0.05167818
4,99479402808544,0.19254655,0.05965481,-0.04234426
10,99479408218388,-0.001306057,0.46699715,-0.11824989
4,99479413066721,0.18375812,0.092145376,-0.01571265
10,99479417963335,0.1095258,0.54807234,-0.26096916
2,99479421390367,-38.0,-1.0,24.0
10,99479427293179,0.07248652,0.50475836,-0.32183218
4,99479433070835,0.08042747,0.11424961,0.006924219
10,99479439153908,-0.046798468,0.28708172,-0.123175144
4,99479442393856,0.045007423,0.10626013,0.0029294773
10,99479447796148,-0.17037117,0.04365921,0.027202606
4,99479452557242,0.040480047,0.08069378,-0.0127831735
10,99479458897085,-0.35260713,-0.1042676,0.15610456
4,99479462130783,0.06844324,0.05219796,-0.025300032
10,99479465991513,-0.5273839,-0.16891098,0.16568136
4,99479473076773,0.090281166,0.036218993,-0.028495824
10,99479480630210,-0.47178364,-0.16112995,0.10270929
4,99479483950523,0.107858025,0.028229509,-0.026897928
10,99479488765471,-0.47027373,-0.16759777,0.09787512
4,99479493686929,0.11424961,0.026365295,-0.027963191
10,99479499790888,-0.3013487,-0.12912464,-0.005452633
4,99479503065054,0.10705908,0.024501082,-0.038615838
10,99479505894169,-0.42105877,-0.12433624,0.032854557
4,99479512975471,0.100933805,0.017576864,-0.06258429
10,99479519340575,-0.5958619,-0.19146395,0.057495117
4,99479523679742,0.08681905,0.00958738,-0.09241169
10,99479528256200,-0.65222573,-0.035829067,0.03843212
4,99479533079585,0.10466223,0.019441076,-0.11638014
10,99479539198388,-0.6185204,0.14183283,-0.046396255
4,99479542433231,0.10013486,0.033023197,-0.12596752
10,99479545464429,-0.5466944,0.35012865,-0.2786336
4,99479552170523,0.06258429,0.04474111,-0.12357068
10,99479559819585,-0.49177337,0.5920439,-0.3345747
4,99479563077763,0.015180019,0.070041135,-0.10359697
10,99479565926252,-0.49177337,0.5920439,-0.3345747
4,99479570701252,-0.0479369,0.11451593,-0.05006743
10,99479577762294,-0.34001815,0.71813536,-0.15021467
4,99479581008231,-0.1307612,0.19893813,0.03781689
10,99479586194169,-0.23355544,0.63489294,0.0823164
4,99479590973700,-0.23116238,0.3225088,0.14993598
10,99479597584117,-0.1674192,0.5234194,0.34872532
2,99479600848700,-36.0,-3.0,27.0
10,99479605679533,-0.2163254,0.22771263,0.5826311
4,99479611402033,-0.35127094,0.49135324,0.35446674
10,99479617803127,-0.16265762,-0.27987957,0.9541912
4,99479622074898,-0.33955306,0.64155555,0.6431534
10,99479624186721,-0.21054173,-0.7706909,0.7267418
4,99479631173127,-0.32676986,0.67484504,0.732103
10,99479637497554,-0.15555441,-0.5042052,0.91030693
4,99479640709377,-0.026365295,0.6380934,0.7278419
10,99479645260835,-0.43780398,-0.01806736,0.79654217
4,99479650025679,0.13608754,0.53982276,0.59202075
10,99479656916460,-0.520492,-0.0908618,1.159821
4,99479660151408,0.08548747,-0.020772656,-0.048469532
10,99479665096460,-0.9770376,-0.44392252,0.27736044
4,99479669850523,-0.103064336,-0.16937704,-0.21837921
10,99479676700731,-0.91394544,-0.20851088,0.43001842
4,99479679934481,-0.34248254,-0.31292143,-0.3587278
10,99479685110054,-0.7172482,-0.44995546,0.6718235
4,99479689912502,-0.32304144,-0.35739622,-0.29161614
10,99479696437242,-0.3897617,-0.7306905,0.3921957
4,99479699673544,-0.081226416,-0.35952675,-0.22343922
10,99479704782033,0.6355748,-0.45204163,-0.27876282
4,99479709549742,0.28469193,-0.30945933,-0.22663501
10,99479714816825,0.71508074,-1.4781952E-5,-0.46835327
4,99479718038804,0.5020059,-0.20612867,-0.26871297
10,99479724529481,0.70075047,0.7937188,-1.0854087
4,99479729286304,0.4079963,-0.034088463,-0.33129725
10,99479736013856,0.53364515,1.0442867,-1.521586
4,99479739254325,0.053795855,0.1323591,-0.3422162
10,99479744428335,0.3816564,1.1922498,-1.2116771
4,99479749240783,-0.11132014,0.28202876,-0.25859293
10,99479755763283,0.31650805,0.8132868,-0.59224653
4,99479759004169,-0.033289514,0.42797,-0.13795175
10,99479764124325,0.25892854,0.021538734,-0.41417074
4,99479768872137,0.06231797,0.53982276,-0.04181163
10,99479775624325,-0.034031987,-0.16301298,-0.34865427
2,99479778876773,-33.0,-5.0,29.0
10,99479783676148,-0.13667226,0.26601505,-0.1833129
4,99479788447294,0.267914,0.633566,0.165116
10,99479795333544,-0.35480314,0.4543972,-0.22170687
4,99479798581617,0.4149205,0.67484504,0.36645097
10,99479803684481,-0.9839057,0.508523,0.76326466
4,99479808515731,0.6306366,0.60773337,0.5944176
10,99479813649950,-1.8690923,0.43148088,1.2997179
4,99479816916408,0.61625546,0.39148468,0.61439127
10,99479822301200,-2.2314334,0.54617834,2.4548082
4,99479829119533,0.2066613,0.08069378,0.33609092
10,99479835383804,-2.746436,0.27602386,1.8357029
4,99479838632658,-0.5006743,-0.20053603,0.010120012
10,99479843265471,-2.7768893,0.11823273,2.0612698
4,99479848086565,-0.8607337,-0.35260254,-0.13795175
10,99479854667450,-2.0940697,-1.0655594,1.5926199
4,99479857915887,-0.79628515,-0.4016047,-0.22450449
10,99479863030523,-1.153011,-2.1249914,0.74272823
4,99479867860210,-0.42690474,-0.39095205,-0.26418558
10,99479874481460,-0.6679561,-1.8724117,-0.1863761
4,99479877719742,-0.038615838,-0.36991307,-0.25246766
10,99479882844169,-0.6090795,-0.41984558,-0.885427
4,99479887604064,0.17576863,-0.3997405,-0.28522456
10,99479894258908,-0.603652,1.1039,-1.2550364
4,99479897501148,0.12783173,-0.45087317,-0.41731736
10,99479902684377,-0.49460286,1.5031796,-1.6374993
4,99479907507971,-0.21065605,-0.5342301,-0.5707154
10,99479912658335,-0.7145577,1.2747154,-1.5908728
4,99479915780002,-0.40879524,-0.63702816,-0.613326
10,99479922258752,-0.94565225,0.98758507,-0.7226014
4,99479927009064,-0.33076462,-0.7350325,-0.61412495
10,99479932901356,-0.92839813,0.30552435,-0.3164072
4,99479936162867,-0.21145499,-0.74009246,-0.6085323
10,99479941864637,-0.78005004,0.005941868,0.07933712
4,99479946697710,-0.15393071,-0.69748193,-0.56885123
10,99479953593804,-1.0767949,0.2652793,0.42544222
2,99479956814221,-32.0,-8.0,26.0
10,99479961450835,-1.1982795,0.48394775,0.26153803
4,99479966354377,-0.18855181,-0.6221144,-0.3784352
10,99479973326512,-0.77424234,0.7732873,-0.12502623
4,99479976578492,-0.27510455,-0.5323659,-0.2873551
10,99479981732137,-0.3663987,1.188149,-0.20919323
4,99479986506252,-0.30652985,-0.4679174,-0.22370553
10,99479993150262,-0.1353203,1.2336593,-0.25803137
4,99479996388804,-0.37603834,-0.44474792,-0.16484967
10,99480001539325,-0.013857961,0.9101181,-0.25955057
4,99480006311825,-0.5067996,-0.44794372,-0.116912775
10,99480011443283,-0.034622908,0.53644943,-0.2261796
4,99480014692606,-0.56725335,-0.45726478,-0.1041296
10,99480021177554,-0.088261485,0.47433186,-0.33338308
4,99480025992710,-0.60533655,-0.4910869,-0.11345066
10,99480031717606,0.050411224,0.7604251,-0.65823793
4,99480034989794,-0.5635249,-0.49801114,-0.13741912
10,99480040899585,0.39013815,1.1639996,-0.85110664
4,99480045740731,-0.42077947,-0.4926848,-0.21624869
10,99480052514169,0.50719833,0.9782958,-0.7114682
4,99480055754637,-0.2942793,-0.5422196,-0.29880667
10,99480060881252,0.25122833,0.49376535,-0.22870827
4,99480065862762,-0.28309402,-0.6018744,-0.3121225
10,99480072229533,0.09090614,0.03290081,0.3098755
4,99480075440731,-0.19520971,-0.7640609,-0.3400857
10,99480080553231,0.16584611,-0.30329084,0.59219694
4,99480085403960,-0.16777915,-0.75793564,-0.32384038
10,99480092056304,0.21204066,-0.3286295,0.6814232
4,99480095269741,-0.086020105,-0.5515407,-0.14221281
10,99480100421564,0.26370478,0.22349977,0.83642864
4,99480105264429,-0.0644485,-0.4708469,-0.05139901
10,99480110458544,0.25071597,0.3534479,0.7344775
4,99480113590939,-0.083889574,-0.33742252,0.105993815
10,99480120013387,0.3325789,0.34928608,0.5779705
4,99480124876460,-0.18482338,-0.24980451,0.18216023
10,99480131572346,0.5086386,0.46119738,0.5935931
2,99480134840158,-37.0,-9.0,22.0
10,99480139755054,0.5271628,0.67307043,0.5658245
4,99480144648179,-0.216515,-0.1272991,0.19254655
10,99480151350419,0.4149356,0.6207986,0.45365524
4,99480154588023,-0.25007084,-0.08016115,0.2000034
10,99480159699533,0.2971859,0.48635864,0.4487996
4,99480164672814,-0.3009372,-0.04447479,0.18908444
10,99480171121512,0.26600695,0.2602687,0.48478603
4,99480174426877,-0.30360037,-0.023169503,0.16298546
10,99480179123752,0.22075224,-0.15514612,0.63318396
4,99480184015731,-0.22929817,-0.007989483,0.123836994
10,99480190891512,0.20912719,-0.5444994,0.98612356
4,99480194198491,-0.077231675,-0.025300032,0.06764429
10,99480199315106,-0.0013866425,-0.7738857,1.0997596
4,99480204223387,0.09241169,-0.050866377,0.004527374
10,99480209349689,-0.16950083,-0.8435445,1.0730147
4,99480212486148,0.22210763,-0.06498113,-0.04873585
10,99480218909533,-0.19328785,-0.73932457,0.91928196
4,99480223797710,0.3043993,-0.061252706,-0.07669904
10,99480230459325,-0.15442419,-0.5024233,0.75161266
4,99480233701512,0.31265512,-0.051665325,-0.08628642
10,99480238643960,-0.10181379,-0.1944356,0.5836806
4,99480243479116,0.25646242,-0.033023197,-0.088150635
10,99480250228856,-0.074047804,0.06275511,0.60320854
4,99480253465419,0.15765914,-0.043675844,-0.07829694
10,99480258650471,-0.21613383,0.09963465,0.5041003
4,99480263598387,0.07590009,-0.076166406,-0.080960095
10,99480270054169,-0.2318511,0.07518339,0.5256243
4,99480273260158,0.029294772,-0.098004326,-0.098004326
10,99480278444429,-0.13792801,-0.025270939,0.56022215
4,99480283313283,0.016777916,-0.09933591,-0.109988555
10,99480289791981,-0.10863471,-0.14216042,0.5567961
4,99480293038283,0.03488741,-0.08974853,-0.10679276
10,99480298202033,-0.118392944,-0.2712965,0.59328794
4,99480303132137,0.041012682,-0.08655274,-0.091080114
10,99480308252033,-0.19174123,-0.33288813,0.5532193
2,99480311402814,-45.0,-9.0,21.0
10,99480315887293,-0.091184855,-0.22993755,0.5316715
4,99480323373231,0.055127434,-0.05965481,-0.072970614
10,99480330930627,-0.11760712,-0.13976145,0.4464078
4,99480334216460,0.08282431,-0.03834952,-0.054328486
10,99480338680262,-0.123467445,-0.1463728,0.44318342
4,99480343498596,0.103863284,-0.0127831735,-0.026631612
10,99480349797241,-0.12835813,-0.10895491,0.23884583
4,99480353019846,0.12969595,0.005060006,-0.0127831735
10,99480355898856,-0.1570952,0.027516842,0.3010955
4,99480362994793,0.13662016,0.019441076,0.0
4,99480381938075,0.06711166,0.029028457,0.03568636

85,3.0

10,99480387536616,-0.49319243,0.16436958,0.3146143
4,99480391530575,0.050600063,0.016245283,0.06098639
10,99480394978491,-0.47164464,0.15958118,0.2523651
4,99480401608596,0.076965354,0.01571265,0.07350325
10,99480409542971,-0.39381528,0.13077164,0.29928493
4,99480412631773,0.1304949,0.020240024,0.0743022
10,99480415387814,-0.38663268,0.04697466,0.4692731
4,99480421604585,0.15313177,0.006657903,0.073236935
10,99480429252866,-0.3236339,-0.04962063,0.4986205
4,99480432344846,0.133957,-0.0018642128,0.0743022
10,99480435114168,-0.2398367,-0.04243803,0.45313072
4,99480441783075,0.10279802,-0.0018642128,0.08735169
10,99480447537085,-0.2063613,-0.06153059,0.299757
4,99480450623023,0.07536746,0.0018642128,0.1041296
10,99480456169377,-0.06293321,-0.0077061653,0.2090745
4,99480460757762,0.076166406,0.020240024,0.11851067
10,99480467381096,-0.012783289,0.05205822,0.39460564
4,99480470458075,0.08335695,0.036485307,0.12863068
10,99480475948804,-0.117492914,-0.06580973,0.52120304
4,99480480533179,0.077231675,0.03355583,0.13342437
10,99480487112762,-0.23125672,-0.14269257,0.692513
2,99480490227606,-44.0,-4.0,21.0
10,99480495726460,-0.20869946,-0.11422014,0.75137234
4,99480501356773,0.116912775,0.008255799,0.12596752
10,99480506179429,-0.19049573,-0.06895542,0.591207
4,99480509162502,0.16005598,0.015978966,0.12863068
10,99480514712033,-0.18205571,0.006480694,0.47159147
4,99480520855835,0.17310548,0.024501082,0.14993598
10,99480526685158,-0.13696408,0.26389647,0.42172337
4,99480529769273,0.15419704,0.02130529,0.17283916
10,99480535290835,-0.14824986,0.4406104,0.32659006
4,99480539941043,0.12969595,0.022903185,0.19228023
10,99480546449064,-0.13717079,0.502233,0.2592845
4,99480549536668,0.10892329,0.025300032,0.2066613
10,99480555338439,-0.120405674,0.51328707,0.21249819
4,99480560082918,0.119043306,0.033023197,0.22104238
10,99480566221304,-0.114231825,0.38175344,0.23075199
4,99480569304220,0.14327806,0.029294772,0.2330266
10,99480574837137,-0.14294624,0.2473898,0.15738153
4,99480579411095,0.16192019,0.03488741,0.23169503
10,99480584827345,-0.13083482,0.381217,0.18275547
4,99480589380991,0.17283916,0.034088463,0.22370553
10,99480594892137,-0.1881237,0.451519,0.08269024
4,99480599643335,0.14780544,0.03195793,0.2130529
10,99480604601095,-0.16261911,0.31090355,-0.017727375
4,99480608013960,0.112918034,0.030360037,0.19414444
10,99480614270991,-0.12637973,0.10162115,0.0068130493
4,99480619088023,0.10972224,0.03568636,0.18801917
10,99480625819741,-0.26840973,-0.019761086,0.0131139755
4,99480629051877,0.1323591,0.041545313,0.18908444
10,99480634433960,-0.27824092,-0.1325736,0.09512663
4,99480639200783,0.1419465,0.055127434,0.18269286
10,99480645586043,-0.20184326,-0.17752314,0.15202904
4,99480648793491,0.14727281,0.07376956,0.17230652
10,99480654210679,-0.17955446,-0.22524548,0.18203354
4,99480658984533,0.13022858,0.06870956,0.1635181
10,99480665364533,-0.25757003,-0.29298115,0.043180466
2,99480668588908,-42.0,2.0,21.0
10,99480673950991,-0.16931343,-0.16965628,-0.0882349
4,99480678792554,0.092145376,0.03568636,0.11052119
10,99480685157606,-0.18196726,-0.07788372,-0.123330116
4,99480688406304,0.07243799,0.028229509,0.07137272
10,99480693766356,-0.20196414,-0.079413414,-0.068991184
4,99480698595679,0.03781689,0.017310547,0.041545313
10,99480703533491,-0.10565138,-0.09425926,0.027899265
4,99480706903075,-0.0026631611,0.014647386,0.019707393
10,99480713588543,-0.08802414,-0.09442854,-0.044905663
4,99480718413075,-0.011451593,0.034088463,0.012250541
10,99480724538752,-0.003823042,-0.024207115,-0.085711956
4,99480727772189,0.026897928,0.071106404,0.015180019
10,99480733336356,0.23611522,0.060399532,-0.20736313
4,99480738102814,0.06924219,0.123038046,0.0077231675
10,99480744483127,0.32999182,0.25787258,-0.28044415
4,99480747725575,0.081226416,0.16484967,0.0013315806
10,99480753091825,0.31648874,0.3715887,-0.32742023
4,99480757892866,0.04580637,0.20905815,0.008522116
10,99480764265002,0.32115722,0.38355637,-0.16633844
4,99480767512554,0.018908445,0.24607609,0.025566347
10,99480772879481,0.18044233,0.26930857,-0.047673225
4,99480777700002,-0.036218993,0.2926814,0.054594804
10,99480784086095,0.13380122,0.11896658,0.070453644
4,99480787321200,-0.0958738,0.32836777,0.08628642
10,99480792658491,0.0022215843,0.17006683,0.14760828
4,99480798358022,-0.0777643,0.30306774,0.09773801
10,99480803230366,-0.2369616,0.09894991,-0.104551315
4,99480806352554,-0.041545313,0.2396845,0.1025317
10,99480812541616,-0.18393922,-0.21885014,-0.3098116
4,99480817399481,-0.020240024,0.1933455,0.09880328
10,99480823587293,0.012144566,-0.19504309,-0.02980566
4,99480826825106,0.060720075,0.16751283,0.073236935
10,99480832201720,-0.09319329,0.11219072,0.32570028
4,99480837050522,0.081226416,0.11638014,0.03568636
10,99480843351564,-0.30489075,0.11804676,0.45614147
2,99480846611200,-43.0,4.0,20.0
10,99480852020314,-0.34556377,-0.0880599,0.4707141
4,99480856783231,-0.15686019,0.03355583,-0.040746365
10,99480863137345,-0.2669562,-0.29062843,0.45895624
4,99480866357137,-0.20080236,0.03488741,-0.06711166
10,99480871767189,-0.23135352,-0.3875575,0.5115881
4,99480876522085,-0.1504686,0.03089267,-0.06844324
10,99480882907606,-0.28659546,-0.3627305,0.5788951
4,99480886155262,-0.05273059,0.0077231675,-0.070307456
10,99480891543752,-0.27386415,-0.33056974,0.5263519
4,99480896392033,-0.01784318,-0.00958738,-0.081226416
10,99480901382502,-0.21529031,-0.13283491,0.46746397
4,99480904684689,0.021571605,-0.03435478,-0.111852765
10,99480910204897,-0.21809173,0.0063881874,0.36157417
4,99480916521095,0.0053263223,-0.04261058,-0.13156016
10,99480922613022,-0.2172327,0.29974318,0.27347136
4,99480925851147,-0.07749799,-0.03781689,-0.11318435
10,99480931090210,-0.19175172,0.3221612,0.25319195
4,99480935974325,-0.10173275,-0.03435478,-0.10945592
10,99480942246043,-0.12722635,0.26661158,0.37181425
4,99480945484793,-0.112918034,-0.022104237,-0.10173275
10,99480950846824,-0.20870662,0.1805358,0.41358995
4,99480955983231,-0.08655274,-0.0034621095,-0.08681905
10,99480962075991,-0.30532193,0.18341875,0.4646268
4,99480965319689,-0.038615838,0.0010652645,-0.061519023
10,99480970644220,-0.5239866,0.20216894,0.44539547
4,99480975470418,0.014913702,-0.0061252704,-0.042077947
10,99480980782762,-0.5193474,0.20121908,0.39020586
4,99480984150366,0.042876896,-0.0063915867,-0.027696876
10,99480990412502,-0.5826365,0.21324778,0.37660933
4,99480995315522,0.046871636,-0.020240024,-0.019973708
10,99481000226252,-0.68255734,0.256073,0.36058283
4,99481003576043,0.03089267,-0.046339005,-0.023702133
10,99481010198231,-0.6803088,0.32007837,0.32069683
4,99481015116877,-0.013315806,-0.06657903,-0.0396811
10,99481021345158,-0.56150424,0.3480053,0.22597218
2,99481024615054,-44.0,4.0,22.0
10,99481029975835,-0.5138602,0.18391085,0.42404747
4,99481034925939,-0.087085366,-0.07376956,-0.03888215
10,99481041117449,-0.6121291,-0.02035904,0.43040037
4,99481044448804,-0.08069378,-0.0892159,-0.024767399
10,99481049773335,-0.47493458,-0.03696537,0.4480605
4,99481054701929,-0.022104237,-0.07483483,-0.02263687
10,99481060902658,-0.34873998,-0.0027918816,0.3352599
4,99481064212293,0.03009372,-0.057257965,-0.013315806
10,99481069539012,-0.36954296,0.0021042824,0.29399872
4,99481074408387,0.040480047,-0.05352954,-0.00479369
10,99481080668439,-0.31162858,0.15177774,0.18960571
4,99481083972970,0.029028457,-0.045007423,-0.018375812
10,99481089308595,-0.26360178,0.26897097,0.12201595
6,34,99481093674429,-0.0037284256,-0.02743056,-0.03169162
10,99481099022085,-0.30070686,0.21507454,0.032999992
4,99481102825731,-0.053795855,-0.007989483,-0.027963191
10,99481107955835,-0.27627206,0.13094187,0.09923506
4,99481114242397,-0.06897587,0.0018642128,-0.024767399
10,99481120051147,-0.268152,0.06824827,0.23229647
4,99481123144064,-0.03195793,0.00958738,-0.038615838
10,99481128604377,-0.23174787,0.07705307,0.16467619
4,99481133259481,-0.005060006,0.024234766,-0.051132694
10,99481139745627,-0.25162148,0.07933664,0.14325666
4,99481142836929,-0.010386328,0.034088463,-0.049002163
10,99481148065314,-0.30124307,0.058496475,0.23697948
4,99481152966408,-0.024767399,0.017044231,-0.03781689
10,99481159530627,-0.4065982,0.048315525,0.20484447
4,99481162606356,-0.02396845,0.0029294773,-0.03701794
10,99481168150626,-0.30081725,0.011129856,0.26375198
4,99481172806512,0.0037284256,0.008255799,-0.042077947
10,99481179302501,-0.22312999,-0.010345459,0.40122604
4,99481182394533,0.046871636,0.020240024,-0.043675844
10,99481186617710,-0.24467778,0.087816715,0.41559124
4,99481193726147,0.05273059,0.010918961,-0.034088463
10,99481199992033,-0.3045404,0.22607088,0.17863655
2,99481204276824,-43.0,-1.0,22.0
10,99481208301720,-0.2214365,0.3407855,0.055461407
4,99481212937554,-0.0061252704,-0.0013315806,-0.022370555
10,99481218882085,-0.15420389,0.33759546,0.14648962
4,99481221963074,-0.0058589545,0.004527374,-0.014114754
10,99481226155001,-0.19490552,0.22985649,0.30211258
4,99481232882814,7.9894834E-4,0.0013315806,-0.011984225
10,99481240238751,-0.14014482,0.18964529,0.29427814
4,99481243314116,0.0026631611,0.017044231,-0.0063915867
10,99481246112970,-0.09705114,0.16330242,0.21287537
4,99481252661824,0.004527374,0.026897928,0.009054748
10,99481259878856,-0.08908057,0.17241478,0.10454178
4,99481262960574,0.015180019,0.032756884,0.019441076
10,99481265811720,-0.050773382,0.16762638,0.121301174
4,99481272435158,0.024234766,0.041545313,0.016777916
10,99481279659689,-0.0653677,0.044398785,0.16456223
4,99481282741616,0.0127831735,0.033822145,0.011984225
10,99481285538699,-0.13001108,-0.013062,0.2627244
4,99481292909272,-0.0061252704,0.025300032,0.010918961
10,99481299235991,-0.10702801,-0.058296204,0.20375729
4,99481302188804,-0.010386328,0.029028457,0.0127831735
10,99481304196147,-0.08068967,-0.09899092,0.1319313
4,99481312309481,-0.012516857,0.033289514,0.011717909
10,99481320006720,-0.053210735,-0.1509471,0.16382694
4,99481323258908,-2.663161E-4,0.026365295,0.002130529
10,99481326193439,-0.053210735,-0.1509471,0.16382694
4,99481331030887,0.0029294773,0.019707393,-0.0055926386
10,99481337967814,-0.20495033,-0.20676327,0.3035078
4,99481341199064,-0.023169503,0.0018642128,-0.030360037
10,99481346162501,-0.23624706,-0.16223145,0.31424046
4,99481350982606,-0.03355583,-2.663161E-4,-0.035952676
10,99481357742658,-0.25683713,-0.08525562,0.28566408
4,99481360993439,-0.061519023,-0.0018642128,-0.040213734
10,99481366182189,-0.2493186,-0.078789234,0.2918048
4,99481370985314,-0.06551377,-0.004261058,-0.041279
10,99481377534637,-0.29905057,-0.088229656,0.3057313
2,99481380793074,-44.0,-1.0,22.0
10,99481385631460,-0.34008336,-0.022883415,0.3873992
4,99481391413231,-0.087085366,-0.027963191,-0.06231797
10,99481396483699,-0.35621357,0.01575756,0.42134094
4,99481399581876,-0.07829694,-0.026897928,-0.06737798
10,99481405278803,-0.41311562,0.07986593,0.43308735
4,99481410153022,-0.06498113,-0.020240024,-0.06338324
10,99481417078178,-0.5044348,0.0922122,0.57013416
4,99481420290001,-0.04447479,-0.023702133,-0.063116916
10,99481425277866,-0.6163249,0.27974224,0.659853
4,99481430061564,-0.020772656,-0.0314253,-0.06950851
10,99481436840106,-0.64520395,0.33540773,0.62092876
4,99481440081616,-0.005060006,-0.038615838,-0.06711166
10,99481445109324,-0.6724678,0.51597595,0.48492813
4,99481449954116,-0.021837922,-0.040480047,-0.050333746
10,99481456623595,-0.65665185,0.6873565,0.38275242
4,99481459830522,-0.03701794,-0.046339005,-0.03701794
10,99481464978387,-0.58135056,0.80480766,0.3055234
4,99481469806356,-0.042077947,-0.04314321,-0.022903185
10,99481476419116,-0.5296438,0.6632066,0.2679696
4,99481479657085,-0.04580637,-0.03914847,-0.0015978967
10,99481484814220,-0.5813999,0.49740076,0.154881
4,99481489614637,-0.023169503,-0.026365295,0.026897928
10,99481494730626,-0.497491,0.39679098,0.03694868
4,99481498015210,0.025033714,0.0034621095,0.048203215
10,99481504447189,-0.40145075,0.30671263,-0.16906786
4,99481509311981,0.053263225,0.04527374,0.06258429
10,99481515987189,-0.18352914,0.15769625,-0.26435804
4,99481519235158,0.04181163,0.091080114,0.06844324
10,99481524429897,0.045832872,0.19330835,-0.29774952
4,99481529197918,0.04181163,0.13289174,0.05566007
10,99481535770001,0.1712439,0.32641888,-0.36079597
4,99481539017866,0.025033714,0.16405073,0.0396811
10,99481544221928,0.13571882,0.18558455,-0.38980246
4,99481548993647,-0.021038974,0.18775286,0.037284255
10,99481555607866,0.19255686,-0.06615925,-0.29400253
2,99481558871251,-43.0,-1.0,22.0
10,99481563674949,0.17118311,-0.1628995,-0.16902399
4,99481568506356,0.0,0.24208134,0.06258429
10,99481575328178,0.07214975,-0.18883896,-0.1680131
4,99481578543595,0.02609898,0.26072347,0.0628506
10,99481583667866,0.08752704,-0.28862095,-0.09963608
4,99481588238387,0.00479369,0.27670243,0.021571605
10,99481593677397,0.021706104,-0.27401543,0.05212164
4,99481596894012,-0.017044231,0.2841593,-0.04181163
10,99481603335939,-0.14806795,-0.29018688,0.19491148
4,99481608192345,-0.013315806,0.27670243,-0.087884314
10,99481614854376,-0.30969298,-0.54324484,0.32390928
4,99481618099689,0.015978966,0.2612561,-0.12756541
10,99481623296355,-0.32347286,-0.61182356,0.36583757
4,99481628119897,0.07483483,0.25992453,-0.17630127
10,99481634678126,-0.3358165,-0.40195942,0.4372468
4,99481637924324,0.101200126,0.25353295,-0.2146508
10,99481643048178,-0.4648875,-0.26312208,0.32654095
4,99481647860418,0.10359697,0.22903186,-0.25246766
10,99481654405105,-0.5414585,-0.38637972,0.48865843
4,99481657656095,0.083090626,0.1736381,-0.29454562
10,99481662777397,-0.6113517,-0.5650306,0.34260845
4,99481667551928,0.07989483,0.1323591,-0.34141725
10,99481674199168,-0.5655056,-0.5735245,0.29901743
4,99481677446876,0.09853696,0.119043306,-0.35952675
10,99481682533543,-0.50215113,-0.57918835,0.32689333
4,99481687305262,0.11451593,0.11025487,-0.3406183
10,99481692570262,-0.38958144,-0.6102061,0.29176807
4,99481695781043,0.09560748,0.11424961,-0.31345406
10,99481702222970,-0.11271167,-0.52922726,0.0644145
4,99481706376720,0.056991648,0.1323591,-0.314253
4,99481716413335,0.034088463,0.1536644,-0.32037827
4,99481719021876,0.016245283,0.1784318,-0.32650355
10,99481722582918,0.110780716,-0.3156991,-0.21258879
4,99481726470158,-0.02876214,0.22503711,-0.32197618
10,99481732165366,0.35594344,-0.012280941,-0.34173298
2,99481735421824,-46.0,-6.0,17.0
10,99481740394428,0.36595607,-0.09127092,-0.2686591
4,99481747859585,-0.07749799,0.3089267,-0.31691617
10,99481754213230,0.36955142,-0.0331769,-0.1337614
4,99481757457397,-0.056459017,0.3320962,-0.32623723
10,99481761973491,0.22537804,0.12315273,0.036807537
4,99481766794793,-0.010120012,0.3392867,-0.3225088
10,99481773112866,0.13087559,0.17001581,0.15827084
4,99481776350730,0.018109497,0.34780884,-0.3139867
10,99481781519376,0.13103008,0.24691391,0.3318224
4,99481786297033,0.03701794,0.35633096,-0.31132352
10,99481791426460,0.065850735,0.3633561,0.4208479
4,99481794674741,0.07137272,0.35633096,-0.29854035
10,99481801112918,0.029917717,0.37943983,0.43151712
4,99481805930210,0.06844324,0.3355583,-0.2806972
10,99481812655730,0.14374566,0.63007784,0.46882343
4,99481815897189,0.031158986,0.32277513,-0.2479403
10,99481821039376,0.12660265,0.73132133,0.5501518
4,99481825896460,0.01438107,0.31451932,-0.23489082
10,99481832408074,0.02613163,0.7298608,0.6374798
4,99481835655470,-0.019973708,0.29241508,-0.21038973
10,99481840798074,-0.2225436,0.5578084,0.68237686
4,99481845708855,-0.032490566,0.25726137,-0.19387813
10,99481852185522,-0.19732332,0.52266645,0.7088666
4,99481855413022,0.0013315806,0.2463424,-0.19361182
10,99481860528491,-0.25612104,0.5771246,0.7446327
4,99481865385626,0.059921127,0.2330266,-0.18722023
10,99481871965157,-0.3154242,0.59251356,0.6848998
4,99481875208751,0.06870956,0.20799288,-0.16538231
10,99481880327449,-0.33730817,0.62811613,0.52566147
4,99481885179897,0.026631612,0.18695392,-0.14114754
10,99481890306824,-0.2730714,0.58901405,0.53959274
4,99481893553335,-0.010120012,0.19600865,-0.118776985
10,99481900032397,-0.2535559,0.5455556,0.59306574
4,99481904912605,-0.009321064,0.221575,-0.08175905
10,99481911525418,-0.34322548,0.43130016,0.6505718
2,99481914766199,-43.0,-11.0,10.0
10,99481919774637,-0.4817227,0.27709246,0.63583326
4,99481924623126,0.025033714,0.2609898,-0.00479369
10,99481931333595,-0.35588658,0.049206257,0.7188387
4,99481934574897,0.04261058,0.3057309,0.03169162
10,99481939696251,-0.43081343,-0.13356972,0.7518482
4,99481944623491,0.0777643,0.34674358,0.09773801
10,99481951053647,-0.5110092,-0.01540041,0.75235415
4,99481954369116,0.11957593,0.3797668,0.170176
10,99481959475053,-0.47562099,0.12536383,0.6574068
4,99481964298699,0.11638014,0.38722363,0.22237396
10,99481970820470,-0.42189813,0.4088931,0.5808773
4,99481974140678,0.12037488,0.35766253,0.22423817
10,99481979156199,-0.52322114,0.5421972,0.38818026
4,99481984002657,0.10279802,0.2711098,0.17603496
10,99481989195782,-0.7848059,0.47748423,0.57904005
4,99481992447814,0.05566007,0.10892329,0.061252706
10,99481998930678,-0.967413,0.12957573,0.7940006
4,99482003962866,-0.018375812,-0.063116916,-0.04447479
10,99482010443491,-0.80773604,-0.09041357,0.7667031
4,99482013662866,0.023435818,-0.15499598,-0.10279802
10,99482018845157,-0.6481086,-0.27152777,0.5997362
4,99482022815105,0.10652645,-0.16564862,-0.112119086
10,99482030148960,-0.50421584,-0.31699562,0.50097847
4,99482033403074,0.120907515,-0.16405073,-0.09853696
10,99482038464689,-0.4119867,-0.102936745,0.5021219
4,99482043441043,0.080960095,-0.18269286,-0.11717909
10,99482049939584,-0.24721575,0.15163326,0.38132715
4,99482053154376,0.025832662,-0.19121496,-0.16058862
10,99482056047501,-0.22566795,0.364717,0.23528051
4,99482063796303,-0.0037284256,-0.16644756,-0.170176
10,99482071343022,-0.31902218,0.4086461,0.0818696
4,99482074609220,-0.016245283,-0.14274544,-0.14354439
10,99482079074168,-0.3730204,0.23267603,0.12608099
4,99482083885834,0.009321064,-0.14301175,-0.12144015
10,99482088971876,-0.34258795,0.0880599,0.082472324
2,99482092087709,-42.0,-14.0,11.0
10,99482095250678,-0.34019375,0.12157869,0.036982536
4,99482103349741,0.1323591,-0.1520665,-0.104928546
10,99482110876251,-0.42539847,0.2185669,-0.16737843
4,99482114202605,0.12756541,-0.16325177,-0.100933805
10,99482118682084,-0.44563353,0.2078929,-0.16978073
4,99482123573178,0.083090626,-0.17789917,-0.11531488
10,99482129869116,-0.21282482,0.5214124,-0.5281067
4,99482133104845,0.03435478,-0.19387813,-0.13475595
10,99482135976616,-0.16015792,0.44240665,-0.5305009
4,99482143115053,0.004261058,-0.23249397,-0.15020229
10,99482150669584,-0.31874084,0.2682066,-0.39763165
4,99482154012397,0.010652645,-0.294013,-0.16431704
10,99482158513126,-0.3524723,0.2663617,-0.39003944
4,99482163403230,0.03435478,-0.2894856,-0.17443706
10,99482169718959,-0.092012405,0.021870136,-0.30067348
4,99482172992189,0.044208474,-0.17949706,-0.17923075
10,99482175830939,0.13064837,0.08411932,0.11352348
4,99482182929428,0.030626353,0.010652645,-0.1454086
10,99482189323074,0.09943533,-0.076854706,0.45121813
4,99482193621147,-0.05139901,0.27403927,-0.043409526
10,99482195708699,0.09225273,-0.3426113,0.539804
4,99482202249637,-0.10226539,0.44075316,0.033822145
10,99482208328907,0.055893183,-0.5895252,0.7219119
4,99482211567397,-0.19148129,0.9243832,0.391751
10,99482216859584,-0.2886765,-1.046618,0.4859476
4,99482221675991,-0.24021713,1.0404971,0.545948
10,99482227781095,-0.5129541,-1.0451775,1.0515523
4,99482231026772,-0.13528858,1.143295,0.93663377
10,99482236448855,-0.642897,-0.73142385,1.2216206
4,99482241213022,-0.0127831735,1.0913634,1.0183928
10,99482247544428,-0.6994264,0.22729492,-0.14829016
4,99482250758230,0.2972088,0.8625979,0.98137486
10,99482256224220,-0.6998229,1.1690054,2.1364956
4,99482260981668,0.5086638,0.4412858,0.55606806
10,99482267313334,-1.0899632,0.835361,1.9148331
2,99482270545001,-41.0,-15.0,10.0
10,99482275963803,-1.22327,1.0291743,1.5377097
4,99482280785939,-0.6498113,-0.4426174,-0.42903525
10,99482285737241,-1.1756787,0.55904055,1.7170391
4,99482289111459,-0.7888283,-0.52837116,-0.44661212
10,99482295735626,-1.2549798,-1.062046,1.4493933
4,99482300610314,-0.6173208,-0.5707154,-0.3291667
10,99482306870834,-0.74332917,-1.5413108,0.64699364
4,99482310089949,-0.08548747,-0.59095544,-0.27350664
10,99482315554480,-0.013701677,-0.6957331,0.6149273
4,99482320370209,0.45034054,-0.6178534,-0.31638354
10,99482326646616,-0.38551438,-0.11855936,-0.05547905
4,99482329884116,0.50653327,-0.6759103,-0.37550572
10,99482335308022,-0.4619125,0.97566843,-0.18575859
4,99482340206980,0.3400857,-0.685764,-0.3901531
10,99482346417397,-0.3449421,1.784045,-0.04527664
4,99482349650574,0.09720538,-0.65061027,-0.38376153
10,99482355119532,-0.5133809,1.4739728,0.062903404
4,99482359872189,-0.13022858,-0.6332997,-0.3158509
10,99482366197761,-0.44708705,1.1509366,0.44600677
4,99482369433699,-0.112918034,-0.61838603,-0.23249397
10,99482374846147,-0.18073475,1.037106,0.4712243
4,99482379626199,0.05486112,-0.5584649,-0.1438107
10,99482384557709,-0.19360542,1.0817909,0.23462057
4,99482388000314,0.18136127,-0.4892227,-0.004527374
10,99482394314011,-0.41277385,1.3588223,0.1028471
4,99482399080782,0.2412824,-0.44474792,0.13954964
10,99482405768022,-0.33402193,1.5227485,-0.1558075
4,99482409013855,0.21944448,-0.3997405,0.24021713
10,99482414412032,-0.19951248,1.4677796,-0.42823553
4,99482419228543,0.1536644,-0.3571299,0.30519825
10,99482425567449,-0.20122147,1.3748198,-0.58014774
4,99482428812709,0.111852765,-0.32676986,0.35340148
10,99482434232136,-0.10732198,1.2659016,-0.516376
4,99482438984011,0.101200126,-0.29614353,0.40533313
10,99482445349376,-0.14656806,0.79405785,-0.6537342
2,99482448603386,-35.0,-9.0,15.0
10,99482454005470,-0.24027014,0.25849533,-0.48602772
4,99482458779011,-0.009321064,-0.20905815,0.4878911
10,99482465111668,-0.31974268,-0.09117699,-0.21776247
4,99482468323595,0.015978966,-0.16271915,0.4924185
10,99482473743438,-0.3632785,-0.4558463,-0.20576906
4,99482478589116,0.05672533,-0.11638014,0.49881008
10,99482483504532,-0.38284147,-0.76686573,-0.13141489
4,99482486887188,0.09321064,-0.083090626,0.4825648
10,99482493508647,-0.4279902,-0.9390912,-0.088329315
4,99482498280261,0.12357068,-0.0743022,0.44022053
10,99482504699688,-0.35247552,-0.8139796,-0.0023288727
4,99482507940626,0.15446335,-0.07989483,0.36724994
10,99482513300366,-0.15367913,-0.6532116,-0.10252905
4,99482518050105,0.11584751,-0.080960095,0.3009372
10,99482524446511,-0.14118409,-0.5289769,-0.13970661
4,99482527685001,0.044208474,-0.08522116,0.26045716
10,99482533077761,-0.15260577,-0.46819496,-0.1042614
4,99482537827449,-0.02396845,-0.09134643,0.2247708
10,99482544207136,-0.10006499,-0.43633223,-0.09585285
4,99482547441720,-0.049534798,-0.086020105,0.18269286
10,99482552845209,0.08966279,-0.3218608,-0.1261549
4,99482557640886,-0.034621093,-0.057790596,0.15606125
10,99482564018334,0.18283868,-0.20240355,-0.052444458
4,99482567245678,-0.0026631611,-0.037550572,0.14913702
10,99482572651928,0.11989474,-0.13864279,-0.036453247
4,99482577427553,0.016245283,-0.028495824,0.13928333
10,99482582396407,0.10547614,-0.08144808,-0.12484741
4,99482585767449,0.01917476,-0.023435818,0.13209279
10,99482592411095,0.13821912,0.08616161,-0.11638498
4,99482597221668,0.033023197,0.008788432,0.12596752
10,99482603578178,0.21207952,0.17287922,-0.03515911
4,99482606810522,0.029827405,0.04474111,0.15686019
10,99482612186251,0.13072157,0.09015226,0.07378292
4,99482617008647,0.0063915867,0.06231797,0.18136127
10,99482623363855,0.011031866,0.03111267,0.16621256
2,99482626591720,-41.0,-3.0,18.0
10,99482632016251,0.031278133,0.09329462,0.18045187
4,99482636771668,-0.029827405,0.103863284,0.15792546
10,99482643271095,-0.02871275,0.08020449,0.087620735
4,99482646506616,-0.051931642,0.09960223,0.14753912
10,99482651762918,-0.23549473,-0.01925373,0.046257496
4,99482656537188,-0.064182185,0.08948222,0.14114754
10,99482662870730,-0.23063242,-0.26027632,0.19595385
4,99482666080574,-0.06231797,0.06791061,0.09773801
10,99482671508959,-0.2138673,-0.47759724,0.40122795
4,99482676335209,-0.052464273,0.06098639,0.081226416
10,99482681336511,-0.25200605,-0.40302324,0.4879222
4,99482684663699,-0.038615838,0.05352954,0.060453758
10,99482690169845,-0.21554554,-0.29304886,0.4725032
4,99482696683543,-0.038615838,0.06018744,0.061252706
10,99482702771824,-0.17822754,-0.17277193,0.5100727
4,99482706016876,-0.07803062,0.03914847,0.066046394
10,99482711140313,-0.29681337,-0.1981368,0.48271513
4,99482715987188,-0.079095885,0.019707393,0.057790596
10,99482722213595,-0.259066,-0.22150803,0.43218708
4,99482725456563,-0.04261058,-0.0015978967,0.024767399
10,99482730835105,-0.1912589,-0.09395599,0.42463064
4,99482735762605,0.006924219,-0.0029294773,0.0058589545
10,99482741981615,-0.1890614,-0.06149769,0.41433287
4,99482745219324,0.016777916,-0.0053263223,0.0039947415
10,99482750616563,-0.13512063,0.044301033,0.48503923
4,99482755522553,-0.010386328,-0.0127831735,0.0058589545
10,99482761759636,-0.11718595,0.08170462,0.49840307
4,99482765003490,-0.072970614,-0.02130529,0.008788432
10,99482770393178,-0.20454419,0.09451866,0.42378473
4,99482775225990,-0.10839066,-0.019707393,0.015978966
10,99482780132032,-0.19501138,0.16845131,0.567677
4,99482783540365,-0.083090626,-0.021038974,0.03009372
10,99482790161407,-0.30653,0.09547472,0.47604942
4,99482795011615,-0.042876896,-0.038083203,0.046871636
10,99482801323647,-0.26596403,0.0103058815,0.35647202
2,99482804548959,-43.0,-3.0,19.0
10,99482809999897,-0.22436547,0.1826601,0.3681922
4,99482814848074,0.030626353,-0.036218993,0.07563378
10,99482821088855,-0.31526875,0.23087311,0.3445053
4,99482824388647,0.027696876,-0.043409526,0.086020105
10,99482829716772,-0.34887087,0.19664335,0.39367294
4,99482834697709,-0.0034621095,-0.058056913,0.09161274
10,99482840855105,-0.37565923,0.10830307,0.44298744
4,99482844123907,-0.023169503,-0.07403588,0.09773801
10,99482849495313,-0.3917247,-0.0048241615,0.299819
4,99482854394115,-0.018908445,-0.07989483,0.09187906
10,99482860647605,-0.2969929,0.043599606,0.26631784
4,99482863924584,0.013848438,-0.07882957,0.060720075
10,99482869272657,-0.29198074,0.05718851,0.29503775
4,99482874155522,0.046339005,-0.082558,0.03435478
10,99482879069740,-0.41232812,0.028395176,0.38020945
4,99482882440365,0.029294772,-0.09986854,0.024501082
10,99482889195678,-0.4320346,0.040081978,0.27602863
4,99482894052397,-0.008255799,-0.096939065,0.01917476
10,99482900190886,-0.3061291,0.0015611649,0.22164774
4,99482903426459,-0.043409526,-0.08362326,0.023169503
10,99482908837970,-0.34056973,0.03468561,0.29515314
4,99482913753699,-0.045540057,-0.08681905,0.03834952
10,99482919982501,-0.42287052,0.058294773,0.2849083
4,99482923215574,-0.03195793,-0.0958738,0.055127434
10,99482927082084,-0.32231402,0.15885115,0.21068811
4,99482934044428,-0.0026631611,-0.086020105,0.060720075
10,99482941578803,-0.29989576,0.34370995,0.17614174
4,99482944845470,0.013315806,-0.07829694,0.07563378
10,99482949703907,-0.30066252,0.3446927,0.17706585
4,99482954604845,-0.020506341,-0.08522116,0.09054748
10,99482960723855,-0.43541157,0.36086798,-0.071059704
4,99482964008282,-0.050333746,-0.08362326,0.094009586
10,99482966827917,-0.40428698,0.324955,-0.0950017
4,99482974034584,-0.054328486,-0.064182185,0.09667275
10,99482980431772,-0.428187,0.18169641,-0.12067318
2,99482984800365,-42.0,-1.0,19.0
10,99482989013334,-0.41364372,0.061062336,-0.13472652
4,99482993850990,-0.050333746,-0.011451593,0.123038046
10,99482999911511,-0.41782534,0.055137634,-0.12570906
4,99483003144740,-0.039414786,0.015446335,0.12809806
10,99483006226720,-0.43937314,0.026407242,-0.22865963
4,99483013076251,-0.03834952,0.033822145,0.122771725
10,99483020618907,-0.4002272,0.023900986,-0.2549696
4,99483023937553,-0.04314321,0.05006743,0.114782244
10,99483026703074,-0.385862,0.033477783,-0.2214508
4,99483032809480,-0.03888215,0.05566007,0.10013486
10,99483040373542,-0.38104427,-0.0035099983,-0.22724295
4,99483043655470,-0.036485307,0.0644485,0.08335695
10,99483046559376,-0.32358348,-0.12561417,-0.22724295
4,99483052299636,-0.061252706,0.07163903,0.06524745
10,99483058609428,-0.2948339,-0.14817286,-0.2783389
4,99483061827709,-0.07989483,0.07536746,0.043942157
10,99483066869220,-0.212049,-0.15964556,-0.22027826
4,99483072584272,-0.082558,0.08335695,0.034621093
10,99483078956511,-0.15905464,-0.24871254,-0.20333815
4,99483083452709,-0.084155895,0.10333065,0.014114754
10,99483085535365,-0.14947784,-0.28462553,-0.13390636
4,99483092225938,-0.086020105,0.10759171,0.007456851
10,99483098472084,-0.0798378,-0.16679811,-0.0012440681
4,99483101690730,-0.094009586,0.14327806,-0.011984225
10,99483106636667,-0.034124613,-0.023387909,0.09255695
4,99483111414011,-0.090281166,0.14221281,-0.016245283
10,99483117941199,-0.052208066,-0.07240391,0.029872894
4,99483121188126,-0.09853696,0.13582122,-0.024501082
10,99483126235678,0.11522162,-0.03510523,0.17111397
4,99483131003855,-0.094808534,0.14274544,-0.025300032
10,99483137712865,0.14014792,0.008422375,0.14436579
4,99483140931615,-0.080960095,0.1603223,-0.024501082
10,99483146158594,0.12100375,0.024703503,0.07588053
4,99483150953334,-0.092944324,0.1685781,-0.029827405
10,99483157496251,0.17611349,0.0768199,0.11508131
2,99483160727865,-43.0,1.0,15.0
10,99483165666667,0.17794216,0.13682222,0.3225789
4,99483171471042,-0.15393071,0.19947077,-0.08735169
10,99483176570365,0.10415733,0.09289312,0.4662938
4,99483179661511,-0.120907515,0.18668759,-0.10892329
10,99483185691667,0.08856678,-0.06934786,0.5402298
4,99483190462084,-0.06870956,0.17496969,-0.1222391
10,99483197050834,2.9098988E-4,-0.19193983,0.559062
4,99483200300730,-0.021571605,0.17443706,-0.12916331
10,99483205518855,0.025559068,0.015685081,0.49299812
4,99483210311199,-0.010918961,0.15952335,-0.14114754
10,99483216834688,-0.067110896,0.13241577,0.4779911
4,99483220083438,-0.03834952,0.13422333,-0.16165388
10,99483225277865,-0.04276645,0.011433601,0.5607109
4,99483230093751,-0.045540057,0.10626013,-0.19041602
10,99483236612032,-0.027122974,0.0152926445,0.5560541
4,99483239868647,-0.029028457,0.087884314,-0.20532973
10,99483245041459,-0.068725705,-0.024843693,0.61109066
4,99483249908334,0.002130529,0.07803062,-0.20559604
10,99483256376355,-0.004137397,-0.14130688,0.66489077
4,99483259590834,0.029294772,0.0727043,-0.20905815
10,99483264375261,0.0068975687,-0.030766964,0.64731073
4,99483270253594,0.041012682,0.0644485,-0.21518342
10,99483275346303,-0.09232986,0.23239946,0.7352209
4,99483278760365,0.02396845,0.038615838,-0.21118867
10,99483284618959,-0.13538325,0.26391554,0.67069006
4,99483289411615,-0.017310547,0.027963191,-0.19627498
10,99483295961615,-0.13587272,0.16799593,0.5233636
4,99483299221928,-0.05672533,0.018642128,-0.1834918
10,99483304347761,-0.14566982,0.17373085,0.54623795
4,99483309164167,-0.051931642,0.0015978967,-0.17603496
10,99483315717865,-0.11342001,0.20881271,0.48366594
4,99483318966094,-0.036485307,-0.0010652645,-0.175236
10,99483324125417,-0.089142084,0.18124485,0.33720255
4,99483328910001,-0.030626353,-0.0015978967,-0.16884442
10,99483335501824,-0.11226213,0.17240286,0.32439137
2,99483338764376,-44.0,-1.0,11.0
10,99483343719740,-0.1328528,0.12009096,0.36155224
4,99483348498646,-0.018642128,-0.00958738,-0.17124127
10,99483355284115,-0.17993176,0.091412544,0.38895702
4,99483358524688,-0.009321064,-0.0018642128,-0.17390442
10,99483363698438,-0.23339081,0.14781094,0.45362854
4,99483368535626,0.014647386,0.01304949,-0.15952335
10,99483373646980,-0.36061335,0.09540796,0.45691824
4,99483376866719,0.022903185,0.024234766,-0.13635385
10,99483382378021,-0.39922702,0.13346386,0.42567444
4,99483388835782,0.022370555,0.020506341,-0.11664646
10,99483395113334,-0.41039968,0.2621808,0.36518335
4,99483398348282,0.03542004,0.011185277,-0.09614012
10,99483403258230,-0.4138868,0.40431738,0.3373685
4,99483408037084,0.03834952,0.0029294773,-0.080960095
10,99483414604167,-0.32922113,0.40953398,0.35482264
4,99483417845730,0.020240024,-0.007190535,-0.06684534
10,99483423011928,-0.35447574,0.46843815,0.3634181
4,99483427817396,0.008522116,-0.02130529,-0.055127434
10,99483434389636,-0.41544545,0.44720984,0.42560625
4,99483437624740,-0.0037284256,-0.036485307,-0.036218993
10,99483442798074,-0.471102,0.33441734,0.42677498
4,99483447584896,-0.012250541,-0.044208474,-0.014647386
10,99483454162084,-0.48061228,0.22164583,0.32424784
4,99483457397917,-0.010386328,-0.045007423,0.00479369
10,99483462577657,-0.41086733,0.19579029,0.28206253
4,99483467409584,0.004527374,-0.04234426,0.018375812
10,99483472529428,-0.40005505,0.14812279,0.24901104
4,99483475758021,0.004261058,-0.046339005,0.022104237
10,99483481214480,-0.41783035,0.08924818,0.17579222
4,99483487736407,-0.0127831735,-0.05752428,0.017044231
10,99483493985053,-0.4077903,0.019762516,0.13018608
4,99483497228126,-0.02396845,-0.057257965,0.013315806
10,99483502075313,-0.3649093,-0.003546238,0.18343067
4,99483506890521,-0.016777916,-0.047137953,0.011451593
10,99483513502449,-0.4215604,-0.05295086,0.15040731
2,99483516758178,-43.0,-3.0,11.0
10,99483521413438,-0.39697087,-0.085780144,0.14122868
4,99483526352553,-0.012250541,-0.03834952,-0.00479369
10,99483533273178,-0.32067156,-0.06853628,0.03398943
4,99483536509688,-0.017044231,-0.020506341,-0.022104237
10,99483541687084,-0.27101183,-0.03685665,-0.037197113
4,99483546499584,-0.020772656,-0.01304949,-0.02263687
10,99483553051042,-0.24222243,-0.03801012,-0.08649206
4,99483556288282,-0.037284255,0.018375812,-0.021038974
10,99483561491042,-0.24991393,-0.012380123,-0.013823509
4,99483566280001,-0.032756884,0.033822145,-0.022370555
10,99483571391251,-0.27226663,-0.032765865,0.045918465
4,99483574643803,-0.01304949,0.049534798,-0.029827405
10,99483581075261,-0.29619026,-0.05944395,-0.013014317
4,99483585893021,-0.0039947415,0.058589544,-0.038615838
10,99483592604532,-0.29625082,0.059862137,0.11773777
4,99483595849115,0.0058589545,0.060720075,-0.043942157
10,99483600985209,-0.3581853,0.23979378,0.28307438
4,99483605797813,5.326322E-4,0.042077947,-0.045540057
10,99483612398855,-0.3746804,0.26631308,0.33160067
4,99483615647032,0.01571265,7.9894834E-4,-0.070307456
10,99483620799428,-0.04155898,-0.15899324,0.01861
4,99483625742448,0.06764429,-0.0034621095,-0.12330436
10,99483632192865,0.028054237,-0.35482407,-0.10186291
4,99483635446198,0.07536746,0.027696876,-0.15126756
10,99483640586198,-0.15325487,-0.24335289,0.11389065
4,99483645475626,0.092944324,0.018109497,-0.14966966
10,99483651940209,-0.27616382,0.024273872,0.33104897
4,99483655176667,0.076965354,0.0018642128,-0.15739283
10,99483660342240,-0.08425617,0.033302307,0.17509413
4,99483665192761,-5.326322E-4,0.01784318,-0.2016013
10,99483670362501,0.042256594,0.098778725,0.29515076
4,99483673502657,-0.03914847,0.038083203,-0.23835292
10,99483679976251,-0.07721591,0.025451183,0.3450904
4,99483684909115,-0.05566007,0.044208474,-0.2444782
10,99483691497188,-0.12264562,0.040876865,0.31381845
2,99483694765626,-42.0,-4.0,10.0
10,99483699710730,-0.05307126,0.11735296,0.29600477
4,99483704559948,-0.033289514,0.07536746,-0.25672874
10,99483711334792,-0.056898355,0.1568799,0.258049
4,99483714562865,-0.037550572,0.08868326,-0.2761698
10,99483719719480,0.02669835,0.2936368,0.23649693
4,99483724662657,-0.054328486,0.088150635,-0.3206446
10,99483731059740,0.027792692,0.37831545,0.13498259
4,99483734363178,-0.05539375,0.08548747,-0.37550572
10,99483739481719,0.059414864,0.09809208,0.13597202
4,99483744313334,-0.055926383,0.09534117,-0.4016047
10,99483750837136,0.074742794,-0.12543154,0.06926584
4,99483754129323,-0.020240024,0.12436963,-0.38802257
10,99483759274167,0.07960415,-0.056224823,0.11567736
4,99483764157501,0.054594804,0.14407702,-0.36112466
10,99483769269844,-0.009125471,0.07914162,0.05669117
4,99483772400001,0.11504856,0.12996227,-0.3438141
10,99483778851823,0.023485422,0.14328527,0.16483736
4,99483783753542,0.14141385,0.0974717,-0.33502567
10,99483790404219,0.057029247,0.16428661,0.27885246
4,99483793613386,0.16431704,0.063116916,-0.34434673
10,99483796502761,-0.084228516,0.2313242,0.33870745
4,99483804216667,0.175236,0.028229509,-0.3581952
10,99483811831615,-0.14492917,0.42392206,0.29101133
4,99483815093855,0.17390442,0.016777916,-0.36938044
10,99483819521094,-0.16504097,0.4010496,0.28024292
4,99483824418178,0.123038046,0.0029294773,-0.3683152
10,99483830659480,-0.24499321,0.115840435,0.46775627
4,99483833949740,0.049534798,-0.006657903,-0.36671728
10,99483836890886,-0.17316699,-0.0445714,0.6497154
4,99483843963386,0.03195793,-0.00479369,-0.35766253
10,99483851526250,-0.108953,-0.11598587,0.66904116
4,99483854787344,0.045007423,0.011984225,-0.32996565
10,99483859196511,-0.124408245,-0.12780523,0.6652384
4,99483864039948,0.08016115,-2.663161E-4,-0.25885928
10,99483869123803,-0.42131567,0.08333969,0.4889207
2,99483872249219,-40.0,-8.0,8.0
10,99483875215678,-0.40695047,0.32515383,0.59666014
4,99483883328855,0.18615496,-0.07856325,-0.10173275
10,99483890893959,-0.482517,0.53111935,0.8557
4,99483894218855,0.24234766,-0.12250541,-0.048469532
10,99483897060417,-0.482517,0.53111935,0.8557
4,99483901951980,0.20426446,-0.17044231,-0.002396845
10,99483910315782,-1.1439474,0.33021784,0.96188116
4,99483913596719,0.133957,-0.19787288,0.026365295
10,99483916481303,-0.961988,0.63906956,0.9163909
4,99483922747396,0.0793622,-0.19121496,0.036218993
10,99483930315157,-0.71887827,0.64134455,0.68885756
4,99483933588334,0.025300032,-0.1818939,0.041279
10,99483936475157,-0.5464958,0.28460836,0.6098485
4,99483942346459,-0.015978966,-0.17789917,0.057257965
10,99483948471511,-0.55026805,0.0062680244,0.6384311
4,99483951713021,0.026631612,-0.18002969,0.07989483
10,99483957035209,-0.47159863,-0.06756306,0.38177347
4,99483961799740,0.058589544,-0.16218652,0.0892159
10,99483966771875,-0.32585692,0.070674896,0.091598034
4,99483970200521,0.11744541,-0.12330436,0.101200126
10,99483976824011,-0.3045323,0.18790674,-0.044309616
4,99483981643959,0.14780544,-0.088150635,0.08681905
10,99483987980000,-0.19337821,0.32296515,-0.15208292
4,99483991217917,0.081226416,-0.11451593,0.021837922
10,99483996600678,-0.20136666,0.12945175,-0.34657526
4,99484001363646,0.059388492,-0.12623383,5.326322E-4
10,99484007761927,-0.18778062,0.019573689,-0.38308334
4,99484011002865,0.048469532,-0.13209279,-0.016245283
10,99484016362709,-0.33843756,-0.17931938,-0.26452494
4,99484020472240,0.09827065,-0.13156016,0.010918961
10,99484027526198,-0.40487862,-0.2728095,-0.06946564
4,99484030730730,0.15819177,-0.1257012,0.07190535
10,99484036144375,-0.013761997,-0.19297695,0.4045787
4,99484040424636,0.22104238,-0.011717909,0.10972224
10,99484047367396,0.17195058,-0.17925167,0.39135075
2,99484050590000,-39.0,-9.0,11.0
10,99484055778438,-0.049597025,-0.21400261,0.46910954
4,99484060594167,-0.027963191,0.48709217,0.28495824
10,99484065698177,-0.1186831,0.0107421875,0.90858984
4,99484069086250,-0.16990969,0.77231675,0.46259108
10,99484075724219,0.019798517,0.06335688,0.79302835
4,99484080554063,-0.22264028,1.0112023,0.66525763
10,99484086895990,-0.21431613,-0.52127266,0.014775753
4,99484090133177,-0.26045716,1.0820423,0.90254533
10,99484095488386,-0.458153,-0.5974827,-0.35398197
4,99484100261771,-0.09614012,0.8564726,1.0037454
10,99484106670782,-0.33215654,0.12471485,0.16199255
4,99484109900417,0.32517198,0.42690474,0.6564692
10,99484114999323,0.08971083,-0.0975399,1.8068409
4,99484119892032,0.32384038,-0.11318435,-0.033289514
10,99484126453230,-0.79319084,-0.81537485,1.7725773
4,99484129692969,0.025033714,-0.47191215,-0.49188587
10,99484135045209,-1.5819172,-0.7341924,1.6953402
4,99484139907761,-0.05139901,-0.52437645,-0.5544701
10,99484146187344,-1.6896396,-1.0108261,0.8970766
4,99484149407813,-0.10359697,-0.4561995,-0.40959418
10,99484154832188,-0.8651073,-0.9244213,-0.45995045
4,99484159672240,-0.11797804,-0.42876893,-0.31691617
10,99484164657917,-0.14587498,0.12358189,-0.5967326
4,99484167964584,-0.0058589545,-0.5123922,-0.37710363
10,99484173428594,-0.3312248,0.25030088,0.720562
4,99484180055052,-0.03009372,-0.66552395,-0.4809669
10,99484186115469,-0.64907897,0.44535685,0.18224144
4,99484189361615,-0.010120012,-0.7289072,-0.54674697
10,99484194559532,-0.5652771,0.8602586,0.17305851
4,99484199366771,0.02396845,-0.71532506,-0.5355617
10,99484205506563,-0.5988506,0.48329782,-0.04229641
4,99484208758438,-0.015978966,-0.7057377,-0.47643954
10,99484214165573,-0.20779228,0.5814543,0.2154417
4,99484218922969,-0.041012682,-0.691623,-0.42077947
10,99484225338125,-0.05073452,0.795599,0.42598343
2,99484228591511,-34.0,-5.0,11.0
10,99484234011875,-0.15318227,0.8228736,0.35196543
4,99484238771563,-0.009853696,-0.5906891,-0.2806972
10,99484245165782,-0.22261643,0.7051344,0.23315859
4,99484248374323,0.061519023,-0.5041364,-0.17124127
10,99484253751250,-0.04677701,0.61672544,0.17213249
4,99484258599688,0.15020229,-0.4032026,-0.076166406
10,99484263513698,0.11628723,0.7201381,0.09235144
4,99484266862865,0.19547603,-0.32756883,0.01304949
10,99484273487448,-0.096354485,0.9415746,-0.3854351
4,99484278348438,0.15073492,-0.28549087,0.090014845
10,99484284698542,-0.05150318,1.3864031,-0.79850245
4,99484287913021,0.10279802,-0.22929817,0.13528858
10,99484293276198,0.16787529,1.4436269,-0.88645315
4,99484298082188,0.04234426,-0.17443706,0.1669802
10,99484303019219,0.04117894,1.0792518,-0.7308054
4,99484303019219,0.04234426,-0.17443706,0.1669802
4,99484306463334,-0.023702133,-0.1536644,0.19600865
10,99484311627136,-0.056014538,0.7891674,-0.4740491
4,99484317034115,-0.051132694,-0.12783173,0.21491711
10,99484322820677,0.05497837,0.7391772,-0.30459547
4,99484326205521,-0.04181163,-0.09827065,0.22184132
10,99484331418542,0.016803026,0.5317335,-0.20658922
4,99484336791354,-0.043942157,0.017576864,0.28842035
10,99484344045625,-0.34239864,0.17320633,-0.30135202
4,99484347277552,-0.06684534,0.04234426,0.3392867
10,99484352599479,-0.46682358,0.008338928,-0.19690514
4,99484357371927,-0.021038974,0.064182185,0.34993938
10,99484362349479,-0.3900082,-0.1599021,-0.10595083
4,99484365759375,0.016511599,0.08442221,0.34301516
10,99484372386354,-0.3783872,-0.23736572,-0.11722374
4,99484377152396,0.0628506,0.09640643,0.3075951
10,99484383554636,-0.3438561,-0.16801167,-0.047058582
4,99484386806459,0.019973708,0.10146644,0.28549087
10,99484392164011,-0.28465343,0.013929367,-0.043201447
4,99484396928490,-0.022903185,0.101200126,0.27696875
10,99484403337188,-0.35169268,-0.12119007,0.10850191
2,99484406595729,-34.0,-1.0,13.0
10,99484411963854,-0.47826982,-0.37366056,0.22779942
4,99484416743177,-0.22849922,0.12010857,0.27537087
10,99484423116511,-0.5598769,-0.38682795,0.050828934
4,99484426364063,-0.18482338,0.06791061,0.22929817
10,99484431717657,-0.2257483,-0.23622751,-0.20968437
4,99484436614323,-0.13582122,0.057257965,0.21358553
10,99484442883229,-0.11137986,-0.19292498,-0.22139311
4,99484446129271,-0.043675844,0.0396811,0.18162759
10,99484451528490,-0.14858031,-0.03143406,0.092143536
4,99484456322344,-0.006657903,-0.011717909,0.14514229
10,99484461350573,-0.14815974,0.038636208,0.19962406
4,99484464638334,-0.05752428,-0.04873585,0.11717909
10,99484471012656,-0.17503214,0.019457817,0.14845562
4,99484475878698,-0.12650016,-0.040746365,0.11717909
10,99484482446927,-0.0650754,-0.08844423,0.24661112
4,99484485682656,-0.15446335,-0.008522116,0.123038046
10,99484491055156,0.039942265,-0.027519226,0.2659316
4,99484495952396,-0.14434333,0.005060006,0.13635385
10,99484502224688,0.02812314,0.021551609,0.11044264
4,99484505458073,-0.13741912,0.025033714,0.14620754
10,99484510813334,0.16201997,-0.008491516,-0.029024601
4,99484515736927,-0.13688648,0.046072688,0.1520665
10,99484521992969,0.05981946,-0.029340267,0.04561472
4,99484525227031,-0.11371698,0.05832323,0.16005598
10,99484530590781,-0.029124498,-0.06123972,0.20496273
4,99484535469375,-0.088150635,0.059388492,0.15845808
10,99484541777292,0.032560825,-0.12645197,0.26463604
4,99484545011823,-0.070041135,0.06471482,0.13182648
10,99484550358438,0.0052616596,-0.1993208,0.33430767
4,99484555194011,-0.06684534,0.06897587,0.09560748
10,99484560158802,-0.030213356,-0.21115875,0.70749664
4,99484563527656,-0.04926848,0.06338324,0.0644485
10,99484569009584,-0.16700864,-0.28922367,0.7589531
4,99484575477604,-0.034621093,0.06844324,0.050333746
10,99484581589740,-0.20975089,-0.43729353,0.7475171
2,99484584853698,-39.0,-1.0,13.0
10,99484589947604,-0.22273183,-0.35668516,0.7348833
4,99484594779219,-0.03169162,0.09960223,0.05912218
10,99484601095000,-0.22237325,-0.14917278,0.6643634
4,99484604406042,-0.041012682,0.095074855,0.07483483
10,99484609673125,-0.27059746,0.03497696,0.4915781
4,99484614675104,-0.05566007,0.10013486,0.084155895
10,99484620860209,-0.1700995,0.2030611,0.33839417
4,99484624144063,-0.06098639,0.111852765,0.08149273
10,99484629470677,-0.22648883,0.28303957,0.2522688
4,99484634374948,-0.070041135,0.094009586,0.07962852
10,99484640656511,-0.29886723,0.2504964,0.34146833
4,99484643951615,-0.070041135,0.058589544,0.05539375
10,99484649247709,-0.32487583,0.22631407,0.54357433
4,99484654086979,-0.055127434,0.022104237,0.022903185
10,99484659031354,-0.35418153,0.12867212,0.66172314
4,99484662410833,-0.037550572,-0.010918961,0.0127831735
10,99484667601042,-0.45953298,0.047270775,0.6952419
4,99484674422396,-0.029827405,-0.03914847,0.014647386
10,99484681983750,-0.5005863,0.04596901,0.67806005
4,99484685256771,-0.024234766,-0.05672533,0.017044231
10,99484690118281,-0.441854,0.06395292,0.6506195
4,99484694979844,-0.024234766,-0.07190535,0.015978966
10,99484701075156,-0.47076106,0.07771444,0.5977359
4,99484704365000,-0.036751624,-0.0958738,0.013315806
10,99484706624583,-0.45879006,0.099262714,0.4469018
4,99484713982292,-0.05006743,-0.11824436,0.002396845
10,99484721614636,-0.3442166,0.17291594,0.22924042
4,99484724863281,-0.037550572,-0.118776985,-0.008255799
10,99484729683229,-0.35477734,0.17522812,0.23444223
4,99484734665938,-0.015446335,-0.09773801,-0.010386328
10,99484740808073,-0.086597204,0.15466547,0.09706783
4,99484744130729,-0.011717909,-0.08548747,-0.0053263223
10,99484746933229,-0.0889914,0.20973206,0.0012993813
4,99484754021354,-0.014913702,-0.068176925,-0.0037284256
10,99484760411250,-0.00774312,0.26481295,-0.0990181
2,99484764819271,-38.0,-1.0,12.0
10,99484769050990,0.10650444,0.22908163,-0.1790433
4,99484773873906,-0.026631612,0.007989483,0.012516857
10,99484779988438,0.09812498,0.13934708,-0.15193558
4,99484783203594,-0.030626353,0.03701794,0.025832662
10,99484786152188,0.06700039,0.13216448,-0.14235878
4,99484793244219,-0.033822145,0.06551377,0.029827405
10,99484800795886,0.13589382,0.13366747,-0.18264389
4,99484804114167,-0.035952676,0.08894958,0.034621093
10,99484806962813,0.13589382,0.13366747,-0.18264389
4,99484811745729,-0.024501082,0.11132014,0.048203215
10,99484818881875,0.027299643,-0.01967287,-0.023157597
4,99484822121511,-0.029028457,0.11504856,0.06178534
10,99484827123646,-0.035303354,-0.06775379,0.13531208
4,99484831895833,-0.02876214,0.1206412,0.06258429
10,99484838602917,-0.036643744,-0.088983536,0.01839161
4,99484841845261,-0.03834952,0.12863068,0.04447479
10,99484846821354,0.047389507,-0.12374163,-0.040138245
4,99484852604844,-0.038615838,0.1403486,0.0396811
10,99484857706198,0.15958071,-0.17272854,0.07641554
4,99484860800104,-0.04447479,0.16618125,0.029028457
10,99484866658906,0.12967253,-0.20051432,0.14672756
4,99484871444740,-0.06764429,0.16884442,0.0034621095
10,99484878164479,0.030743837,-0.2460947,0.13896036
4,99484881413750,-0.09427591,0.17763285,-0.063116916
10,99484886617083,0.008992672,-0.4717865,0.018312454
4,99484891414948,-0.1025317,0.19707392,-0.08362326
10,99484897967917,0.035957336,-0.5121107,0.013894081
4,99484901192656,-0.10918961,0.22210763,-0.111852765
10,99484906181771,-0.08952117,-0.5213766,0.11693621
4,99484910956771,-0.07882957,0.22503711,-0.1257012
10,99484917720521,-0.14447594,-0.492301,0.1627574
4,99484920967344,-0.035952676,0.20532973,-0.13848437
10,99484926143646,-0.1984992,-0.39000368,0.12503195
4,99484930908490,0.0058589545,0.18908444,-0.15739283
10,99484937547969,-0.15745711,-0.29958725,0.15408754
2,99484940810208,-40.0,-2.0,12.0
10,99484945555104,-0.14402127,-0.11031914,0.14445543
4,99484951342500,0.036751624,0.20799288,-0.17736652
10,99484956466771,-0.099238396,0.007487774,0.24811745
4,99484959576302,5.326322E-4,0.21944448,-0.17896444
10,99484965528333,-0.10852885,2.565384E-4,0.31699276
4,99484970369010,-0.03834952,0.22530343,-0.19148129
10,99484977051719,-0.1579616,-0.04253149,0.41416454
4,99484980271667,-0.04261058,0.2463424,-0.19787288
10,99484985454271,-0.21334982,-0.11248875,0.34935188
4,99484990223385,-0.01438107,0.2724414,-0.18775286
10,99484996832813,-0.18051839,-0.19294453,0.38375998
4,99485000078385,0.024234766,0.3006709,-0.18082865
10,99485005284948,-0.22115636,-0.14264488,0.45535088
4,99485010066042,0.076965354,0.3155846,-0.1834918
10,99485016579479,-0.30278206,0.010641098,0.5370388
4,99485019799219,0.10439592,0.3153183,-0.17976338
10,99485024984375,-0.4736942,-0.0033078194,0.41559505
4,99485029764688,0.087085366,0.30386668,-0.17070863
10,99485036356250,-0.48200524,0.07903433,0.39046335
4,99485039593594,0.07643273,0.30652985,-0.16431704
10,99485044739323,-0.35988784,0.31951094,0.26291227
4,99485049552500,0.06684534,0.3187804,-0.15286545
10,99485054693802,-0.31133628,0.5306859,0.29041767
4,99485057952500,0.041012682,0.3355583,-0.11824436
10,99485064399479,-0.3478968,0.6164236,0.40426254
4,99485069228229,0.03488741,0.345412,-0.07856325
10,99485076034271,-0.352445,0.5651083,0.48984718
4,99485079441615,0.059388492,0.3616573,-0.030626353
10,99485084381927,-0.42190707,0.48731756,0.6172185
4,99485089160833,0.10066749,0.38242993,0.03488741
10,99485095729583,-0.5616108,0.4065342,0.5413494
4,99485098958177,0.13262543,0.3882889,0.10173275
10,99485104077917,-0.472677,0.5963898,0.43422604
4,99485108079896,0.16618125,0.38296258,0.13662016
10,99485115483594,-0.3163873,0.8895416,0.10786438
2,99485118737969,-38.0,-7.0,8.0
10,99485123631042,-0.23545778,1.1142178,-0.06098652
4,99485128459271,0.104928546,0.32597092,0.12916331
10,99485135252187,-0.29614544,1.110168,-0.08265114
4,99485138498750,0.021837922,0.2545982,0.11025487
10,99485143623698,-0.33119202,0.7902851,-0.042262077
4,99485148400052,-0.04926848,0.19414444,0.09454222
10,99485153655937,-0.2714728,0.3603201,0.20131493
4,99485156824948,-0.03435478,0.16458336,0.09720538
10,99485163287240,-0.28335774,0.07535553,0.4321189
4,99485168117708,0.0061252704,0.1454086,0.11451593
10,99485174795781,-0.27195477,-0.115632534,0.48466063
4,99485178011771,0.03488741,0.13315806,0.124902256
10,99485183135521,-0.17304301,-0.13423157,0.49028015
4,99485187951510,0.03089267,0.112119086,0.11558119
10,99485194584479,-0.10530448,-0.1407876,0.393641
4,99485197831146,0.023169503,0.08442221,0.09773801
10,99485202998281,-0.102813005,-0.1516223,0.33165884
4,99485207790365,0.012250541,0.062051654,0.08681905
10,99485214393073,-0.1812849,-0.12852716,0.3542652
4,99485217639948,0.0010652645,0.04873585,0.08175905
10,99485222576198,-0.33170617,-0.09077406,0.42262077
4,99485227390417,-0.015180019,0.025566347,0.07483483
10,99485234143854,-0.5228487,-0.20470905,0.50408983
4,99485237359167,-0.039414786,-0.010120012,0.06018744
10,99485242493437,-0.5683665,-0.2829833,0.506413
4,99485247245937,-0.039947417,-0.02609898,0.046339005
10,99485252487448,-0.531976,-0.23735142,0.49018192
4,99485256040990,-0.012516857,-0.04447479,0.017310547
10,99485262176510,-0.51550245,-0.19968128,0.4460473
4,99485267033385,0.016245283,-0.049801115,0.002130529
10,99485273691823,-0.416883,-0.13326359,0.4149313
4,99485276908906,0.027963191,-0.07350325,-0.018908445
10,99485282093906,-0.523021,-0.07911873,0.25939655
4,99485286864375,0.03355583,-0.08628642,-0.031158986
10,99485293465469,-0.48489344,-0.03391409,0.22807789
2,99485296726823,-38.0,-11.0,8.0
10,99485301357344,-0.5265862,0.028141022,0.12642908
4,99485306278229,0.07962852,-0.12410331,-0.07803062
10,99485313248333,-0.5533278,0.09460878,0.13095093
4,99485316494479,0.096939065,-0.14354439,-0.07962852
10,99485321614635,-0.42240977,0.42440128,0.0386405
4,99485326419479,0.11558119,-0.16058862,-0.07483483
10,99485333029948,-0.36094093,0.5265727,-0.01419735
4,99485336282917,0.13102753,-0.1635181,-0.07403588
10,99485341420417,-0.18321681,0.67769337,-0.02217865
4,99485346225312,0.1387507,-0.15073492,-0.073236935
10,99485351382604,-0.109044075,0.6839633,0.13857937
4,99485354600833,0.13848437,-0.0777643,-0.0479369
10,99485361059219,-0.03469324,0.4710555,0.16538143
4,99485365909583,0.06178534,0.09720538,0.0479369
10,99485372630052,-0.07481909,0.30314112,0.20516539
4,99485375859062,-0.04527374,0.3603257,0.23675503
4,99485385950208,-0.16378441,0.62717444,0.49827746
4,99485390958333,-0.20133498,0.73103774,0.6378271
4,99485395126406,-0.18881813,0.7800399,0.76512617
10,99485400457812,-0.40557373,-0.13066292,1.2678394
4,99485405235625,-0.06391586,0.78589886,0.9531454
10,99485411873281,-0.4669218,-0.6017175,0.5161762
4,99485414967604,0.08362326,0.6844324,1.0072075
10,99485420179583,-0.37623584,-0.08425522,-0.5029993
4,99485424833385,0.41758367,0.5107943,0.76912093
10,99485431661823,-0.55622005,0.49331427,1.1358261
4,99485434755937,0.3390204,0.13582122,0.27830034
10,99485439958021,-1.456392,-0.417336,0.6261296
4,99485445752760,-0.24980451,-0.26072347,-0.13662016
10,99485450738854,-1.5484408,0.0760479,1.0466428
4,99485453693802,-0.39601207,-0.41278997,-0.3289004
10,99485459683177,-1.1788092,-0.46202374,1.174108
4,99485464408073,-0.32037827,-0.43382895,-0.37736994
10,99485471204739,-0.8010588,-1.1820726,0.47178936
2,99485474365208,-39.0,-10.0,8.0
10,99485479511875,-0.21501935,-0.66892385,-0.0029406548
4,99485484206562,0.12650016,-0.47377637,-0.4133226
10,99485490986458,-0.35121977,-0.012846947,0.36629772
4,99485494130156,0.180296,-0.5454154,-0.46152583
10,99485499236094,-0.7269162,0.26274157,-0.053572655
4,99485503988698,0.02609898,-0.59601545,-0.5006743
10,99485510755573,-0.35508657,1.03754,0.26570892
4,99485513888333,-0.014647386,-0.57604176,-0.52597433
10,99485519059531,-0.36264503,0.61512566,0.31469917
4,99485523724844,-0.10705908,-0.52863747,-0.49987534
10,99485530570260,-0.4859376,0.16396618,0.4518404
4,99485533664166,-0.12969595,-0.49721217,-0.43356264
10,99485537654635,-0.31594932,0.15438938,0.6505594
4,99485544793229,-0.033822145,-0.45673212,-0.35633096
10,99485551045052,-0.19800508,0.17838049,0.6149688
4,99485555295000,0.06764429,-0.3850931,-0.27350664
10,99485558776250,-0.20983326,0.3558488,0.44123316
4,99485563496510,0.10439592,-0.3155846,-0.18295917
10,99485570098958,-0.24838889,0.61430216,0.20032835
4,99485573178229,0.082025364,-0.2511361,-0.1025317
10,99485576957344,-0.09755421,0.9087887,-0.043879986
4,99485582939844,0.038083203,-0.17496969,-0.027696876
10,99485591499219,0.050991297,1.0464935,-0.061902046
4,99485594886771,-0.018109497,-0.14487597,0.046072688
10,99485599393073,-0.2680515,1.0125012,-0.39049864
4,99485604397552,-0.07483483,-0.16751283,0.0974717
10,99485610727083,-0.2100141,1.0070181,-0.622056
4,99485613995364,-0.075101145,-0.18588865,0.09267801
10,99485616890364,-0.14058232,0.86097145,-0.6436043
4,99485623835208,-0.045540057,-0.19760656,0.06737798
10,99485631374948,-0.26669383,0.5137887,-0.4290347
4,99485634630364,-0.026365295,-0.2282329,0.046072688
10,99485637413333,-0.26669383,0.5137887,-0.4290347
4,99485643959062,-0.03914847,-0.24074976,0.023702133
10,99485650318750,-0.038918257,0.31577635,-0.18500614
2,99485654731979,-34.0,-5.0,10.0
10,99485658918802,-0.09733343,0.13324165,-0.010542393
4,99485663766979,-0.082025364,-0.16644756,0.050866377
10,99485670066146,-0.28617692,-0.3103547,-0.017645836
4,99485673313906,-0.14407702,-0.11744541,0.08175905
10,99485676159791,-0.4561652,-0.44682407,0.008690357
4,99485683273750,-0.13475595,-0.09640643,0.08948222
10,99485690817500,-0.33999872,-0.4392972,-0.11856127
4,99485694146719,-0.041279,-0.03222425,0.09667275
10,99485697044583,-0.34000492,-0.43929482,-0.11856127
4,99485701873385,-0.024234766,-0.01571265,0.094009586
10,99485708672344,-0.010512829,0.035768032,-0.27810955
4,99485711883281,-0.05273059,-0.0031957934,0.07376956
10,99485717245104,0.012614727,0.3662362,-0.20792341
4,99485722080104,-0.08548747,-0.004261058,0.06684534
10,99485728577344,-0.041972637,0.35129642,-0.19835186
4,99485731825937,-0.22264028,-0.013582122,0.0727043
10,99485737021094,-0.27973747,0.13742065,-0.1695447
4,99485741863281,-0.2580603,-0.025832662,0.08495484
10,99485746821875,-0.3174281,0.051946163,-0.1537137
4,99485750162916,-0.25646242,-0.042876896,0.0974717
10,99485756800521,-0.17710042,-0.00985384,-0.114171505
4,99485761635573,-0.1736381,-0.037550572,0.09241169
10,99485767964010,-0.12561822,0.00390625,0.048007965
4,99485771199583,-0.082558,-0.04261058,0.08362326
10,99485776575416,-0.21015978,0.11941576,0.2444191
4,99485781328698,-0.048469532,-0.06524745,0.0727043
10,99485787704739,-0.16554165,0.16532183,0.2845645
4,99485790948073,-0.071106404,-0.0793622,0.061519023
10,99485796344218,-0.14961648,0.18112707,0.09874821
4,99485801157083,-0.12703279,-0.081226416,0.06364955
10,99485807517812,-0.16058493,0.18201685,0.0073370934
4,99485810759010,-0.16138756,-0.07643273,0.07829694
10,99485816119635,-0.16298652,0.0857749,0.15042877
4,99485820904791,-0.1571265,-0.06657903,0.08735169
10,99485827267864,-0.15402746,-0.06480026,0.3438778
2,99485830537552,-37.0,-4.0,10.0
10,99485836014739,-0.16474175,-0.15241146,0.40693808
4,99485840830885,-0.12543489,-0.091080114,0.03568636
10,99485845801250,-0.14058495,-0.09329319,0.33803654
4,99485849061666,-0.1371528,-0.08681905,0.008788432
10,99485854595729,-0.042643547,-0.027288914,0.26978827
4,99485861021093,-0.15899073,-0.07989483,0.007989483
10,99485867162916,-0.011687994,-0.17453146,0.22007751
4,99485870384583,-0.17896444,-0.0644485,0.021038974
10,99485875648385,0.049370766,-0.23366499,0.28643513
4,99485880471823,-0.17763285,-0.06231797,0.017044231
10,99485886622708,0.029371738,-0.11829138,0.2783122
4,99485889860677,-0.15686019,-0.04261058,0.006657903
10,99485895007760,0.052348137,0.0214262,0.14420176
4,99485899952760,-0.15153387,-0.010120012,0.007190535
10,99485906404896,0.084438324,0.0070996284,0.21479559
4,99485909647135,-0.13448964,0.01571265,0.007456851
10,99485915028437,-0.021066904,-0.082623005,0.3910985
4,99485919797083,-0.11851067,0.017310547,0.009054748
10,99485926190312,-0.07531762,-0.1419959,0.38933706
4,99485929435364,-0.08655274,0.027963191,-0.0010652645
10,99485934805364,-0.06514907,-0.09822655,0.2949152
4,99485939633958,-0.06498113,0.055926383,-0.0031957934
10,99485944599010,-0.065335274,-0.0020151138,0.35112
4,99485947940573,-0.051931642,0.071106404,-0.0026631611
10,99485954238593,-0.18962693,-0.008128166,0.51757526
4,99485959055937,-0.064182185,0.05219796,-0.012250541
10,99485965716458,-0.19283485,-0.047379017,0.552979
4,99485968923645,-0.06844324,0.043942157,-0.036485307
10,99485974352604,-0.13652253,-0.029505253,0.6416254
4,99485979116250,-0.05352954,0.043942157,-0.05219796
10,99485985490989,-0.252712,0.06561279,0.68099403
4,99485988739427,-0.03701794,0.019441076,-0.056459017
10,99485994171198,-0.3649664,0.0021195412,0.54776573
4,99485998969270,-0.04474111,-0.0055926386,-0.056991648
10,99486005284479,-0.29313946,-0.03447771,0.49481153
2,99486008546510,-40.0,-4.0,8.0
10,99486014082812,-0.26778483,0.017512321,0.5666652
4,99486018868854,-0.0479369,-0.022370555,-0.055926383
10,99486025052083,-0.33348846,0.030893326,0.62393284
4,99486028294687,-0.035952676,-0.046339005,-0.045007423
10,99486032987239,-0.28096747,-0.008565426,0.56420517
4,99486039422083,-0.029028457,-0.052996907,-0.04234426
10,99486044317031,-0.20585346,0.030535698,0.4829917
4,99486047410312,-0.025033714,-0.04314321,-0.0396811
10,99486053471354,-0.18101525,0.10035992,0.35836267
4,99486058286614,-0.02956109,-0.028495824,-0.021837922
10,99486064640677,-0.17140818,0.18990993,0.24570322
4,99486067845729,-0.037284255,-0.01784318,-0.002396845
10,99486071812031,-0.19062877,0.15362358,0.31274843
4,99486078625989,-0.034088463,-0.012516857,0.0055926386
10,99486084719010,-0.25811195,0.050985813,0.34142113
4,99486087934114,-0.030626353,-0.018908445,0.0029294773
10,99486093063073,-0.27792907,0.037128925,0.2745576
63,34,99486097132343,-0.0053263223,-0.005060006,0.0026631611
11,99486102756979,-0.318847,0.145883,-0.668509,0.655858,3.0
4,99486106172135,0.008788432,0.004527374,0.007456851
10,99486111652916,-0.25814533,0.10017538,0.20797062
4,99486117966979,0.02130529,0.005060006,0.011717909
10,99486123789270,-0.27150607,0.15596914,0.25658035
4,99486126872708,0.027963191,-0.010386328,-0.0053263223
10,99486132313333,-0.27444577,0.20614386,0.24993229
4,99486137935416,0.023435818,-0.01571265,-0.011185277
10,99486142720573,-0.32851052,0.14923286,0.27520752
4,99486145703437,5.326322E-4,-0.020506341,-0.014647386
10,99486151925000,-0.33968925,0.10858154,0.33799362
4,99486156574479,-0.018642128,-0.022104237,-0.002130529
10,99486163237552,-0.2760234,0.056916237,0.41333485
4,99486166330677,-0.014114754,-0.022903185,0.0061252704
10,99486171901927,-0.25579,0.15328026,0.31128263
4,99486176537291,-0.0077231675,-0.025033714,0.0029294773
10,99486183042291,-0.20587301,0.21040106,0.27355766
2,99486186140104,-39.0,-3.0,9.0
10,99486191644739,-0.13745451,0.24831057,0.16895342
4,99486196286927,-0.005060006,-0.022104237,0.002130529
10,99486202809270,-0.125978,0.25834703,0.13910866
4,99486205901093,-0.023435818,-0.029294772,0.012250541
10,99486211433072,-0.16938782,0.26754904,0.10808039
4,99486216077447,-0.033289514,-0.02743056,0.017044231
10,99486222591875,-0.13038683,0.27509785,0.058185577
4,99486225678697,-0.056991648,-0.011185277,0.026897928
10,99486231200468,-0.22043014,0.20134974,0.1555481
4,99486236768125,-0.06924219,-0.015978966,0.03888215
10,99486241581875,-0.25383854,0.15671396,0.25827885
4,99486244570989,-0.03542004,-0.025033714,0.036485307
10,99486250976875,-0.13464117,0.019429684,0.15633917
4,99486255650677,-0.0010652645,-0.021837922,0.030626353
10,99486262150989,-0.19945979,-0.013356209,0.20248556
4,99486265250416,0.033023197,-0.02130529,0.02743056
10,99486270754739,-0.16913009,0.032819748,0.19415379
4,99486275470625,0.047404267,-0.01784318,0.024767399
10,99486281926927,-0.15511179,0.08826923,0.15910196
4,99486285008177,0.017044231,-0.010652645,0.025033714
10,99486290533125,-0.19754267,0.010451317,0.16944265
4,99486295280625,-0.033289514,-0.010386328,0.02609898
10,99486301699843,-0.19977307,0.009752274,0.1966734
4,99486305621145,-0.05965481,-0.012516857,0.013848438
10,99486310140468,-0.14121842,0.032141685,0.24718332
4,99486315094010,-0.05539375,-0.0063915867,7.9894834E-4
10,99486321743437,-0.10175586,-0.05869007,0.16542578
4,99486324979895,-0.03914847,2.663161E-4,-0.0077231675
10,99486330343958,-0.141325,-0.022750378,0.25160837
4,99486334708906,-0.007190535,-0.0029294773,-0.0127831735
10,99486340100729,-0.15701866,-0.037073612,0.3550105
4,99486343491093,0.013315806,-0.008788432,-0.016777916
10,99486350122031,-0.21377993,-0.026410103,0.3305354
4,99486355022864,0.021837922,-0.007456851,-0.021571605
10,99486361308854,-0.22807932,0.05276251,0.31746912
2,99486364564114,-39.0,-3.0,8.0
10,99486370098802,-0.18288565,0.16065454,0.21592903
4,99486374986562,0.011984225,0.005060006,-0.03089267
10,99486381115625,-0.16832948,0.16375828,0.20087767
4,99486384413125,-0.012516857,0.0034621095,-0.029827405
10,99486389679375,-0.16825461,0.18736267,0.26358747
4,99486394765052,-0.021038974,-0.0034621095,-0.03355583
10,99486400873541,-0.19947338,0.16838026,0.31239986
4,99486404181406,-0.014114754,-0.0018642128,-0.029028457
10,99486407051979,-0.24496031,0.13247395,0.34352446
4,99486414846562,-0.0018642128,0.0063915867,-0.015978966
10,99486422440156,-0.25847697,0.15524864,0.309546
4,99486425695624,0.006657903,0.016245283,-0.0026631611
10,99486430520833,-0.25762534,0.15392685,0.30819178
4,99486435422447,0.007190535,0.022903185,0.0034621095
10,99486440332447,-0.23425412,0.22031307,0.20652437
4,99486443438124,-0.00479369,0.01917476,0.0031957934
10,99486447471666,-0.27974415,0.20355368,0.29989862
4,99486454571822,-0.02130529,0.009853696,-0.0029294773
10,99486462165572,-0.27284503,0.09122133,0.30374002
4,99486465416458,-0.034088463,0.0010652645,-0.009321064
10,99486470289739,-0.2728603,0.09358549,0.30568457
4,99486475186718,-0.020506341,2.663161E-4,-0.011984225
10,99486481314270,-0.2848394,-0.020234585,0.38320732
4,99486484602447,0.010918961,-0.002396845,-0.00958738
10,99486486855364,-0.2992046,-0.0034751892,0.4095435
4,99486493951510,0.046871636,-0.0037284256,-0.014913702
10,99486501542812,-0.29567838,0.04108715,0.36456108
4,99486504806302,0.04926848,-0.0026631611,-0.020772656
10,99486507661770,-0.29567838,0.04108715,0.36456108
4,99486513410260,0.029827405,-0.01571265,-0.026897928
10,99486520997656,-0.34268737,0.20925665,0.2526574
4,99486524386927,0.0018642128,-0.024767399,-0.01917476
10,99486527194843,-0.2780409,0.09673548,0.19998455
4,99486534080364,-0.01917476,-0.021837922,-0.008522116
10,99486540440624,-0.22529054,0.031219482,0.2889223
2,99486544793697,-40.0,-4.0,7.0
10,99486548994687,-0.23397946,0.07124519,0.3151803
4,99486553838593,0.021038974,2.663161E-4,-0.009853696
10,99486559962083,-0.22755814,0.06970072,0.22558022
4,99486563209791,0.023702133,0.009321064,-0.010652645
10,99486566141197,-0.23235297,0.14631796,0.20403242
4,99486573038958,0.024767399,0.014647386,-0.011717909
10,99486579300624,-0.26359272,0.18955946,0.19265175
4,99486582564739,0.035153728,0.019441076,-0.0013315806
10,99486587253124,-0.2911272,0.16274834,0.25218248
4,99486591559114,0.032756884,0.017044231,5.326322E-4
10,99486598809791,-0.2989447,0.21287632,0.19687319
4,99486602054895,0.023435818,0.0037284256,-0.0013315806
10,99486607037187,-0.21702218,0.2538147,0.091999054
4,99486611803124,0.024767399,0.0061252704,-0.0010652645
10,99486618587447,-0.15810108,0.24698591,0.10260582
4,99486621806822,0.01784318,0.007190535,0.006657903
10,99486626992343,-0.22277999,0.10686827,0.2380619
4,99486631762551,0.008255799,-0.0018642128,0.011717909
10,99486637056406,-0.26962066,0.046783924,0.28542852
4,99486640178124,0.007190535,-0.016245283,0.008255799
10,99486646589635,-0.3028643,-0.015141964,0.2927847
4,99486651358645,0.007989483,-0.018375812,0.007190535
10,99486658141666,-0.27715397,-0.04559946,0.21930838
4,99486661359895,0.008255799,-0.009853696,0.01571265
10,99486666320833,-0.22710061,0.009919643,0.21496058
4,99486671128385,0.013582122,-0.014114754,0.01438107
10,99486677922291,-0.2461853,0.07680845,0.20763254
4,99486681148437,0.0029294773,-0.024767399,-0.0010652645
10,99486686347708,-0.2549038,0.06266785,0.15084314
4,99486691156197,-0.024767399,-0.032756884,-0.0127831735
10,99486697693645,-0.27697444,0.06464577,0.11029196
4,99486700939739,-0.036218993,-0.03914847,-0.016777916
10,99486705924531,-0.31381798,0.050961494,0.15695333
4,99486710724270,-0.034621093,-0.045540057,-0.015978966
10,99486717473906,-0.28193903,0.015951633,0.1417799
2,99486720740051,-39.0,-4.0,9.0
10,99486725591770,-0.21198726,0.024728775,0.25698137
4,99486731386406,0.017044231,-0.027963191,-0.019973708
10,99486736512291,-0.2537558,0.093251705,0.2525568
4,99486739627708,0.022903185,-0.018908445,-0.01438107
10,99486744072499,-0.26118422,0.16064596,0.15357733
4,99486751049479,-0.0010652645,-0.0058589545,-0.002130529
10,99486757410572,-0.23867154,0.25315762,0.1413641
4,99486760651614,-0.026365295,0.0037284256,0.010120012
10,99486765139426,-0.21738243,0.2807474,0.13529158
4,99486769962812,-0.038615838,0.008522116,0.017044231
10,99486776797968,-0.24246001,0.18064308,0.20425177
4,99486780042187,-0.039414786,0.01438107,0.019441076
10,99486785212656,-0.22394347,0.124275684,0.22329712
4,99486790018124,-0.014647386,0.022903185,0.01438107
10,99486796578958,-0.1860683,0.116481304,0.28637266
4,99486799819114,0.0077231675,0.036485307,0.01304949
10,99486804943489,-0.17872524,0.08090544,0.21400595
4,99486809800624,0.0010652645,0.034621093,0.019973708
10,99486816385104,-0.26345468,0.06704235,0.22994089
4,99486819618437,-0.011717909,0.02396845,0.022104237
10,99486824825989,-0.23151946,0.07796383,0.2635336
4,99486829604635,-0.00479369,0.016777916,0.0127831735
10,99486834754062,-0.23417258,0.031454563,0.2663703
4,99486837912708,0.004261058,0.014913702,0.0077231675
10,99486844374947,-0.24896431,-0.039731026,0.32372904
4,99486849196197,0.0053263223,0.013315806,0.0013315806
10,99486855917656,-0.2616005,0.0031952858,0.37571335
4,99486859141458,-0.0063915867,0.0055926386,-0.0077231675
10,99486864334166,-0.21830583,-0.0012068748,0.330472
4,99486869106874,-0.025566347,0.0055926386,-0.00958738
10,99486875692343,-0.22081614,-0.032829285,0.29854345
4,99486878909010,-0.03568636,5.326322E-4,-0.013315806
10,99486884071249,-0.2261033,-0.0016188622,0.3486228
4,99486888890208,-0.015978966,-0.00958738,-0.021571605
10,99486895488124,-0.20151162,-0.0049614906,0.34079552
2,99486898754583,-40.0,-3.0,8.0
10,99486903605781,-0.17795014,-0.07673359,0.33932877
4,99486908428437,0.011185277,-0.014114754,-0.0314253
10,99486915260312,-0.24529028,0.02010107,0.38459015
4,99486918511510,0.018375812,-0.01917476,-0.02956109
10,99486924549166,-0.23185205,0.097132206,0.2834773
4,99486929676145,0.009321064,-0.01784318,-0.028229509
10,99486934715103,-0.18526936,0.21473503,0.19434595
4,99486937860468,0.011717909,-0.020772656,-0.035952676
10,99486941862551,-0.2393403,0.2558136,0.19391203
4,99486947444687,0.021038974,-0.029294772,-0.045540057
10,99486953576510,-0.22741604,0.1335082,0.22925806
4,99486956780520,0.017044231,-0.03169162,-0.048203215
10,99486961615572,-0.2896769,0.0741477,0.26277065
4,99486968505051,-0.0053263223,-0.021038974,-0.033822145
10,99486974792760,-0.3551607,0.13113785,0.20357132
4,99486978043958,-0.016511599,-0.013848438,-0.011717909
10,99486982909322,-0.2995875,0.20803118,0.22835541
4,99486987685624,-0.008788432,-0.0015978967,0.0018642128
10,99486994375103,-0.24032354,0.20146942,0.20750618
4,99486997625051,0.004261058,-5.326322E-4,-0.0053263223
10,99487002751874,-0.2573161,0.18416405,0.2502346
4,99487007534791,0.007989483,-2.663161E-4,-0.009853696
10,99487014145572,-0.2770822,0.199749,0.23031616
4,99487017354218,-0.002130529,5.326322E-4,-0.010918961
10,99487022525156,-0.30146694,0.2254839,0.1964469
4,99487027267603,-0.0063915867,2.663161E-4,-0.0063915867
10,99487032503124,-0.27552533,0.18527603,0.15866613
4,99487036486249,-0.010652645,-0.0055926386,0.0037284256
10,99487041863489,-0.2685504,0.14812946,0.13335276
4,99487046660572,-0.010120012,-0.006924219,0.010918961
10,99487053708020,-0.2540555,0.12485838,0.17695665
4,99487056920989,0.0029294773,-0.009321064,0.010918961
10,99487062042916,-0.23275995,0.16524649,0.22466469
4,99487066848645,0.0127831735,-0.007989483,0.011984225
10,99487073479687,-0.24733925,0.18424368,0.17193651
2,99487076709114,-39.0,-4.0,8.0
10,99487080579530,-0.19436646,0.10662985,0.16579771
4,99487087257760,-0.027164243,-0.0031957934,0.01784318
10,99487093217291,-0.16783714,0.059016705,0.2421422
4,99487096480728,-0.027963191,-0.006924219,0.021571605
10,99487101602968,-0.16738844,-0.050620556,0.31379414
4,99487106369426,-0.00958738,-0.0039947415,0.02396845
10,99487113029374,-0.1947937,-0.08447409,0.30548286
4,99487116245155,0.002130529,-0.0026631611,0.023169503
10,99487121421093,-0.20624995,-0.040517807,0.25095463
4,99487126534218,0.006657903,-0.002130529,0.015446335
10,99487131679478,-0.10903287,0.057332516,0.23425007
4,99487134804739,0.009054748,0.0034621095,0.009054748
10,99487141075103,-0.04761696,0.08082962,0.23415422
4,99487145908228,0.0015978967,0.0077231675,0.006657903
10,99487152586822,-0.08141184,0.026569366,0.2827859
4,99487155837968,-0.018642128,0.006657903,0.0053263223
10,99487160761614,-0.08186865,-0.003089428,0.3080783
4,99487165640155,-0.019973708,0.017310547,2.663161E-4
10,99487172367447,-0.029100657,0.017114162,0.37834692
4,99487175608853,0.0010652645,0.027963191,-0.0018642128
10,99487180733801,-0.063444376,-0.021259308,0.3251071
4,99487185657343,0.007456851,0.038083203,0.0018642128
10,99487192141562,-0.1848154,-0.022264957,0.41185474
4,99487195381458,0.0058589545,0.036485307,2.663161E-4
10,99487200528645,-0.24840331,0.058837414,0.46795607
4,99487205389895,-0.0039947415,0.036485307,-0.0015978967
10,99487211890155,-0.3615377,0.032517433,0.4163375
4,99487215128749,-0.034621093,0.04580637,0.0
10,99487220276041,-0.42108178,0.14257717,0.3926587
4,99487225105885,-0.05273059,0.04181163,0.0053263223
10,99487230225624,-0.4479072,0.2654271,0.38428164
4,99487233784999,-0.032490566,0.03089267,-0.0031957934
10,99487239922708,-0.39699507,0.2696905,0.19091272
4,99487244742655,-0.042077947,0.024767399,-0.017044231
10,99487251450937,-0.4547689,0.32409525,0.15575695
2,99487254705937,-39.0,-4.0,9.0
10,99487259645364,-0.46377385,0.39361572,0.24662924
4,99487264484687,0.0077231675,0.010386328,-0.017044231
10,99487271365572,-0.33402753,0.33893156,0.21848774
4,99487274613072,0.03542004,0.018642128,0.0010652645
10,99487277408749,-0.3220694,0.28148365,0.17540455
4,99487285052187,0.046871636,0.037284255,0.023702133
10,99487292652655,-0.22544193,0.3264103,0.18878174
4,99487295905572,0.060720075,0.050866377,0.041279
10,99487300378957,-0.21987748,0.32113886,0.18269014
4,99487305319635,0.06098639,0.06924219,0.06471482
10,99487311650989,-0.18009043,0.39242268,0.16077471
4,99487314870885,0.018908445,0.07483483,0.09267801
10,99487317666457,-0.24473095,0.29187155,0.13204432
4,99487324988228,-0.004527374,0.07243799,0.10918961
10,99487331369739,-0.19396281,0.209692,0.11401224
4,99487335692082,-0.004261058,0.073236935,0.11371698
10,99487339330103,-0.1514008,0.07443476,0.19957256
4,99487344179895,0.009321064,0.06711166,0.11504856
10,99487350485780,-0.16159058,-0.10921335,0.2344842
4,99487353726041,0.01571265,0.05273059,0.11638014
10,99487356652707,-0.2166574,-0.11879015,0.21293592
4,99487364162187,0.0037284256,0.03542004,0.103064336
10,99487371760207,-0.21964598,-0.029052734,0.22881699
4,99487375018489,-0.018109497,0.03009372,0.08681905
10,99487377850885,-0.21964598,-0.029052734,0.22881699
4,99487383567603,-0.050333746,0.01571265,0.07829694
10,99487391142707,-0.23981333,-0.053433895,0.27966547
4,99487394483489,-0.06338324,5.326322E-4,0.06178534
10,99487397289791,-0.24220753,-0.12286615,0.30121326
4,99487403746666,-0.04580637,-0.0037284256,0.047404267
10,99487411363749,-0.2707324,-0.2277174,0.36907005
4,99487414674426,-0.01304949,0.004261058,0.036751624
10,99487417470520,-0.27072954,-0.2277112,0.36907005
4,99487423741666,0.03169162,0.0013315806,0.03568636
10,99487430056718,-0.46816444,-0.10771656,0.51516294
2,99487434328541,-41.0,-4.0,9.0
10,99487436492812,-0.37000215,-0.0047655106,0.2709546
4,99487443275468,0.07989483,0.007456851,0.03781689
10,99487449361666,-0.3572575,0.136621,0.21348143
4,99487452607395,0.048469532,0.022370555,0.04261058
10,99487457770103,-0.43329608,0.24268723,0.280334
4,99487462559791,0.041279,0.014647386,0.041279
10,99487468808280,-0.40388358,0.23033333,0.23569345
4,99487472056041,0.013315806,-0.008522116,0.029028457
10,99487477438332,-0.3317088,0.22191477,0.23145819
4,99487482205832,0.010386328,-0.0058589545,0.025033714
10,99487488585103,-0.33010662,0.23317146,0.23038816
4,99487491831041,0.01571265,-0.002130529,0.030626353
10,99487497210520,-0.28776526,0.29404783,0.32213974
4,99487501980416,0.029827405,0.0053263223,0.051665325
10,99487508360103,-0.25830865,0.22057724,0.26718044
4,99487511595259,0.035153728,0.00958738,0.066312715
10,99487516996353,-0.24916744,0.13065624,0.31745148
4,99487521814374,0.042876896,0.005060006,0.073236935
10,99487526742707,-0.21828938,0.1028018,0.28132915
4,99487530141562,0.047670584,0.017310547,0.08282431
10,99487536761301,-0.14389205,0.036711216,0.26429272
4,99487541548437,0.04580637,0.025300032,0.0974717
10,99487547934895,-0.14434505,-0.026323795,0.26164627
4,99487551158593,0.039947417,0.025566347,0.10839066
10,99487556540884,-0.17701793,-0.1071167,0.25018215
4,99487560523437,0.032490566,0.020506341,0.10066749
10,99487567708645,-0.13163018,-0.08010006,0.24864626
4,99487570956249,0.03914847,0.025033714,0.08016115
10,99487576327864,-0.10420251,-0.070411205,0.23742485
4,99487581086874,0.040480047,0.023169503,0.061519023
10,99487587498905,-0.09700894,-0.073847294,0.3285365
4,99487590753332,0.029294772,0.011185277,0.041279
10,99487596241145,-0.09173989,-0.08625698,0.27226543
4,99487600979739,0.02263687,-0.0010652645,0.019973708
10,99487607267812,-0.12699604,-0.057730675,0.20486975
2,99487610533541,-40.0,-2.0,9.0
10,99487616060989,-0.072781086,-0.06754303,0.2432332
4,99487620865207,0.020506341,-0.010918961,0.010120012
10,99487625865676,-0.07426,0.02261591,0.2501812
4,99487628996041,0.019973708,-0.011451593,0.002396845
10,99487634727603,-0.11430502,0.019302368,0.20684624
4,99487640854478,0.0037284256,-0.021038974,-0.006924219
10,99487647001145,-0.15271568,0.064442635,0.21687269
4,99487650260416,0.01571265,-0.019973708,-0.015446335
10,99487655443489,-0.12506342,0.09923077,0.25527668
4,99487660207603,0.03834952,-0.014114754,-0.014114754
10,99487666598749,-0.11623883,0.1557393,0.29417658
4,99487669834426,0.04580637,-0.011185277,-0.008788432
10,99487675066562,-0.2280221,0.2087183,0.3365016
4,99487679896509,0.036218993,-0.010652645,-2.663161E-4
10,99487686352447,-0.26484823,0.19808197,0.25255156
4,99487689559947,0.01917476,-0.010918961,0.004527374
10,99487694993853,-0.24161029,0.18872786,0.27254295
4,99487699815103,0.011185277,-0.006924219,0.0058589545
10,99487706144062,-0.23007894,0.19216394,0.28115225
4,99487709390884,0.014114754,-0.0010652645,0.0039947415
10,99487714771509,-0.18036008,0.11927414,0.25890017
4,99487719549322,0.01784318,0.0034621095,0.0031957934
10,99487724479009,-0.18530798,0.094175816,0.26040077
4,99487727918332,0.028495824,0.011984225,-0.0018642128
10,99487734301666,-0.18043303,0.1140461,0.20634127
4,99487739142707,0.03834952,0.024501082,-0.011185277
10,99487745678020,-0.17054343,0.09452057,0.24231291
4,99487748922968,0.049534798,0.038083203,-0.013848438
10,99487754336301,-0.24776983,0.121861935,0.24589825
4,99487759134374,0.05885586,0.039947417,-0.015446335
10,99487765459530,-0.30274498,0.15317392,0.23186493
4,99487768705155,0.05672533,0.029827405,-0.015446335
10,99487774133489,-0.2726295,0.20128345,0.1391778
4,99487778949530,0.053795855,0.02609898,-0.014114754
10,99487785244739,-0.2810223,0.21819353,0.19493723
2,99487788472447,-39.0,-2.0,10.0
10,99487793908749,-0.29827464,0.20185614,0.26747036
4,99487798689270,0.040746365,0.014913702,0.008522116
10,99487804912395,-0.30792058,0.15283966,0.35252857
4,99487808126249,0.041545313,0.006657903,0.01571265
10,99487813659374,-0.28438342,0.09003878,0.32563734
4,99487818436457,0.042876896,0.0127831735,0.02130529
10,99487823373332,-0.27470386,0.048936844,0.3657508
4,99487826817759,0.043409526,0.012250541,0.02396845
10,99487833447811,-0.27869546,-0.02993679,0.37736988
4,99487838282082,0.036218993,0.009321064,0.04181163
10,99487844579739,-0.30327666,-0.0152897835,0.47502375
4,99487847790520,0.043675844,-0.0015978967,0.03195793
10,99487853224947,-0.3548869,0.08244562,0.4549966
4,99487858009634,0.055926383,-0.022370555,0.013848438
10,99487864358697,-0.43923187,0.038127422,0.45395422
4,99487867596509,0.05912218,-0.04527374,0.0026631611
10,99487872993905,-0.4684093,5.660057E-4,0.41014433
4,99487877832186,0.05273059,-0.057257965,-0.0013315806
10,99487884138020,-0.4166646,0.14432764,0.38820553
4,99487887379374,0.064182185,-0.07989483,-0.0127831735
10,99487892769686,-0.36481035,0.24624825,0.31574965
4,99487897590728,0.06498113,-0.07803062,-0.014647386
10,99487903910989,-0.35392153,0.25786495,0.17448997
4,99487907158593,0.029028457,-0.06498113,-0.0031957934
10,99487912691561,-0.30417264,0.30501032,0.10410833
4,99487917472811,0.025832662,-0.05672533,-0.0026631611
10,99487922397655,-0.20629334,0.3433404,0.017505646
4,99487925692864,0.029294772,-0.03435478,-0.004527374
10,99487932342811,-0.22469306,0.3485856,-0.08101416
4,99487937244947,0.02876214,-0.005060006,-0.002130529
10,99487943484947,-0.12645793,0.377666,-0.24477005
4,99487946720155,0.03568636,0.023435818,-0.0029294773
10,99487952112499,-0.07681227,0.37747622,-0.2179122
4,99487956881613,0.039414786,0.0396811,-0.0061252704
10,99487963274478,-0.093078375,0.34141874,-0.18894768
2,99487966531561,-39.0,-2.0,11.0
10,99487971946041,-0.10577536,0.2824254,-0.1236186
4,99487976756197,0.0396811,0.05965481,-0.0013315806
10,99487983049113,-0.09062123,0.14128399,-0.06650591
4,99487986299791,0.06924219,0.07137272,0.008255799
10,99487991657447,-0.11995864,-0.021727085,-0.124855995
4,99487996426353,0.081226416,0.07669904,0.011185277
10,99488002832811,-0.021974325,0.15608406,-0.27433777
4,99488006079478,0.12117383,0.076166406,-0.006657903
10,99488011431509,0.27832627,0.50474405,-0.29658556
4,99488016200051,0.14727281,0.09560748,-0.028229509
10,99488021145103,0.35711265,0.38008976,-0.44306087
4,99488024588957,0.08362326,0.11132014,-0.031158986
10,99488030020468,0.18889809,0.44310236,-0.4701748
4,99488036498541,0.06897587,0.11132014,-0.04314321
10,99488041658801,0.1348679,0.36088324,-0.3000989
4,99488044916093,0.083090626,0.1387507,-0.041012682
10,99488051031561,0.30701828,0.23442793,0.033786774
4,99488055890884,0.15073492,0.2463424,-0.009321064
10,99488062160259,0.4030838,0.15062475,0.3193264
4,99488065378176,0.2066613,0.4282363,0.08282431
10,99488070808957,0.37962294,0.16076899,0.5967703
4,99488075772291,0.1882855,0.7089335,0.28708878
10,99488081892759,0.058624506,-0.04147005,0.75135994
4,99488085144426,0.021571605,0.9518138,0.572047
10,99488090607291,-0.4923706,-0.35321522,0.44138908
4,99488095475832,-0.07989483,1.0394318,0.8135957
10,99488101701613,-0.7214998,-0.35501432,0.5574188
4,99488104920676,0.12650016,0.9600696,0.9683254
10,99488110361978,-0.8532892,-0.71997166,0.09815693
4,99488115174895,0.5094627,0.70200926,1.005077
10,99488120089270,-1.1112859,-0.5340252,-0.5292306
4,99488123467759,1.0444918,0.33182988,0.76565886
10,99488129185728,-1.4614028,-0.5996008,1.4915347
4,99488135341874,1.0255834,-0.28016454,0.23861924
10,99488141426613,-2.5356672,-1.3410659,0.8305359
2,99488144684426,-44.0,-3.0,9.0
10,99488148049322,-1.3984268,-0.67068624,1.1489649
4,99488155299374,0.6175871,-0.87831056,-0.39734364
10,99488162867707,-0.89413774,-1.0498056,0.74587154
4,99488166126457,0.56911755,-0.8093347,-0.376571
10,99488170956040,-0.9718125,-1.0928669,0.7315712
4,99488175915988,0.49774483,-0.8452873,-0.3720436
10,99488181999843,-0.830647,-0.99960136,1.1367488
4,99488185248176,0.4013384,-1.0010823,-0.46365637
10,99488187192915,-0.27279806,0.1304617,0.8422618
4,99488194838957,0.262854,-1.0652645,-0.5789712
10,99488202457863,0.28778172,1.2425795,0.19653845
4,99488205728020,2.663161E-4,-0.9731191,-0.6423545
10,99488210555936,0.17455292,1.2278299,0.21630907
4,99488215425676,-0.3768373,-0.86366314,-0.6061355
10,99488220311770,-0.07035494,1.4590425,0.5340805
4,99488223417238,-0.59148806,-0.78723043,-0.52464277
10,99488227470103,0.11160445,0.85330963,0.569994
4,99488234572447,-0.6149239,-0.6556703,-0.41252366
10,99488242194218,0.2535305,0.31588125,0.8454766
4,99488245459478,-0.43729106,-0.4889564,-0.2841593
10,99488250319634,0.20285964,0.33594656,0.8758974
4,99488255176457,-0.19734024,-0.3387541,-0.1587244
10,99488261317655,0.034115553,0.23563433,0.35134315
4,99488264594947,-0.0644485,-0.20612867,-0.05752428
10,99488266849738,0.21847153,0.6594138,-0.32860994
4,99488273931613,-0.036485307,-0.084155895,0.029827405
10,99488281560520,0.23955917,1.0225616,-0.87800455
4,99488284815468,-0.056991648,0.0058589545,0.10279802
10,99488287626665,0.23955917,1.0225616,-0.87800455
4,99488293409686,-0.08362326,0.09560748,0.14647387
10,99488299690207,0.3273399,1.1690116,-0.9697323
4,99488302896665,-0.10839066,0.16591494,0.16804546
10,99488307956301,0.038600445,0.90707254,-0.54315424
4,99488312759426,-0.12144015,0.18482338,0.16911073
10,99488318079113,-0.15025234,0.64515305,-0.048256874
2,99488321221665,-39.0,-3.0,11.0
10,99488327675988,-0.22239828,0.52588797,0.13991404
4,99488332440884,-0.14008227,0.221575,0.1470065
10,99488339190520,-0.3951745,0.08750343,0.21855974
4,99488342433853,-0.11105382,0.25832662,0.18082865
10,99488347456978,-0.30893755,-0.08439636,0.10302973
4,99488352296353,-0.10839066,0.26977822,0.18402444
10,99488358998280,-0.25465012,-0.012520313,0.04189682
4,99488362241561,-0.09614012,0.29827404,0.17896444
10,99488367230468,-0.36380434,0.05476284,0.24449396
4,99488372079322,-0.108124346,0.31132352,0.18748654
10,99488378746197,-0.4306494,-0.09940958,0.3104577
4,99488381982499,-0.11664646,0.29694247,0.17869811
10,99488387159582,-0.5062649,-0.57695484,0.5216975
4,99488391908697,-0.06391586,0.2593919,0.13662016
10,99488398525311,-0.31983376,-0.5974469,0.5079131
4,99488401759999,0.026631612,0.26684874,0.077231675
10,99488407005155,0.19898868,-0.46844196,0.37759686
4,99488411807551,0.07856325,0.3257046,0.042077947
10,99488416986145,0.27226543,-0.4586792,0.44112492
4,99488420106249,0.036218993,0.3619236,0.029827405
10,99488426564217,0.18832254,-0.36454296,0.43003273
4,99488431376145,-0.017576864,0.36245623,0.022104237
10,99488438107186,0.15272021,-0.34265232,0.3623066
4,99488441354999,-0.060720075,0.3787015,0.008788432
10,99488446322863,0.25732112,-0.35075665,0.30237722
4,99488451161926,-0.06178534,0.3901531,0.005060006
10,99488457884790,0.28807974,-0.3604045,0.29574823
4,99488461131874,-0.026365295,0.3853594,0.0077231675
10,99488466334009,0.24981761,-0.38623857,0.26140642
4,99488471153905,-0.0026631611,0.37630466,0.0061252704
10,99488477668488,0.27999163,-0.2951789,0.2803831
4,99488480909165,0.013848438,0.37790257,0.002396845
10,99488485853592,0.37120485,-0.26584005,0.31275463
4,99488490629582,0.018109497,0.40107206,0.0058589545
10,99488497445207,0.47515106,-0.28983736,0.366055
2,99488500711145,-42.0,-4.0,10.0
10,99488505571405,0.4950981,-0.43697882,0.29059982
4,99488511352915,-0.011185277,0.46205845,7.9894834E-4
10,99488516449999,0.5358777,-0.4268446,0.2328124
4,99488519557707,-0.020772656,0.5049353,-0.025033714
10,99488525633905,0.39791274,-0.34922695,0.22734404
4,99488530397030,-0.017044231,0.49987534,-0.06098639
10,99488536997707,0.22458744,-0.44902897,0.29831505
4,99488540247134,0.002130529,0.4527374,-0.109988555
10,99488545424270,0.3580724,-0.46969032,0.4028926
4,99488550223020,0.073236935,0.42370895,-0.18642128
10,99488556801665,0.40820825,-0.53476524,0.5620847
4,99488560039530,0.13156016,0.38748994,-0.27004454
10,99488564987134,0.20651782,-0.46871996,0.81499815
4,99488569838488,0.1818939,0.33262882,-0.3518036
10,99488576517342,0.15694094,-0.25820446,0.7228594
4,99488579751978,0.19148129,0.2926814,-0.48203218
10,99488584908228,0.18954062,-0.008550644,0.3743453
4,99488589750780,0.112918034,0.2609898,-0.60720074
10,99488596351197,-0.16341126,0.014583111,0.046809673
4,99488599564322,-0.054594804,0.21145499,-0.6535397
10,99488604698332,-0.38472378,-0.22392082,0.114165306
4,99488609480780,-0.216515,0.1206412,-0.62557656
10,99488614643436,-0.5208008,-0.39929485,0.66094875
4,99488617914947,-0.18801917,0.012250541,-0.60267335
10,99488624359738,-0.46459568,-0.39732838,1.1783776
4,99488629121769,0.08468852,-0.07563378,-0.61705446
10,99488635897134,-0.3788669,-0.19288778,1.1201162
4,99488639132967,0.42397526,-0.08468852,-0.6125271
10,99488644292915,-0.4442724,0.0040688515,0.74661684
4,99488649067082,0.5438175,-0.07084008,-0.5637912
10,99488655636405,-0.5251417,0.31987143,0.55812025
4,99488658883280,0.45460162,-0.10945592,-0.5336975
10,99488664009374,-0.46723664,0.6921611,0.66340065
4,99488668859374,0.3392867,-0.16990969,-0.5368933
10,99488675430728,-0.3505025,0.94286394,0.5846329
2,99488678684478,-38.0,-16.0,12.0
10,99488683744217,-0.18296981,1.1619177,0.31351423
4,99488688568488,0.33822146,-0.10972224,-0.40080574
10,99488695197342,-0.1039412,1.3331909,-0.021280766
4,99488698408072,0.37603834,-0.0777643,-0.304133
10,99488703535988,-0.09366274,1.6888521,-0.34504604
4,99488708298749,0.39494678,-0.090014845,-0.22956449
10,99488713586405,-0.13012385,2.0049412,-0.57685995
4,99488716804686,0.40053943,-0.090281166,-0.1834918
10,99488723288697,-0.16107321,2.0581167,-0.65629053
4,99488728109009,0.4167847,0.07803062,0.07669904
10,99488734797551,-0.063865185,1.9245775,-0.22408056
4,99488738047551,0.4032026,0.3616573,0.4000068
10,99488743069999,-0.46731853,1.0170636,-0.0037355423
4,99488747903853,0.3225088,0.52624065,0.59388494
10,99488754524790,-1.2069464,0.023141384,0.6943121
4,99488757771301,0.023169503,0.9235843,1.1142666
10,99488762920415,-1.8117914,-0.91432,1.0048466
4,99488767665519,-0.087618,1.0120013,1.2325109
10,99488774296353,-1.6399505,-1.0360589,0.9306631
4,99488777546665,-0.21092236,1.139034,1.3377059
10,99488782666509,-1.0987391,-0.602859,0.4786482
4,99488787483749,-0.14780544,1.124653,1.2812468
10,99488794088228,-0.8723047,-0.3041649,-0.23667812
4,99488797337030,0.018109497,0.96939063,0.9914949
10,99488802442447,-1.3434874,0.6435003,-0.24151707
4,99488807217967,0.27057716,0.61199445,0.32996565
10,99488812437811,-1.6904072,-0.17641354,0.16165447
4,99488815689009,-0.08069378,0.11025487,-0.3581952
10,99488822306301,-2.4391813,-1.9895897,0.8146782
4,99488827072863,-0.62264705,-0.28016454,-0.45034054
10,99488833638384,-2.9045491,-1.9856968,2.4911003
4,99488836883384,-0.24580978,-0.4825648,-0.25033715
10,99488842063488,-1.0454733,-2.568438,1.3049498
4,99488846826457,0.5651228,-0.43063316,-0.23009712
10,99488853414009,-0.64699936,-2.2558947,0.36946297
2,99488856678957,-35.0,-22.0,19.0
10,99488861309894,-1.0794015,-0.013134956,-0.67178774
4,99488866229842,0.8431568,-0.31052458,-0.1917476
10,99488873233853,-1.2501907,2.158329,-0.8384514
4,99488876467082,0.22184132,-0.45886266,-0.25300032
10,99488881664790,-0.925054,2.6442046,-1.4333282
4,99488886491353,-0.46498793,-0.5486112,-0.360592
10,99488893012082,-0.8226938,2.37553,-0.6581416
4,99488896242394,-0.64794713,-0.5547365,-0.38456047
10,99488901380467,-1.2369913,0.97311544,-0.07211113
4,99488906150884,-0.55313855,-0.5629923,-0.30253512
10,99488911379894,-1.4533739,0.08379936,0.17299557
4,99488914568124,-0.3270362,-0.57577544,-0.21544974
10,99488921053801,-1.2259191,0.37678623,0.30597115
4,99488925914165,-0.11132014,-0.58722705,-0.16644756
10,99488932536769,-1.1535988,0.914104,-0.0010690689
4,99488935780051,-0.10173275,-0.61598915,-0.128897
10,99488940970676,-1.1998312,1.2776132,-0.34839678
4,99488945850571,-0.2396845,-0.67244816,-0.11558119
10,99488952350415,-1.2240231,1.2692657,-0.50343466
4,99488955565415,-0.3797668,-0.71532506,-0.12410331
10,99488960690519,-1.0568494,0.8377428,-0.44250202
4,99488965601926,-0.45699844,-0.72917354,-0.12623383
10,99488972094946,-0.84340596,0.35007477,-0.42659807
4,99488975342342,-0.4412858,-0.72011876,-0.109988555
10,99488980517186,-0.67586124,0.15952396,-0.3304286
4,99488985422030,-0.3637878,-0.6964166,-0.080960095
10,99488991872603,-0.73597777,0.038373947,-0.42715836
4,99488995085467,-0.3022688,-0.6788398,-0.061519023
10,99489000240936,-0.82005465,0.02563858,-0.41661692
4,99489005169999,-0.2796319,-0.6580671,-0.0644485
10,99489010284165,-0.74788547,0.14413738,-0.44118786
4,99489013445676,-0.28122982,-0.60906494,-0.064182185
10,99489018642030,-0.4749465,0.30215454,-0.40288067
4,99489025565832,-0.29987195,-0.5110606,-0.027963191
10,99489031737394,-0.35402584,0.28622866,-0.2856331
2,99489035006457,-32.0,-15.0,18.0
10,99489038361301,-0.629359,0.00850153,-0.537024
4,99489045263332,-0.4612595,-0.43862265,0.08362326
10,99489052863540,-0.8205484,0.15843248,-0.73230314
4,99489056119738,-0.5089301,-0.4111921,0.09853696
10,99489060620155,-0.84448826,0.20268059,-0.6923814
4,99489065572186,-0.5107943,-0.36778256,0.10759171
10,99489071884009,-0.6892338,0.40594196,-0.70763063
4,99489075118905,-0.56272596,-0.35127094,0.12756541
10,99489077978280,-0.57430923,0.35088158,-0.65016985
4,99489084893748,-0.6218481,-0.35100463,0.13901702
10,99489092536509,-0.24117136,0.46961355,-0.40109062
4,99489095783176,-0.6372945,-0.3174488,0.15659387
10,99489100258019,-0.25565696,0.5213151,-0.3561573
4,99489105168176,-0.63649553,-0.26525086,0.21784659
10,99489110286769,-0.39287138,0.22021437,-0.10769272
4,99489113393384,-0.6375608,-0.27989823,0.28975195
10,99489117187394,-0.8214334,0.15317678,-0.27528667
4,99489124396353,-0.5696502,-0.33609092,0.3006709
10,99489131985519,-0.51064324,0.34614372,-0.41031933
4,99489135245988,-0.46818373,-0.34594464,0.252734
10,99489138169426,-0.51064324,0.34614372,-0.41031933
4,99489143270884,-0.38615838,-0.3640541,0.21038973
10,99489149962238,0.18319511,0.38895273,0.059380054
4,99489153175936,-0.34274885,-0.42876893,0.19121496
10,99489158529530,0.26365972,0.41675282,0.349957
4,99489163477030,-0.3339604,-0.46578687,0.20373182
11,99489169846769,-0.331495,0.1444,-0.670678,0.647649,3.0
4,99489173090728,-0.37550572,-0.44874266,0.23116238
10,99489178365988,0.18832111,0.0252347,0.70454407
4,99489183217342,-0.3997405,-0.43569317,0.25060347
10,99489189462967,0.059256077,0.050243378,0.6286874
4,99489192669998,-0.42557314,-0.3797668,0.31478566
10,99489198078801,0.23381615,0.23852205,0.678596
4,99489202930467,-0.41438788,-0.37550572,0.32836777
10,99489207868957,0.4952662,0.3572259,0.7970624
2,99489211565207,-40.0,-3.0,9.0
10,99489217988957,0.59482884,0.3404765,0.8819599
4,99489222955207,-0.35606465,-0.41918156,0.2860235
10,99489229070988,0.8090875,0.06909037,1.0642967
4,99489232305936,-0.3110572,-0.44315,0.2543319
10,99489237637707,0.7328243,-0.24376869,1.410491
4,99489242406665,-0.23515713,-0.4346279,0.26072347
10,99489248797550,0.59933805,-0.42369366,1.4438958
4,99489252014373,-0.15100123,-0.43010053,0.29880667
10,99489257448905,0.74923444,-0.49818325,1.6970143
4,99489262308228,-0.03781689,-0.4032026,0.33475935
10,99489268571978,0.83848906,-0.45784092,1.555121
4,99489271794738,0.053263225,-0.35446674,0.3669836
10,99489277183019,0.9226117,-0.3929267,1.5659461
4,99489281956457,0.08495484,-0.345412,0.3888215
10,99489288354582,0.84519887,-0.3640828,1.570621
4,99489291600936,0.08735169,-0.34487936,0.39441416
10,99489296971665,0.8449383,-0.38740873,1.4007807
4,99489301763644,0.08362326,-0.3323625,0.39068574
10,99489306722134,0.91867566,-0.42218447,1.363183
4,99489310116509,0.11744541,-0.30173615,0.3800331
10,99489316486665,0.97111344,-0.4765687,1.0617208
4,99489321351300,0.12436963,-0.2591256,0.37390783
10,99489327895780,0.93488264,-0.5621834,0.8406553
4,99489331117655,0.06018744,-0.23116238,0.35446674
10,99489336548228,0.88823223,-0.5675006,0.6439233
4,99489341409425,-0.007989483,-0.22583607,0.30919302
10,99489347677759,0.9163532,-0.59229374,0.60527277
4,99489350927550,-0.008788432,-0.2130529,0.24687503
10,99489356300155,0.7967346,-0.7815504,0.6326351
4,99489360585936,0.03834952,-0.18722023,0.19760656
10,99489367507498,0.7453432,-0.90233517,0.65500116
4,99489370742290,0.11824436,-0.14088123,0.14354439
10,99489376094061,0.68709207,-0.9363289,0.745368
4,99489380895571,0.19467708,-0.1272991,0.08841695
10,99489387244269,0.3678794,-0.91548014,0.35224628
2,99489390503905,-41.0,10.0,9.0
10,99489396036457,0.40298867,-0.7056956,0.09769392
4,99489400863853,0.27776772,-0.11824436,-0.015446335
10,99489405857759,0.4866476,-0.35094357,0.01658678
4,99489408998123,0.2873551,-0.10226539,-0.06498113
10,99489414711248,0.36515784,-0.021835804,-0.055552483
4,99489420874373,0.26525086,-0.09933591,-0.10226539
10,99489427092134,0.21380019,0.2289505,0.06286383
4,99489430305675,0.22903186,-0.095074855,-0.11824436
10,99489435364321,-0.11286473,0.19238377,0.09420204
4,99489439337342,0.19121496,-0.11744541,-0.099069595
10,99489446580936,-0.39198613,-0.035722733,0.059704304
4,99489449827030,0.19094865,-0.12330436,-0.050600063
10,99489455042915,-0.29917765,0.09863186,0.13112402
4,99489459872498,0.24554345,-0.09560748,0.007190535
10,99489466354269,-0.30241585,0.52305937,0.29734993
4,99489469603280,0.27217507,-0.082025364,0.07803062
10,99489474980155,-0.49050617,0.8188281,0.16006804
4,99489479781717,0.20133498,-0.09347696,0.13129385
10,99489486178071,-0.5460825,1.0329065,0.047115803
4,99489489413436,0.11504856,-0.1206412,0.15606125
10,99489494759894,-0.5752952,1.105691,-0.04510355
4,99489499528280,0.086020105,-0.1419465,0.16005598
10,99489504492030,-0.5603936,0.981966,-0.21167278
4,99489507894321,0.09720538,-0.15126756,0.15472966
10,99489514274113,-0.5796118,0.7802124,-0.21432877
4,99489519120571,0.123038046,-0.16964336,0.14247912
10,99489525688175,-0.6329341,0.49145317,-0.124094486
4,99489528931092,0.11052119,-0.17923075,0.13688648
10,99489534312707,-0.6320603,0.13243341,-0.10154772
4,99489539213957,0.0644485,-0.17736652,0.1387507
10,99489545456925,-0.63567424,-0.04536915,-0.12104273
4,99489548665207,0.054062173,-0.15259913,0.15073492
4,99489565878696,0.064182185,-0.094009586,0.1669802
2,99489569814217,-37.0,13.0,13.0
10,99489575717446,-0.49359465,-0.19696617,-0.37324047
4,99489578892967,0.047404267,-0.07057377,0.15419704
10,99489582129894,-0.4475155,-0.09867191,-0.35191488
4,99489588412082,0.033023197,-0.051931642,0.12756541
10,99489595094113,-0.4779787,-0.08141279,-0.36140108
4,99489598330727,0.013848438,-0.041545313,0.105727494
10,99489603468332,-0.56090236,-0.13048983,-0.30570173
4,99489608232446,0.002130529,-0.042077947,0.098004326
10,99489613444842,-0.6176188,-0.18543291,-0.28467846
4,99489616669477,-0.008255799,-0.042876896,0.08522116
10,99489623111925,-0.57748747,-0.19741106,-0.33984137
4,99489627896196,-0.008788432,-0.04580637,0.064182185
10,99489634653800,-0.5389674,-0.16506815,-0.14399624
4,99489637902394,-0.008522116,-0.047137953,0.036751624
10,99489643037342,-0.47803998,-0.08439541,0.05791235
4,99489647791769,-0.008522116,-0.040746365,0.033289514
10,99489654423488,-0.50766754,0.021398544,0.15801859
4,99489657647811,-0.022104237,-0.03568636,0.04314321
10,99489662789217,-0.5959728,0.054143906,0.06476498
4,99489667567446,-0.035952676,-0.038615838,0.049002163
10,99489674207655,-0.54864573,0.073877335,0.04729271
4,99489677451405,-0.032756884,-0.040746365,0.05672533
10,99489682576561,-0.3062117,0.22405148,-0.052211285
4,99489687355884,-0.0039947415,-0.027963191,0.056459017
10,99489693999529,-0.28162885,0.29060984,-0.07947874
4,99489697208748,-0.008788432,-0.02130529,0.05832323
10,99489702383904,-0.16656375,0.52731323,-0.13752794
4,99489707140467,-0.037284255,-0.01571265,0.059388492
10,99489712326248,-0.12318039,0.5339699,-0.1553564
4,99489715557082,-0.07163903,-0.007190535,0.068176925
10,99489722046092,-0.14268422,0.4156232,-0.18438864
4,99489726818384,-0.104928546,0.0063915867,0.09454222
10,99489733539373,-0.02027464,0.2492156,-0.09052706
4,99489736771040,-0.11345066,0.032756884,0.11664646
10,99489741892967,-0.06541252,0.19818258,-0.06903458
2,99489746676092,-36.0,18.0,15.0
10,99489753311717,0.09121108,0.24461746,0.007845402
4,99489756527394,-0.03542004,0.050333746,0.10333065
10,99489761702238,0.28298497,0.21666193,-0.183043
4,99489766472446,-0.03834952,0.08468852,0.101999074
10,99489773100936,0.30756617,0.16127539,-0.17753172
4,99489776318175,-0.06950851,0.108124346,0.12463594
10,99489781506613,0.35121822,0.10842991,-0.11315012
4,99489786283800,-0.07643273,0.12969595,0.14088123
10,99489792872029,0.42567778,0.013353348,-0.089464664
4,99489796099634,-0.061519023,0.16005598,0.1454086
10,99489801229425,0.46655464,-0.04864216,-0.15805006
4,99489806176509,-0.060453758,0.16831179,0.1419465
10,99489811348644,0.37195277,-0.14604902,-0.16666651
4,99489814470884,-0.07803062,0.180296,0.13129385
10,99489820875102,0.37856722,-0.20974779,0.06410837
4,99489825727602,-0.099069595,0.18562233,0.11132014
10,99489832424425,0.24929357,-0.23033524,0.23966599
4,99489835664217,-0.09081379,0.17710021,0.08948222
10,99489840774009,0.18271995,-0.28059912,0.22600842
4,99489845616769,-0.09614012,0.1834918,0.06524745
10,99489852196613,0.1733973,-0.3805151,0.41656876
4,99489855404113,-0.10279802,0.18162759,0.050600063
10,99489860529790,0.06550932,-0.4192505,0.58718586
4,99489865498540,-0.08016115,0.15126756,0.030360037
10,99489871981144,0.017441511,-0.42051697,0.61450577
4,99489875227186,-0.061519023,0.13635385,-0.002130529
10,99489880342707,-0.11226535,-0.37857723,0.6646762
4,99489885164582,-0.049002163,0.11611383,-0.03089267
10,99489891765779,-0.17983294,-0.3549676,0.8891158
4,99489895009529,-0.028495824,0.09187906,-0.04527374
10,99489897844009,-0.2133615,-0.36692333,0.93940926
4,99489905973644,-0.020240024,0.07829694,-0.050600063
10,99489912358279,-0.27898097,-0.33725405,0.89170027
4,99489915479113,-0.011717909,0.05912218,-0.059921127
10,99489918292394,-0.28855777,-0.18402529,1.0425348
2,99489925471040,-40.0,17.0,13.0
10,99489933058852,-0.32698584,-0.07981539,0.9811077
4,99489936327342,0.009321064,0.033023197,-0.0644485
10,99489940791613,-0.32654762,-0.08382082,0.9772248
4,99489945632498,0.0026631611,0.036751624,-0.058589544
10,99489951973436,-0.39467955,0.041933537,0.8441777
4,99489955213279,0.009054748,0.028495824,-0.05486112
10,99489957458175,-0.38989115,0.13530731,0.71489096
4,99489964907134,0.022104237,0.040480047,-0.055926383
10,99489972497498,-0.31099725,0.22861576,0.6222124
4,99489975766144,0.03701794,0.06977482,-0.047137953
10,99489980258019,-0.30798697,0.22195339,0.614933
4,99489985176821,0.047670584,0.08575379,-0.018375812
10,99489991509581,-0.34429336,0.39261723,0.61837053
4,99489994746717,0.06178534,0.09773801,0.020506341
10,99489997589581,-0.31077456,0.36867523,0.642313
4,99490004853019,0.09640643,0.13448964,0.050333746
10,99490011345571,-0.30685663,0.24721146,0.55800724
4,99490015444477,0.12543489,0.18002969,0.09187906
10,99490017536040,-0.49360418,0.10595369,0.56997824
4,99490024248019,0.1387507,0.20266657,0.13821806
10,99490031675363,-0.46039414,0.09430313,0.5350108
4,99490035012967,0.1818939,0.2181129,0.15819177
10,99490037841144,-0.31195354,0.27386856,0.41051245
4,99490043691196,0.21704763,0.23355924,0.15472966
10,99490049828019,-0.21475792,0.40079498,0.21342039
4,99490053078644,0.2282329,0.26178873,0.13901702
10,99490058403956,-0.22986054,0.49886084,-0.06007862
4,99490062366561,0.18801917,0.2644519,0.13795175
10,99490069564790,-0.19917059,0.48692608,-0.12772274
4,99490072779738,0.08681905,0.22876555,0.11638014
10,99490078182967,-0.034226894,0.2461338,0.02858448
4,99490083068956,0.07856325,0.2146508,0.10333065
10,99490089347029,0.06934452,-0.022241116,0.1727252
4,99490092567602,0.087085366,0.2197108,0.08681905
10,99490097959373,-5.722046E-6,-0.22785044,0.30799866
2,99490102889790,-41.0,15.0,14.0
10,99490107816300,-0.017954111,-0.27265692,0.31908035
4,99490111212654,0.14460965,0.25379926,0.0958738
10,99490117747134,0.056450605,-0.198452,0.4922409
4,99490122520311,0.18668759,0.27457193,0.09853696
10,99490128898227,0.02486229,-0.12954473,0.41816378
4,99490132103383,0.20133498,0.27670243,0.09614012
10,99490137513956,-0.098860025,0.0641489,0.40182257
4,99490142366456,0.21518342,0.27803403,0.09054748
10,99490148672706,-0.11002493,0.119550705,0.4247365
4,99490151883488,0.22796659,0.2727077,0.087884314
10,99490157292758,-0.22615814,0.3024292,0.41979408
4,99490162067446,0.22423817,0.23861924,0.08974853
10,99490168087758,-0.47879314,0.5254688,0.27810383
4,99490171396404,0.20453078,0.19600865,0.103064336
10,99490177060467,-0.49679375,0.56281614,0.3154173
4,99490181887290,0.19068234,0.16005598,0.11558119
10,99490188209842,-0.6376339,0.55626535,0.349679
4,99490191430467,0.19361182,0.10359697,0.1222391
10,99490196968644,-0.8703922,0.5859747,0.31522417
4,99490201906144,0.19014971,0.02956109,0.10865697
10,99490206848904,-0.9526701,0.62798023,0.18451548
4,99490209986977,0.18935075,-0.02609898,0.07563378
10,99490216615883,-0.886199,0.5235081,0.23032236
4,99490221387342,0.1555286,-0.057257965,0.06098639
10,99490227762602,-0.9023397,0.36614132,0.24793243
4,99490231008279,0.112119086,-0.084155895,0.07856325
10,99490236403748,-1.0120279,0.3245921,0.35458565
4,99490241162081,0.10679276,-0.1107875,0.10705908
10,99490247538488,-0.9193604,0.1806035,0.2629223
4,99490250786248,0.13156016,-0.114782244,0.13315806
10,99490256179998,-0.7434534,0.101073265,0.13056326
4,99490260949165,0.16271915,-0.092944324,0.14807177
10,99490267304790,-0.6026821,0.21985722,0.19437313
4,99490270544998,0.19228023,-0.08628642,0.170176
10,99490275948436,-0.5302125,0.20754194,0.10793209
2,99490280698279,-41.0,14.0,17.0
10,99490287309425,-0.48424208,0.27885246,-0.11544657
4,99490290548696,0.12117383,-0.0743022,0.165116
10,99490295842915,-0.44724,0.25226688,-0.09496546
4,99490300604477,0.072970614,-0.04580637,0.15659387
10,99490305519061,-0.5017446,0.13075352,0.028234482
4,99490308893175,0.027164243,-0.04926848,0.14168017
10,99490315259373,-0.48985708,0.027471542,0.0015997887
4,99490320087758,0.015446335,-0.05672533,0.113983296
10,99490326648383,-0.37762475,-0.100203514,-0.04422474
4,99490329886508,0.010652645,-0.06258429,0.072171666
10,99490335300623,-0.3403101,-0.08001423,-0.048959732
4,99490340086717,0.03568636,-0.06711166,0.02876214
10,99490346425935,-0.25913608,0.006775856,-0.05490637
4,99490349675675,0.021571605,-0.06364955,0.0061252704
10,99490355078748,-0.19959581,0.033102036,-0.086995125
4,99490359858956,-0.025033714,-0.062051654,-0.0026631611
10,99490366276300,-0.07936621,0.14004183,0.05986643
4,99490369490831,-0.020506341,-0.046871636,-0.0015978967
10,99490374859581,-0.039607048,0.10097027,0.24241734
4,99490379674008,-7.9894834E-4,-0.03169162,0.01438107
10,99490385967550,-0.13823938,-0.017448902,0.23472977
4,99490389206613,0.009853696,-0.023169503,0.026897928
4,99490399267185,0.03435478,-0.014114754,0.0314253
10,99490404378696,-0.037753582,0.11684275,0.024925232
4,99490408075415,0.052996907,0.0029294773,0.028229509
10,99490413295883,0.056504965,0.2334919,0.01802063
4,99490419748748,0.039414786,0.010120012,0.0314253
10,99490425466092,0.05585909,0.3614192,0.10846186
4,99490428559477,0.009321064,0.0058589545,0.037284255
10,99490433931977,0.015184641,0.30017185,0.15278387
4,99490438534998,-0.016245283,0.0029294773,0.041279
10,99490445073279,-0.057955503,0.14813185,0.27078152
4,99490448154217,-0.009853696,0.007989483,0.051931642
10,99490453698696,-0.12727594,0.040318012,0.26481152
2,99490458316456,-40.0,19.0,16.0
10,99490464837394,-0.10864639,-0.0429492,0.3262844
4,99490467934946,0.071106404,0.016245283,0.08628642
10,99490473492863,-0.05620718,-0.004070282,0.14151716
4,99490478191196,0.09614012,0.025033714,0.07989483
10,99490484646925,-0.039372683,0.06548786,0.15303135
4,99490487729321,0.08042747,0.0031957934,0.0743022
10,99490493251352,-0.095574856,0.24763346,0.023690224
4,99490498907758,0.08868326,0.0018642128,0.06950851
10,99490503708696,0.06106043,0.22835445,-0.059669018
4,99490506697185,0.07962852,0.0026631611,0.06551377
10,99490513036925,0.04608202,0.1940813,-0.18487549
4,99490517704321,0.043675844,0.029028457,0.07456851
10,99490524199060,-0.118661165,0.16559982,-0.10474682
4,99490527293279,0.010120012,0.03222425,0.08974853
10,99490532815102,-0.15489507,0.049523354,0.2295456
4,99490537410779,0.020240024,0.01917476,0.07057377
10,99490543948852,-0.18123758,-0.14925957,0.25646782
4,99490547028123,-0.015446335,-0.016777916,0.033023197
10,99490552434373,-0.1887747,-0.3852315,0.3527913
4,99490557055935,-0.005060006,-0.04660532,0.0127831735
10,99490563728279,-0.13415861,-0.36077976,0.47372055
4,99490566803123,0.06924219,-0.055926383,0.013315806
10,99490572362967,-0.1787101,-0.29376507,0.49954987
4,99490576973487,0.109988555,-0.06578008,0.010918961
10,99490583496456,-0.11466718,-0.13182783,0.52075005
4,99490586593644,0.12996227,-0.083889574,2.663161E-4
10,99490592149894,-0.050254345,-0.17758083,0.53628016
4,99490597825935,0.10705908,-0.11052119,-0.021571605
10,99490602608435,-0.055612087,-0.1652503,0.7302804
4,99490602608435,0.09560748,-0.11771172,-0.015180019
4,99490606421821,0.10652645,-0.118776985,0.009054748
10,99490611456508,-0.054372787,0.28369188,0.55667496
4,99490616424685,0.22903186,-0.05832323,0.050333746
10,99490623365310,-0.040388584,0.13196754,1.0355873
4,99490626606144,0.13422333,-0.0743022,0.023169503
10,99490631963800,-0.19792986,-0.44958305,1.2274809
2,99490636747706,-43.0,19.0,18.0
10,99490643277915,-0.12643671,-0.8786826,1.933548
4,99490646496665,-0.09347696,-0.19068234,-0.103064336
10,99490651759894,-0.22996831,-1.4076586,1.7577386
4,99490656589685,-0.08948222,-0.19680761,-0.1107875
10,99490662876300,-0.14169478,-1.3018651,1.4947166
4,99490666120935,-0.012516857,-0.17976338,-0.09986854
10,99490671515987,0.06566644,-1.0103683,1.3473148
4,99490676301404,0.10892329,-0.16405073,-0.10626013
10,99490682723592,0.21206284,-0.5897646,1.0941644
4,99490685931769,0.15739283,-0.15526229,-0.11052119
10,99490691135675,0.20176506,-0.22376728,0.8894062
4,99490696120206,0.12357068,-0.14008227,-0.08841695
10,99490701079842,-0.0051920414,-0.17132139,0.6250968
4,99490704431040,0.08335695,-0.12117383,-0.053795855
10,99490710684633,-0.0752666,-0.14834976,0.38002157
4,99490715329060,0.086020105,-0.09241169,-0.03169162
10,99490721135831,0.09272075,-0.039580345,0.014634609
4,99490725221925,0.11824436,-0.051665325,-0.03435478
10,99490730916612,0.21351886,0.2306447,-0.380311
4,99490735758071,0.14620754,-0.013315806,-0.04926848
10,99490742006404,0.24912024,0.5513692,-0.5833411
4,99490745263435,0.14647387,0.004527374,-0.06844324
10,99490750616612,0.11870217,0.7025671,-0.71462774
4,99490755520258,0.123038046,0.016245283,-0.08069378
10,99490761795935,-0.10300732,0.65222645,-0.75875187
4,99490765025415,0.123038046,0.016245283,-0.09720538
10,99490768809269,-0.2610247,0.5420933,-0.6893201
4,99490775771039,0.15472966,0.01304949,-0.13209279
10,99490783331196,-0.2933216,0.49259472,-0.7868314
4,99490786594998,0.19760656,0.02263687,-0.16165388
10,99490791446769,-0.36208463,0.3974676,-0.677176
4,99490796199217,0.20985709,0.08042747,-0.20985709
10,99490801189217,-0.22024989,0.14880085,-0.59980774
4,99490804427550,0.016777916,0.09933591,-0.2790993
10,99490807241352,-0.27052832,-0.22948313,-1.2438478
2,99490815358800,-35.0,17.0,21.0
10,99490822956248,-0.20557308,-0.50670385,-0.48676968
4,99490826219789,0.05219796,0.17603496,-0.29374668
10,99490831152029,-0.20764804,-0.516418,-0.49381113
4,99490836025623,0.23702134,0.22716765,-0.29534456
10,99490842188592,-0.38221788,-0.48162317,-0.3326969
4,99490845475883,0.24501082,0.2727077,-0.32384038
10,99490848305675,-0.24574828,-0.0793972,-0.42846537
4,99490854918800,0.18455707,0.2908172,-0.34301516
10,99490862510935,-0.16956401,0.46687794,-0.2816186
4,99490865751508,0.12942964,0.28842035,-0.33981937
10,99490868549217,-0.16957068,0.46687937,-0.2816186
4,99490874360883,0.040746365,0.28708878,-0.32091093
10,99490882035831,-0.2517655,0.37799454,0.007769108
4,99490885268800,-0.006657903,0.28362668,-0.3123888
10,99490888138019,-0.3595047,0.38038874,0.25437212
4,99490895022185,0.009321064,0.28495824,-0.30626354
10,99490901391664,-0.29900885,0.31875992,0.3286724
4,99490905798852,0.017576864,0.294013,-0.28815404
10,99490910410206,-0.28116012,0.4316454,0.43049955
4,99490915245883,0.046072688,0.29880667,-0.2561961
10,99490921353696,-0.26097918,0.5431032,0.5090122
4,99490924605258,0.060720075,0.30040458,-0.21571605
10,99490927423539,-0.30886197,0.66281986,0.2863512
4,99490934172185,0.046339005,0.29534456,-0.19414444
10,99490940425727,-0.2198472,0.81300116,0.30243635
4,99490943665571,0.026631612,0.30652985,-0.14487597
10,99490948216092,-0.16252947,0.8355031,0.22586918
4,99490953184529,0.017310547,0.3075951,-0.12942964
10,99490959752810,-0.13701653,0.81747484,0.19626093
4,99490962990102,0.0013315806,0.3304983,-0.10892329
10,99490968006664,-0.20007253,0.709908,0.18382263
4,99490972880258,-0.0058589545,0.35153726,-0.10439592
10,99490979518956,-0.25983453,0.6093054,0.17449093
4,99490982751039,-0.0127831735,0.3568636,-0.10013486
10,99490987735935,-0.54836035,0.22477436,0.07337189
2,99490993539998,-37.0,7.0,22.0
10,99490998683539,-0.5218029,0.13963032,0.015773296
4,99491001950050,0.07749799,0.2793656,-0.10865697
10,99491006117862,-0.5274837,0.18616915,0.075386524
4,99491013134894,0.15659387,0.24714136,-0.11318435
10,99491019388175,-0.5292574,0.30442,0.13533783
4,99491022631769,0.15978967,0.24021713,-0.09827065
10,99491027346508,-0.5981308,0.5726714,0.36777925
4,99491031455779,0.10705908,0.27324033,-0.06524745
10,99491038862133,-0.5725099,0.6183281,0.3545537
4,99491042096664,0.02609898,0.34807515,-0.0063915867
10,99491047063539,-0.55600417,0.58725786,0.39479733
4,99491051854998,-0.042077947,0.46339005,0.11717909
10,99491058599112,-0.5155984,0.47275782,0.6187906
4,99491061809581,-0.06391586,0.5837649,0.30013826
10,99491066871352,-0.6568607,-0.088820934,1.0776763
4,99491071635102,-0.16165388,0.64581656,0.53929013
10,99491078371612,-1.2784984,-0.77909327,0.8260174
4,99491081592394,-0.16325177,0.5699165,0.7470167
10,99491086859112,-1.79477,-0.8642459,0.8850899
4,99491091713852,0.09720538,0.3784352,0.7406251
4,99491100209737,0.05832323,0.004261058,0.4628574
10,99491105162133,-2.1851816,-2.1344466,2.301783
4,99491110871716,-0.40746364,-0.35952675,0.026631612
10,99491117774477,-1.7035306,-1.5630255,2.2022276
4,99491120965623,-0.60959756,-0.5142564,-0.216515
10,99491125945466,-1.4310732,-1.2725863,2.000692
4,99491130688383,-0.4889564,-0.5454154,-0.2396845
10,99491137443123,-0.78278303,-1.6468153,1.004075
4,99491140529164,-0.17337179,-0.54142064,-0.23595607
10,99491145449529,0.28057563,-1.1310353,-0.35156775
4,99491151092185,0.15978967,-0.48975533,-0.32756883
10,99491157264112,0.8470204,0.13251638,-1.5651703
4,99491160360779,0.23888555,-0.39388153,-0.46978164
10,99491165501404,0.79549265,0.5757179,-1.9661193
2,99491170850362,-38.0,4.0,22.0
10,99491177087602,0.38119364,0.8515992,-2.0399985
4,99491180178591,-0.35979307,-0.3155846,-0.603206
10,99491185262550,0.2100954,0.952518,-1.1628485
4,99491191635623,-0.30200246,-0.2977414,-0.6021407
10,99491196857289,0.33591127,0.53643274,-0.5362916
4,99491200130675,-0.10918961,-0.21864553,-0.5651228
10,99491205207133,0.29450893,0.25471783,-0.3800764
4,99491209814164,0.08548747,-0.088150635,-0.484429
10,99491216610310,0.17909813,0.5711212,0.019814491
4,99491219704321,0.21012342,0.022104237,-0.3651194
10,99491224846612,-0.03185129,1.0169148,0.1877904
4,99491229477446,0.18801917,0.0793622,-0.26019084
10,99491236409633,-0.09933686,1.6118846,0.06384277
4,99491239484529,0.09454222,0.107858025,-0.20612867
10,99491244612602,0.13848782,2.073219,-0.01153326
4,99491249252289,0.018642128,0.14753912,-0.17576863
10,99491256148956,0.17027092,1.7932057,0.01367569
4,99491259230258,-0.054062173,0.17869811,-0.13209279
10,99491264389477,-0.14349103,1.3259034,0.22986364
4,99491269762289,-0.07882957,0.16458336,-0.06870956
10,99491275898331,-0.46007693,0.86084175,0.3009143
4,99491278979112,-0.088150635,0.13928333,-0.014647386
10,99491284167602,-0.45433056,0.6223254,0.22124147
4,99491290211143,-0.055127434,0.14088123,0.018642128
10,99491295241612,-0.34684825,0.74277496,0.5056071
4,99491298203748,0.007989483,0.14407702,0.051132694
10,99491302919737,-0.5081656,0.55352783,0.6258993
4,99491309515258,-2.663161E-4,0.09640643,0.07536746
10,99491315907446,-0.59288466,0.2152996,0.6303158
4,99491319143435,-0.049801115,0.028229509,0.06018744
10,99491323987498,-0.52060604,0.07522774,0.5582633
4,99491328748018,-0.068176925,-0.006924219,0.02263687
10,99491335501091,-0.40441406,0.059117317,0.4775157
4,99491338747654,-0.046871636,-0.00958738,0.007190535
10,99491343942602,-0.37665093,0.05335331,0.46801805
2,99491348759373,-37.0,1.0,20.0
10,99491355412237,-0.4452107,-0.04054022,0.4326949
4,99491358648904,-0.09321064,-0.07350325,-0.031158986
10,99491363796143,-0.3677708,-0.20854568,0.52279663
4,99491368575206,-0.11105382,-0.090281166,-0.063116916
10,99491375058018,-0.25446033,-0.1960392,0.49126053
4,99491378301560,-0.09267801,-0.10865697,-0.15472966
10,99491383434841,-0.27962804,-0.28556633,0.38331985
4,99491388275935,-0.087085366,-0.1073254,-0.15925704
10,99491393374841,-0.23114252,-0.3730297,0.33280802
4,99491396656196,-0.099069595,-0.08362326,-0.14647387
10,99491403101196,-0.20006776,-0.33473873,0.4126215
4,99491407928175,-0.05885586,-0.06870956,-0.16058862
10,99491414610831,-0.15348864,-0.25765944,0.49673033
4,99491417848591,-0.006657903,-0.082025364,-0.2197108
10,99491423041560,-0.06524181,-3.285408E-4,0.2796135
4,99491427879112,0.006924219,-0.07989483,-0.23782028
10,99491434413748,-0.02846694,0.08859873,0.14739513
4,99491437656248,0.019441076,-0.060720075,-0.25246766
10,99491442607758,0.17610383,0.36078835,-0.045503616
4,99491447414841,0.0026631611,-0.019707393,-0.23116238
10,99491454182393,0.16993594,0.41910028,-0.066207886
4,99491457422289,-0.016245283,0.011717909,-0.19281286
10,99491462556612,0.059205055,0.266788,0.15985537
4,99491467393123,-0.030626353,0.018375812,-0.1504686
10,99491473968852,-0.009361744,0.1959343,0.19744205
4,99491477206768,-0.028495824,0.028229509,-0.11558119
10,99491482382445,0.0019233227,0.106116295,0.29640484
4,99491487152445,2.663161E-4,0.06338324,-0.07749799
10,99491492299320,-0.052614212,0.13727236,0.25372982
4,99491495543175,0.01438107,0.10040118,-0.025033714
10,99491500935310,-0.16043234,0.15275812,0.274436
4,99491507640466,0.004527374,0.10333065,0.014114754
10,99491513897810,-0.2904055,0.050284386,0.31028938
4,99491517135883,-0.012516857,0.06684534,0.0055926386
10,99491521759841,-0.31394744,0.04126835,0.37611675
2,99491526513487,-38.0,-1.0,22.0
10,99491533273331,-0.40771222,0.03944826,0.34480047
4,99491536529893,-0.015180019,-0.007190535,-0.051665325
10,99491541710831,-0.5479015,-0.10910463,0.24162197
4,99491546570623,-0.03568636,-0.039414786,-0.06364955
10,99491553057081,-0.5355996,-0.18779898,0.28101063
4,99491556296977,-0.033822145,-0.058056913,-0.072970614
10,99491561463800,-0.5365478,-0.11716509,0.45612955
4,99491566242498,-0.0053263223,-0.07749799,-0.075101145
10,99491572829945,-0.56772316,-0.121991634,0.36502266
4,99491576045206,-0.015978966,-0.10013486,-0.06471482
10,99491581228591,-0.5811902,-0.065574646,0.25630283
4,99491586228331,-0.03435478,-0.11265171,-0.057257965
10,99491591365727,-0.5947465,0.046874523,0.2225728
4,99491594482706,-0.039414786,-0.119043306,-0.049002163
10,99491600012654,-0.6483878,0.06384134,0.23916769
4,99491606323852,-0.039414786,-0.12703279,-0.03781689
10,99491612670102,-0.69241333,0.10755634,0.23212957
4,99491615878018,-0.03888215,-0.13315806,-0.02130529
10,99491620825154,-0.71175575,0.12076712,0.16548777
4,99491625705050,-0.05219796,-0.13182648,5.326322E-4
10,99491632159685,-0.6746979,0.20337248,0.19416761
4,99491635397810,-0.04181163,-0.1123854,0.026897928
10,99491640567393,-0.6812446,0.26864862,0.29523897
4,99491645583539,-0.026631612,-0.09454222,0.06897587
10,99491651939529,-0.7934977,0.20329094,0.2879367
4,99491655189581,-0.018642128,-0.092944324,0.11717909
10,99491658032289,-0.7886946,0.1554184,0.28554583
4,99491665763695,-0.017310547,-0.08468852,0.15153387
10,99491673332393,-0.6444658,0.25243235,0.3031268
4,99491676610779,-0.010386328,-0.06578008,0.1834918
10,99491681030310,-0.55694497,0.4499464,0.23850298
4,99491685921872,-0.008255799,-0.054594804,0.21917816
10,99491691090987,-0.49619603,0.3919568,0.16127396
4,99491694330466,-0.060453758,-0.047670584,0.24101609
10,99491698184737,-0.41239738,0.2746477,0.23309994
2,99491705335258,-39.0,-2.0,24.0
10,99491712943383,-0.33424735,0.27144146,0.5097327
4,99491716213227,-0.046339005,0.011185277,0.22450449
10,99491720634425,-0.31608486,0.27855062,0.50950336
4,99491725530050,-0.007989483,0.03568636,0.24580978
10,99491731802706,-0.57116044,-0.007306576,0.61571884
4,99491735038904,0.018375812,0.03914847,0.25379926
10,99491737876247,-0.46820986,-0.07913256,0.47446108
4,99491744992550,0.0561927,0.051665325,0.23888555
10,99491752572081,-0.32993865,0.061988354,0.33707285
4,99491755834477,0.068176925,0.06711166,0.23249397
10,99491758606612,-0.32993865,0.061988354,0.33707285
4,99491764416143,0.03888215,0.061252706,0.22663501
10,99491771965883,-0.27026582,0.18590403,0.16900873
4,99491775213227,0.0055926386,0.047670584,0.19734024
10,99491778050050,-0.21041083,-0.008026123,0.14506674
4,99491785009529,-0.018642128,0.050333746,0.14327806
10,99491791384477,-0.18481922,-0.21114588,0.20206404
4,99491795710727,0.0034621095,0.05912218,0.090281166
10,99491797817445,-0.19918442,-0.33803892,0.23079443
4,99491804216768,0.03195793,0.066046394,0.07483483
10,99491810293435,-0.10105467,-0.36350965,0.2807622
4,99491813534893,0.10759171,0.09134643,0.06897587
10,99491818762810,-0.02998662,-0.17593431,0.2625475
4,99491823665570,0.12942964,0.0958738,0.0644485
10,99491829782810,0.002925396,0.19291401,0.17777681
4,99491833020414,0.1571265,0.10626013,0.05273059
10,99491838412497,0.09678936,0.53295374,0.15666723
4,99491843401508,0.14434333,0.11158645,0.05566007
10,99491849499372,0.13022661,0.6873746,0.07493639
4,99491852740050,0.101200126,0.11052119,0.075101145
10,99491858149216,0.1695962,0.7279358,-0.08342266
4,99491863021768,0.048469532,0.10652645,0.08948222
10,99491869321247,0.358495,0.7336569,0.07494116
4,99491872536352,0.018109497,0.12543489,0.090014845
10,99491877926039,0.26665807,0.49113035,0.21846151
2,99491882769112,-39.0,3.0,21.0
10,99491887740414,0.25810027,0.28006268,0.27907133
4,99491891145727,0.037284255,0.14221281,0.17550232
10,99491897790674,0.28585148,-0.04647398,0.20386457
4,99491902574841,0.057790596,0.1536644,0.18535602
10,99491908880362,0.39576936,-0.0100598335,0.15406656
4,99491912099477,0.0892159,0.17204021,0.18242654
10,99491917479997,0.40838385,0.07201862,-0.014957905
4,99491922259945,0.08681905,0.17923075,0.19094865
10,99491928650883,0.37898755,0.0041003227,-0.2290802
4,99491931900258,0.054328486,0.16724652,0.17896444
10,99491937183279,0.43917584,0.035357475,-0.08526087
4,99491941999737,0.04660532,0.1520665,0.15339808
10,99491948432341,0.4227252,0.1261754,0.023125172
4,99491951674216,0.046072688,0.14514229,0.14061491
10,99491957040674,0.308048,-0.09805822,0.014992714
4,99491962186143,-7.9894834E-4,0.13129385,0.14301175
10,99491968294477,0.16568589,-0.35177994,0.15813541
4,99491971512966,7.9894834E-4,0.10759171,0.11025487
10,99491976851352,0.221241,-0.6131396,0.19112682
4,99491981625518,0.0396811,0.103863284,0.052996907
10,99491986559424,0.32978845,-0.8337178,0.1804614
4,99491989966664,0.06657903,0.12250541,0.0077231675
10,99491996304685,0.20304799,-0.9018307,0.2082529
4,99492001128174,0.06391586,0.1257012,-0.026631612
10,99492007812862,0.09935403,-0.8202381,0.11810732
4,99492011056612,0.027963191,0.12357068,-0.07084008
10,99492016367133,0.07685518,-0.70416164,0.074884415
4,99492021133956,-2.663161E-4,0.12117383,-0.12543489
10,99492027232185,0.060917377,-0.5333085,0.26208258
4,99492030459529,0.0063915867,0.11318435,-0.16804546
10,99492036149633,-0.017582417,-0.49757767,0.25047064
4,99492040427758,0.0018642128,0.09720538,-0.1917476
10,99492047303487,-0.005635977,-0.350389,0.1909213
4,99492050552602,0.011717909,0.10173275,-0.2130529
10,99492055932549,-2.939701E-4,-0.009680748,0.18956852
2,99492060682706,-42.0,2.0,21.0
10,99492067270727,-0.018898487,0.32242918,0.27627945
4,99492070486456,0.03195793,0.111852765,-0.20106867
10,99492075783435,-0.05094552,0.575799,0.33240652
4,99492080561820,-0.017044231,0.09241169,-0.18242654
10,99492085480622,-0.41977036,0.63361216,0.32068205
4,99492088857289,-0.07137272,0.06178534,-0.14274544
10,99492095190258,-0.45312798,0.6458125,0.43694067
4,99492099953643,-0.076166406,0.04314321,-0.10918961
10,99492106642706,-0.43328035,0.5907879,0.49728394
4,99492109881456,-0.05006743,0.044208474,-0.07376956
4,99492126037289,-0.02876214,0.033023197,-0.025832662
4,99492129932341,-0.008788432,0.02396845,-0.015180019
10,99492135787706,-0.46705687,0.48053837,0.577322
4,99492135787706,0.004527374,0.020772656,-0.008522116
4,99492138979945,0.022104237,0.026365295,0.002130529
10,99492143365883,-0.47768795,0.5187583,0.65401983
4,99492149194424,0.018375812,0.028229509,0.03701794
10,99492156257185,-0.6785511,0.44343853,0.4339161
4,99492159503226,-0.03488741,0.033023197,0.06737798
10,99492164638591,-0.74500585,0.43470144,0.41750717
4,99492169439581,-0.083090626,0.04580637,0.080960095
10,99492176039164,-0.7873684,0.3697009,0.6665349
4,99492179291143,-0.09534117,0.041545313,0.08495484
10,99492184397341,-0.8095795,0.18512344,0.77360296
4,99492189172810,-0.05273059,0.030360037,0.07749799
10,99492194397549,-0.602303,-0.04332018,0.6749215
4,99492197643279,-0.02396845,0.03701794,0.070307456
10,99492204089945,-0.48682857,-0.1989026,0.6622
4,99492208815622,0.05965481,0.0644485,0.07856325
10,99492215371820,-0.4820007,-0.086315155,0.6501589
4,99492218620831,0.10626013,0.08175905,0.08362326
10,99492223864268,-0.42366362,0.1790781,0.6555195
4,99492228698122,0.1073254,0.09454222,0.08628642
10,99492235382706,-0.4242072,0.29229832,0.49924517
2,99492238656716,-42.0,-2.0,24.0
10,99492243661456,-0.34469843,0.45490408,0.4282894
4,99492248799476,0.06737798,0.08735169,0.062051654
10,99492254808435,-0.37012768,0.39172554,0.32560253
4,99492258018591,0.038083203,0.06498113,0.034088463
10,99492263416872,-0.39975107,0.18036985,0.27086782
4,99492268194893,0.029294772,0.054328486,0.024501082
10,99492274931091,-0.30097687,0.13045931,0.26801348
4,99492278174008,0.06684534,0.041012682,-0.018109497
10,99492283301560,-0.17457497,0.09521675,0.17107677
4,99492288058018,0.08681905,0.043942157,-0.032756884
10,99492293285466,-0.09139931,0.08777046,0.12253761
4,99492296530987,0.122771725,0.059388492,-0.05566007
10,99492303019476,0.06254637,0.05556059,0.122145176
4,99492307781924,0.15526229,0.07536746,-0.07084008
10,99492314483226,0.10664439,-0.011823654,0.05582142
4,99492317719112,0.16591494,0.09880328,-0.0743022
10,99492322948695,0.12852287,0.06379795,-0.06883669
4,99492327723331,0.16271915,0.13022858,-0.0628506
10,99492334295258,0.16514683,-0.0025014877,-0.14496946
4,99492337554893,0.1488707,0.16831179,-0.04181163
10,99492342685258,0.19890702,-0.2765727,-0.11940861
4,99492347573591,0.12942964,0.19787288,-0.02609898
10,99492353339372,0.19262588,-0.3196826,-0.014728546
4,99492363359945,0.16618125,0.19600865,-0.036218993
10,99492368931508,0.13848352,-0.2491517,-0.05940962
4,99492370773956,0.17204021,0.19707392,-0.04181163
11,99492380619841,-0.300672,0.114113,-0.592477,0.738609,3.0
4,99492382473851,0.2082592,0.19441076,-0.081226416
10,99492387993278,0.13677764,-0.2869997,-0.09514284
4,99492390350049,0.1933455,0.19361182,-0.092145376
4,99492395350049,0.17150758,0.18775286,-0.104928546
4,99492401591299,0.1488707,0.18295917,-0.12117383
10,99492409338487,0.045634866,-0.1886878,-0.03797531
4,99492409338487,0.13422333,0.16831179,-0.13582122
4,99492411404737,0.12703279,0.15632756,-0.1486044
4,99492422135362,0.11957593,0.15020229,-0.15819177
4,99492425355518,0.105993815,0.12942964,-0.1667139
10,99492432571351,0.016615272,-0.29706,-0.0047192574
4,99492437334685,0.120907515,0.11558119,-0.17763285
10,99492443409164,-0.03394735,-0.32245922,0.22021341
4,99492446647549,0.14993598,0.10279802,-0.19307919
10,99492451483174,-0.11175799,-0.29072475,0.30936146
4,99492456315466,0.17816548,0.08149273,-0.19574234
10,99492462631820,-0.18152905,-0.17390013,0.25515985
4,99492465868383,0.20026971,0.0777643,-0.18375812
10,99492471351456,-0.18140352,0.06512642,0.11547899
4,99492476172028,0.21278657,0.086020105,-0.16192019
10,99492482409841,-0.15802741,0.3780117,0.15549135
4,99492485646299,0.21198763,0.096939065,-0.13448964
10,99492491026768,-0.2559091,0.6743984,0.0010890961
4,99492495850414,0.17816548,0.099069595,-0.112119086
10,99492500803643,-0.2613381,0.8695817,0.20677614
4,99492504195883,0.16298546,0.1073254,-0.08149273
10,99492509675518,-0.3860948,0.7063432,0.2387166
4,99492516144424,0.15819177,0.12436963,-0.028229509
10,99492522213070,-0.6221894,0.47059202,0.43332624
4,99492525457705,0.18375812,0.13262543,0.028229509
10,99492528281039,-0.7658415,0.5352354,0.5434594
4,99492535970466,0.27989823,0.14647387,0.08282431
10,99492543548799,-0.80585957,0.33313322,0.57970953
4,99492546814528,0.340352,0.18535602,0.17230652
10,99492551621299,-0.76935375,0.30986118,0.5558357
4,99492556383539,0.35127094,0.2657835,0.29214877
10,99492562559841,-1.3108605,-0.56501055,1.2056808
4,99492565775466,0.3304983,0.3882889,0.46978164
10,99492568581455,-1.6675966,-0.9648423,1.3517275
4,99492575752601,0.22849922,0.4956143,0.6777745
10,99492583339841,-1.70981,-0.8714423,1.1307878
4,99492586595310,0.1304949,0.51958275,0.8271778
10,99492591413539,-1.6140778,-0.87253094,1.1125689
2,99492596286924,-41.0,-9.0,32.0
10,99492601204528,-1.3491048,0.97637653,0.2899418
4,99492604588174,0.2213087,0.08282431,0.46259108
10,99492606980935,-1.6340147,0.519084,0.48147774
4,99492615114320,-0.08841695,-0.29880667,-0.017044231
10,99492622729945,-1.9640946,-0.55285025,0.43753052
4,99492625985883,-0.40240365,-0.5403554,-0.32756883
10,99492628799268,-1.9640946,-0.55285025,0.43753052
4,99492634623591,-0.3336941,-0.6061355,-0.32730252
10,99492642146612,-2.125839,-1.5333371,0.69019127
4,99492645415414,-0.02263687,-0.56938386,-0.23515713
10,99492648200205,-1.2423785,-0.9754882,0.06769943
4,99492654552862,0.3400857,-0.51984906,-0.25326663
10,99492662154633,-0.6852213,0.14279509,-0.55606556
4,99492665397810,0.4511395,-0.5121259,-0.37710363
10,99492668236560,-0.63733727,1.10287,-0.90801287
4,99492674104476,0.124902256,-0.567786,-0.464189
10,99492680368330,-0.73340344,2.1132047,-1.1887527
4,99492683579580,-0.23009712,-0.60906494,-0.4543353
10,99492688850570,-0.83042,2.2360976,-1.1243186
4,99492693673122,-0.36724994,-0.6098639,-0.44075316
10,99492698762705,-1.1267444,0.9723177,-0.7232275
4,99492701937653,-0.56725335,-0.6221144,-0.39920786
10,99492708394008,-1.2222401,0.45077753,-0.39735317
4,99492713238903,-0.5225122,-0.6250439,-0.3520699
10,99492719905258,-0.64169264,-0.25850582,0.23583984
4,99492723134633,-0.17417073,-0.49508166,-0.2428803
10,99492728193695,-0.19985628,0.017472744,0.058983326
4,99492733015101,-0.073236935,-0.42717105,-0.17656758
10,99492739682653,-0.15113807,0.28194332,-0.08275032
4,99492742919268,0.032490566,-0.31372038,-0.03834952
10,99492748113747,0.3088901,0.8879843,-0.45034552
4,99492753009997,0.01304949,-0.22397186,0.046072688
10,99492759536143,0.391397,0.96762705,-0.53531456
4,99492762775257,-0.077231675,-0.16538231,0.06870956
10,99492767940414,0.49211836,0.87212276,-0.48544598
2,99492772755622,-34.0,-1.0,25.0
10,99492779345987,0.49102354,0.79707193,-0.43298006
4,99492782572810,-0.25193503,-0.108124346,0.07643273
10,99492787464685,0.5861206,0.40128326,-0.1031971
4,99492793242966,-0.2809635,-0.09560748,0.09667275
10,99492798356039,0.6658952,0.3494258,-0.012742996
4,99492801461768,-0.23009712,-0.08495484,0.10439592
10,99492807363695,0.91732717,0.31389046,0.11673069
4,99492812105674,-0.15978967,-0.061252706,0.11504856
10,99492818821872,0.94835997,0.23944616,0.25145292
4,99492822064164,-0.09640643,-0.04873585,0.128897
10,99492827047497,0.9245999,0.21446705,0.48446655
4,99492831822132,-0.036218993,-0.03195793,0.12623383
10,99492838644685,0.9049065,-0.005505085,0.48953724
4,99492841854112,-0.008788432,0.013315806,0.12463594
10,99492847124789,0.7175882,-0.33626652,0.49284554
4,99492851969060,0.0039947415,0.047404267,0.14088123
10,99492858374528,0.53343344,-0.4444542,0.5424595
4,99492861629268,0.033023197,0.07483483,0.17257284
10,99492866607966,0.5772917,-0.27225494,0.42934418
4,99492871375518,0.044208474,0.11132014,0.19307919
10,99492878163643,0.56039,-0.025521755,0.32088327
4,99492881400518,0.006657903,0.12623383,0.19201392
10,99492886576872,0.4195447,0.138803,0.3012209
4,99492891329424,-0.06684534,0.101200126,0.16484967
10,99492896521976,0.3062539,0.12107611,0.35947704
4,99492899732705,-0.10519487,0.06498113,0.12010857
10,99492906157757,0.2530744,-0.05261612,0.3479247
4,99492910937445,-0.09187906,0.039947417,0.091080114
10,99492917719268,0.20361638,-0.24092007,0.4831829
4,99492920966403,-0.05352954,0.038083203,0.08894958
10,99492925941195,0.14892077,-0.24348545,0.6137457
4,99492930770622,-0.0127831735,0.03542004,0.095074855
10,99492937461768,0.123349905,-0.14676142,0.597929
4,99492940681455,0.012516857,0.024501082,0.08841695
10,99492945853695,0.09236002,-0.05704069,0.46337128
2,99492950678278,-37.0,2.0,20.0
10,99492957271299,0.0621922,0.046151638,0.32140493
4,99492960516143,0.016245283,0.0127831735,0.056459017
10,99492965540049,0.13043118,0.16728544,0.3419404
4,99492970304528,0.0396811,0.010386328,0.050600063
10,99492977010309,0.07609439,0.28854275,0.32026386
4,99492980248591,0.05539375,-0.0127831735,0.047670584
10,99492985470674,-0.029459,0.4104805,0.21141481
4,99492990294737,0.06178534,-0.0314253,0.04447479
10,99492995385726,0.0063745975,0.66923666,0.16634274
4,99492998618955,0.08042747,-0.03834952,0.04474111
10,99493005065882,0.06445646,0.88255024,0.1008997
4,99493009847862,0.112918034,-0.021038974,0.057790596
10,99493016635466,0.15655708,0.8065963,0.12252283
4,99493019876351,0.10040118,0.025832662,0.10040118
10,99493025002393,0.09395003,0.7556925,0.11952162
4,99493029769737,0.087884314,0.10466223,0.18295917
10,99493036368955,0.1718483,0.74294996,0.25707722
4,99493039589007,0.10546118,0.25885928,0.32037827
10,99493044738382,0.18139672,0.34352446,0.31596947
4,99493049543695,0.07456851,0.46392268,0.49375007
10,99493056121872,-0.11564529,-0.2886114,0.8034973
4,99493059351976,-0.020506341,0.62903863,0.69961244
10,99493064518174,-0.7902937,-0.8189707,0.9029069
4,99493069346820,-0.092944324,0.69295454,0.87990844
10,99493075942862,-0.9341964,-1.1482296,0.2456708
4,99493079147862,-0.06791061,0.6801714,0.96140116
10,99493084292393,-0.5521593,-0.27918053,-0.4638443
4,99493089145622,0.21411815,0.57151437,0.7616641
10,99493094281299,-0.62207204,0.684989,0.5381174
4,99493097500934,0.3571299,0.4245079,0.52144694
10,99493103955570,-1.5659857,-0.808136,0.2896366
4,99493108719632,-0.3320962,-0.17310548,-0.2876214
10,99493115520414,-1.7162193,-1.2276001,0.33197308
4,99493118759216,-0.6783071,-0.36485308,-0.49960902
10,99493123803539,-1.3854653,-0.9706292,1.2539887
2,99493128561820,-41.0,2.0,22.0
10,99493135281351,-1.0675977,-1.5610981,1.0640116
4,99493138526299,-0.07057377,-0.39041942,-0.39148468
10,99493143678747,-0.5660808,-1.4338398,0.58455276
4,99493148434580,0.104928546,-0.40506682,-0.38589206
10,99493155073643,-0.5554532,-0.20504093,0.3329234
4,99493158318122,0.35473305,-0.48283112,-0.45566687
10,99493163432549,-0.53707147,0.96004486,-0.44432688
4,99493168215570,0.26498455,-0.5187838,-0.46498793
10,99493174844372,-0.50301695,1.366343,-0.9581733
4,99493178085361,-0.105993815,-0.53742594,-0.39814258
10,99493183208278,-0.43997526,1.8371627,-0.38497972
4,99493188931611,-0.15739283,-0.5400891,-0.36724994
10,99493194039424,-0.58063567,1.5174656,-0.12244654
4,99493197441716,-0.17550232,-0.5515407,-0.3387541
10,99493202665518,-0.51213074,0.6934838,0.27924109
4,99493207445934,-0.13821806,-0.5086638,-0.3254383
10,99493214411091,-0.382586,0.3371272,0.4422965
4,99493217663382,-0.04234426,-0.42344263,-0.26631612
10,99493222836351,-0.38050985,0.6518307,0.4525504
4,99493227586664,0.101200126,-0.3190467,-0.1387507
10,99493234188122,-0.327834,0.63433075,0.35127258
4,99493237401664,0.15180019,-0.21544974,0.004527374
10,99493241375674,-0.17048645,0.6388469,0.2323103
4,99493247962236,0.12969595,-0.12543489,0.10519487
10,99493254252757,-0.03911996,0.806303,0.28964186
4,99493257491924,0.11345066,-0.068176925,0.16724652
10,99493262362757,0.015563726,0.9477997,0.11238575
4,99493267155257,0.084155895,-0.031158986,0.22290659
10,99493273684580,-0.021888018,0.94082975,-0.034369946
4,99493276920049,0.019441076,0.009321064,0.28229508
10,99493282049841,0.082280636,1.039432,-0.004152775
4,99493286808903,-0.033023197,0.03568636,0.31957933
10,99493292073747,0.05483246,1.0906034,-0.0025968552
4,99493295288330,-0.06977482,0.01917476,0.3400857
10,99493301728330,-0.14470863,0.82815504,0.06462765
2,99493306498226,-39.0,3.0,22.0
10,99493313254476,-0.1612525,0.5231905,0.22909546
4,99493316501716,-0.018109497,-0.05672533,0.299073
10,99493321654528,-0.11933255,0.18937922,0.31206417
4,99493326422184,0.06924219,-0.07163903,0.27137613
10,99493333027966,-0.15386176,-0.14344549,0.16851616
4,99493336272445,0.15180019,-0.072171666,0.26418558
10,99493341446768,-0.029601336,-0.19314814,0.17149878
4,99493346222445,0.23169503,-0.051665325,0.25885928
10,99493352823434,0.12605667,-0.17205477,0.23968935
4,99493356064580,0.272974,-0.0314253,0.25193503
10,99493361241507,0.17321944,-0.18239784,0.27922344
4,99493366164893,0.26072347,0.02130529,0.2561961
10,99493372594007,0.2874024,-0.28818417,0.4200716
4,99493375839632,0.18322548,0.12250541,0.27057716
10,99493380977080,0.35417497,-0.2817812,0.46032095
4,99493385798851,0.06524745,0.27696875,0.32170987
10,99493390944684,0.34429073,-0.32302856,0.35188293
4,99493394135570,-0.099069595,0.4711132,0.44927529
10,99493399336247,0.32274294,-0.34218216,0.5913038
4,99493406259163,-0.16271915,0.6351639,0.6601977
10,99493413862809,0.27572894,-0.5971122,0.8599191
4,99493417128174,-0.06391586,0.6711166,0.81066626
10,99493421611247,0.37283015,-0.57272005,0.8556919
4,99493426368538,0.061519023,0.49428272,0.6466155
10,99493432687288,-0.31071913,-1.8588681,1.2808895
4,99493435922966,0.012250541,0.11265171,0.16564862
10,99493438162601,-0.20537424,-1.5548048,1.0725937
4,99493445747653,-0.1834918,-0.18961707,-0.29933932
10,99493453355518,0.045443416,-1.3827825,1.0016298
4,99493456613538,-0.34647727,-0.29507825,-0.4245079
10,99493461056247,0.0035015345,-1.3511744,1.0337715
4,99493465971611,-0.33422673,-0.39867523,-0.37470677
10,99493472424007,-0.2980237,-2.4722304,1.321207
4,99493475653434,-0.043675844,-0.46578687,-0.43382895
10,99493478508747,0.5614948,-1.7491813,0.30606556
2,99493485726038,-42.0,8.0,24.0
10,99493492166299,0.70671356,-0.5891614,-0.7405138
4,99493495270101,0.29614353,-0.36139098,-0.52411014
10,99493498232184,0.6205163,0.5265384,-1.240902
4,99493505086872,0.128897,-0.36778256,-0.52411014
10,99493512688226,0.5240233,0.9578161,-1.1090446
4,99493515913018,-0.10066749,-0.33662358,-0.6245113
10,99493518859268,0.5240233,0.9578161,-1.1090446
4,99493523757341,-0.36325517,-0.24660872,-0.72624403
10,99493530635882,0.9537535,-0.35549498,-0.95749474
4,99493533942341,-0.34647727,-0.10146644,-0.66365975
10,99493539263695,0.59045005,-0.6778178,-0.0071721077
4,99493544088799,-0.04580637,-0.01784318,-0.56645435
10,99493550453538,0.27808094,-0.5535121,-0.099933624
4,99493553680934,0.18082865,0.0644485,-0.52597433
10,99493559021351,0.3470204,-0.2416029,-0.51722145
4,99493563907445,0.20559604,0.1107875,-0.50173956
10,99493570193538,0.27736425,0.74657345,-0.49084997
4,99493573408330,0.1669802,0.25033715,-0.4048005
10,99493578798486,0.0946219,1.231832,-0.26783276
4,99493583706507,0.12357068,0.27403927,-0.36804888
10,99493588633955,-0.3078475,0.9747281,-0.14081287
4,99493591941820,-0.004261058,0.2942793,-0.304133
10,99493598569111,-0.5011014,0.7977724,-0.17973089
4,99493603423851,-0.08175905,0.2841593,-0.27803403
10,99493609716091,-0.59827924,0.7436528,0.06403637
4,99493612935622,-0.040746365,0.29694247,-0.27324033
10,99493618345778,-0.63694644,0.9143405,0.4588189
4,99493623315413,0.032756884,0.31132352,-0.2412824
10,99493629496195,-0.6812824,0.8593335,0.4750657
4,99493632740674,0.054594804,0.31265512,-0.1784318
10,99493638120049,-0.9453012,0.5274825,0.871789
4,99493642990830,0.046339005,0.28016454,-0.12756541
10,99493649273799,-1.1091956,0.4189458,0.88405323
4,99493652517601,0.06551377,0.22583607,-0.11105382
10,99493657908330,-1.174313,0.37790585,0.8517723
2,99493662782080,-37.0,-3.0,25.0
10,99493668998018,-1.0561842,0.60809803,0.7242937
4,99493672245309,0.1355549,0.21624869,-0.088150635
10,99493677730049,-1.1182817,0.7011852,0.82891846
4,99493682497705,0.10839066,0.17124127,-0.04926848
10,99493687438070,-1.1824684,0.49289894,0.7894182
4,99493690833955,0.009853696,0.10546118,-0.03701794
10,99493697123747,-1.1000327,0.30722427,0.81440973
4,99493701954163,-0.04447479,0.064182185,-0.052464273
10,99493708597913,-0.9631932,0.16363382,0.8141241
4,99493711843903,-0.039414786,0.0396811,-0.050866377
10,99493717242445,-0.8279792,0.09101486,0.57181025
4,99493722009684,-0.015978966,0.036485307,-0.029294772
10,99493728381611,-0.6152854,0.19906282,0.42238522
4,99493731619268,0.016245283,0.03542004,-0.017576864
10,99493737020205,-0.6128316,0.2999091,0.34059
4,99493741829997,0.02956109,0.012250541,-0.014647386
10,99493748150049,-0.6639266,0.36792517,0.29375792
4,99493751359111,0.038083203,-0.011185277,-0.011451593
10,99493756798538,-0.60494566,0.41366816,0.25187063
4,99493761583278,0.045540057,-0.015180019,-0.004527374
10,99493767931663,-0.5730244,0.3614664,0.12414646
4,99493771172288,0.055926383,-0.004261058,0.002130529
10,99493776574528,-0.52097213,0.30124092,0.29724884
4,99493781398174,0.07456851,-0.006924219,0.0013315806
10,99493786339215,-0.4478302,0.23068666,0.26165724
4,99493789731403,0.08681905,-2.663161E-4,-0.006657903
10,99493795229580,-0.2808386,0.19773006,0.11357546
4,99493801789320,0.087884314,0.027696876,-0.006657903
10,99493807866715,-0.1682179,0.16691065,0.07048178
4,99493811077445,0.07962852,0.0644485,0.0031957934
10,99493816301195,-0.1317718,0.25604677,0.065107346
4,99493820243278,0.08149273,0.08735169,0.01304949
10,99493827264788,-0.08372426,0.37615395,-0.027094364
4,99493830503486,0.09161274,0.10040118,0.02263687
10,99493835896142,-0.07506919,0.41222906,-0.162889
2,99493840737288,-36.0,-6.0,27.0
10,99493847125674,-0.018767118,0.4885497,-0.12716913
4,99493850365101,0.077231675,0.15978967,0.05273059
10,99493855704632,-0.05219245,0.46059084,-0.1036315
4,99493860457705,0.06684534,0.18109496,0.079095885
10,99493866825101,-0.015413284,0.31974983,-0.03879881
4,99493870055986,0.057257965,0.19441076,0.09081379
10,99493875452340,-0.0315001,0.2257514,0.052762985
4,99493880270049,0.06870956,0.2034655,0.09454222
10,99493885254945,-0.14336169,0.07702589,0.15356874
4,99493888614840,0.07163903,0.21038973,0.10333065
10,99493895254215,-0.18190253,-0.009470463,0.18699455
4,99493900102913,0.062051654,0.21438447,0.10466223
10,99493906373903,-0.16956604,-0.085709095,0.3045993
4,99493909585674,0.05139901,0.22237396,0.099069595
10,99493915030830,-0.21133804,-0.1346755,0.32689857
4,99493919928278,0.023169503,0.21864553,0.08655274
10,99493926146715,-0.1962949,-0.08196211,0.38849878
4,99493929357236,0.018908445,0.19973709,0.07190535
10,99493934805361,-0.19735801,-0.08122778,0.35768223
4,99493939634320,0.018642128,0.18136127,0.052464273
10,99493945931767,-0.20564365,-0.2068119,0.3254981
4,99493949164997,-0.010918961,0.1635181,0.03355583
10,99493954574007,-0.26170146,-0.1468997,0.30424833
4,99493959322965,-0.029827405,0.14354439,0.014647386
10,99493965714580,-0.3126663,-0.078846455,0.32008743
4,99493968965309,-0.024234766,0.12170646,-0.002396845
10,99493974363278,-0.29448843,-0.09993887,0.40084314
4,99493979137132,-0.03169162,0.10626013,-0.016511599
10,99493984088226,-0.24312699,-0.16363859,0.37484407
4,99493987498799,-0.034088463,0.100933805,-0.024767399
10,99493994139424,-0.21067488,-0.1395135,0.3416543
4,99493998957549,-0.032490566,0.09347696,-0.045007423
10,99494005275882,-0.31575012,0.0303154,0.2438364
4,99494008511299,-0.016511599,0.05486112,-0.042077947
10,99494013906976,-0.21557844,-0.043685436,0.044038773
2,99494018766403,-40.0,-9.0,29.0
10,99494025131663,-0.060028315,0.1195035,0.13050556
4,99494028367080,0.03781689,0.050866377,-0.056459017
10,99494032561767,-0.15803277,0.21199179,0.13541889
4,99494039062757,0.054328486,0.04234426,-0.05965481
10,99494045184007,-0.22340429,0.1940527,0.11238146
4,99494048398486,0.0793622,0.021571605,-0.06684534
10,99494053602965,-0.13308406,0.30307865,0.16731739
4,99494058384997,0.08522116,0.015180019,-0.071106404
10,99494064600309,-0.10180092,0.38340807,0.12048197
4,99494067820049,0.09187906,0.026897928,-0.06684534
10,99494073240726,-0.080758214,0.5976944,0.06600571
4,99494078032080,0.07376956,0.037284255,-0.038083203
10,99494082967080,-0.12895405,0.6241765,0.12676954
4,99494086395622,0.06471482,0.07163903,0.014647386
10,99494093028486,-0.054072857,0.57352066,0.31620264
4,99494097834007,0.068176925,0.17789917,0.128897
10,99494104210361,-0.05038023,0.2837906,0.5035095
4,99494107444163,0.06098639,0.36325517,0.29694247
10,99494112804684,0.007757187,0.09952974,1.0742044
4,99494117559736,0.082558,0.59867865,0.5448828
10,99494123990778,-0.36555874,-0.63253546,1.4806881
4,99494127229840,0.054062173,0.74914724,0.9057411
10,99494132583799,-1.1137586,-1.4707818,1.4146423
4,99494137402444,0.0479369,0.7339672,1.2154667
10,99494143715049,-1.2443807,-1.5277185,0.12811756
4,99494146955517,0.23568976,0.4924185,1.135572
10,99494152392444,-0.7891206,-0.28375292,1.2949705
4,99494157170778,0.5025385,0.03888215,0.4892227
10,99494163501247,-1.3449982,-1.1849027,1.9912739
4,99494166724528,-0.15126756,-0.505468,-0.24048345
10,99494172200361,-2.1851556,-1.287363,1.270751
4,99494176974267,-0.6623282,-0.79069257,-0.53289855
10,99494181887809,-1.8593698,-1.3528304,1.8568335
4,99494185271455,-0.6527408,-0.78270304,-0.5057343
10,99494191915517,-0.8026092,-2.684483,1.0994978
2,99494196695205,-39.0,-9.0,31.0
10,99494203285205,-0.12681317,-2.9474401,0.363914
4,99494206517861,0.31292143,-0.4910869,-0.4013384
10,99494211697549,-0.24626422,-1.1890655,0.10552931
4,99494216558174,0.6599313,-0.38109836,-0.36645097
10,99494222815569,-0.45364523,0.58428097,-0.29986668
4,99494226049163,0.38482678,-0.3581952,-0.39041942
10,99494231512444,-0.6455544,1.3985457,-1.3449574
4,99494236282444,-0.16990969,-0.37550572,-0.39095205
10,99494242597913,-0.6082705,1.5659366,-0.5640373
4,99494245813122,-0.3717773,-0.3832289,-0.35633096
10,99494251224788,-0.7575929,0.2440691,-0.23002625
4,99494256167028,-0.37896782,-0.36884782,-0.3821636
10,99494261717392,-0.67695093,0.037355423,-0.33605528
4,99494265145257,-0.20213392,-0.32277513,-0.41944787
10,99494269854007,-0.50935686,0.94954634,-0.7023678
4,99494277015934,-0.11584751,-0.257794,-0.4111921
10,99494283444007,-0.47164273,1.4748831,-0.87801266
4,99494287873851,-0.22423817,-0.2580603,-0.39254996
10,99494292617653,-0.5131397,1.5680022,-0.66816235
4,99494297602444,-0.29481193,-0.29640985,-0.40053943
10,99494303737444,-0.429958,1.3126335,-0.38799477
4,99494307012809,-0.2514024,-0.28868666,-0.4002731
10,99494311869111,-0.54333246,0.9998808,-0.10244274
4,99494316813017,-0.16431704,-0.2444782,-0.34194988
10,99494322906663,-0.5857638,1.0342879,0.12872982
4,99494326156819,-0.08868326,-0.20959078,-0.27883297
10,99494328989944,-0.39662194,1.2521601,0.17900848
4,99494335910882,-0.06764429,-0.18881813,-0.24021713
10,99494343494788,-0.258955,1.321239,-0.025724888
4,99494346749996,-0.11052119,-0.17310548,-0.2050634
10,99494351639424,-0.28486538,1.3187761,-0.020096302
4,99494356451455,-0.14940333,-0.17656758,-0.15339808
10,99494362541715,-0.29876208,1.6064701,-0.08012867
4,99494365817444,-0.13821806,-0.2000034,-0.104928546
10,99494368642757,-0.31791568,1.5274615,0.058734894
2,99494375864163,-27.0,-2.0,21.0
10,99494382230205,-0.4248463,1.315978,0.12148857
4,99494385333694,-0.05752428,-0.27537087,-0.04474111
10,99494388637549,-0.49188387,1.1986618,-0.019769192
4,99494394894840,-0.06364955,-0.30812773,-0.023702133
10,99494402468694,-0.58313704,1.2868433,-0.09595966
4,99494405734424,-0.07803062,-0.34621096,-0.004527374
10,99494408510465,-0.6142616,1.2006521,0.054874897
4,99494414681871,-0.09267801,-0.40053943,0.009321064
10,99494420992601,-0.5855855,0.82924986,0.14335346
4,99494424293851,-0.11584751,-0.44421527,0.028495824
10,99494429237028,-0.5569171,0.4159646,0.26394176
4,99494434216976,-0.12543489,-0.44927529,0.03355583
10,99494440533382,-0.42738938,0.08060789,0.40469646
4,99494443771246,-0.114782244,-0.43223104,0.029028457
10,99494448940049,-0.33242464,-0.18878555,0.49182034
4,99494452948538,-0.11318435,-0.41092578,0.03542004
10,99494460335726,-0.4783001,-0.3442111,0.18163252
4,99494463573121,-0.14247912,-0.3190467,0.08069378
10,99494468596246,-0.37216806,-0.2890091,0.031924725
4,99494473495101,-0.15606125,-0.2860235,0.09773801
10,99494478737705,-0.31119943,-0.18586445,-0.057718277
4,99494481923069,-0.16085494,-0.21997711,0.12436963
10,99494488421663,-0.1848638,-0.002954483,-0.15092134
4,99494493381559,-0.15286545,-0.1949434,0.12942964
10,99494499930465,-0.092303276,0.13392115,-0.32893324
4,99494503171038,-0.15792546,-0.18562233,0.122771725
10,99494508343746,0.13315463,0.22803068,-0.5397401
4,99494513193173,-0.18801917,-0.16325177,0.11025487
10,99494519684788,0.19549775,0.23927927,-0.48868752
4,99494522933486,-0.19307919,-0.14327806,0.086020105
10,99494527908434,0.26345754,-0.08651066,-0.24588108
4,99494532882236,-0.19707392,-0.112918034,0.06498113
10,99494539477444,0.26567268,-0.26303005,-0.17038774
4,99494542721559,-0.20532973,-0.0777643,0.04474111
10,99494547879684,0.23675632,-0.46980572,0.012779236
2,99494552743694,-30.0,-2.0,20.0
10,99494559321715,0.2529719,-0.537838,0.085711
4,99494562566403,-0.11158645,0.02130529,0.054594804
10,99494567541611,0.2833593,-0.4592657,0.089288235
4,99494572309788,-0.09134643,0.07563378,0.08229168
10,99494577645673,0.25026965,-0.2088542,0.1173358
4,99494580810517,-0.08069378,0.07563378,0.09427591
10,99494587264788,0.15002179,-0.059581757,-0.07129526
4,99494592125569,-0.09773801,0.05539375,0.09454222
10,99494598787392,0.22950387,0.056236267,-0.09388113
4,99494602024371,-0.0974717,0.06924219,0.10333065
10,99494607017496,0.15721178,0.30898952,0.2311368
4,99494611870882,-0.06657903,0.082558,0.14407702
10,99494618573694,-0.14347363,0.41979933,0.63067913
4,99494621808798,-0.06764429,0.06711166,0.20746025
10,99494626758798,-0.36240745,0.28538084,0.74703074
4,99494630947913,-0.104928546,0.051665325,0.25007084
10,99494638357184,-0.21891499,0.15678549,0.975893
4,99494641589476,-0.09427591,0.03701794,0.25726137
10,99494646769371,0.034437895,0.08231735,0.7638979
4,99494651551767,-0.076166406,0.053795855,0.27004454
10,99494658138226,0.18398213,0.26244974,0.5414543
4,99494661369371,-0.05672533,0.07882957,0.3270362
10,99494666618382,0.054445267,0.350183,0.7014923
4,99494671448434,-0.051665325,0.06498113,0.376571
10,99494676554267,-0.070430756,0.16639328,0.80609894
4,99494679686298,-0.05672533,0.016245283,0.34168357
4,99494697307236,-0.04580637,-0.029028457,0.24580978
4,99494700525726,-0.053795855,-0.028229509,0.2428803
10,99494707752028,0.21949267,0.05829525,0.42927694
4,99494711645673,-0.07829694,-0.01571265,0.2559298
10,99494714941611,0.25106525,-0.012678146,0.57780457
4,99494720897861,-0.0727043,-0.026631612,0.24847293
10,99494727165725,0.19242549,-0.28336477,0.6913023
2,99494731965986,-38.0,3.0,19.0
10,99494736185830,0.17892289,-0.5569892,0.63051367
4,99494739422965,-0.012250541,-0.0314253,0.1784318
10,99494746956663,0.22991014,-0.59653044,0.568254
4,99494751733538,0.04873585,-0.014913702,0.17630127
10,99494755391194,0.31859493,-0.40198755,0.49482965
4,99494760139528,0.09640643,0.0127831735,0.18295917
10,99494766713590,0.36322474,-0.17155933,0.36690187
4,99494771487184,0.09614012,0.032756884,0.1717739
10,99494775110673,0.3040521,0.04004097,0.3589735
4,99494779884059,0.07643273,0.03834952,0.15446335
10,99494785128903,0.335042,0.07063103,0.28262854
4,99494789180517,0.071106404,0.04580637,0.14807177
10,99494795118694,0.26819062,0.06613636,0.19008255
4,99494798397809,0.07456851,0.04660532,0.14780544
10,99494806277132,0.13865805,-0.060012817,0.20742226
4,99494811088434,0.084155895,0.058056913,0.16458336
10,99494815833434,-0.035779953,-0.18809891,0.28644323
4,99494819084475,0.0974717,0.06737798,0.15765914
10,99494826056767,-0.11505222,-0.25970888,0.50782585
4,99494830892757,0.123038046,0.06364955,0.13741912
10,99494835543694,-0.31795645,-0.4401207,0.51027393
4,99494838777236,0.1107875,0.049801115,0.12037488
10,99494845810048,-0.38347387,-0.52646494,0.3916464
4,99494850589580,0.09347696,0.038083203,0.092145376
10,99494854285725,-0.33233142,-0.43533897,0.40109777
4,99494859058642,0.094009586,0.03355583,0.07563378
10,99494865583590,-0.31001306,-0.44768095,0.4444313
4,99494870373798,0.092944324,0.004261058,0.025832662
10,99494874096871,-0.36267757,-0.5299492,0.40454435
4,99494878900986,0.08522116,-0.007456851,0.0055926386
10,99494883940517,-0.3738345,-0.5475998,0.40654707
4,99494888064059,0.07403588,-0.026897928,-0.047670584
10,99494894055725,-0.36568522,-0.3820963,0.38507223
4,99494897314528,0.07483483,-0.02743056,-0.09241169
10,99494905154319,-0.3696816,-0.33650637,0.2828188
2,99494909939163,-39.0,6.0,20.0
10,99494914378486,-0.30088067,-0.17742634,0.15062046
4,99494917625725,0.023702133,-0.031158986,-0.12436963
10,99494924920152,-0.2820437,-0.080703735,0.16742373
4,99494929694215,0.0063915867,-0.03542004,-0.15180019
10,99494933429111,-0.26698828,0.15700817,0.22994518
4,99494936816246,-0.0010652645,-0.03089267,-0.15446335
10,99494944708694,-0.2732036,0.22697544,0.2611699
4,99494949480257,-0.011451593,-0.009054748,-0.14061491
10,99494953215882,-0.40331864,0.273695,0.28483343
4,99494956602496,-0.011984225,-0.011717909,-0.1304949
10,99494964487027,-0.43667042,0.27054977,0.29175997
4,99494969259736,0.016245283,-0.015446335,-0.11531488
10,99494973015465,-0.4311552,0.33251953,0.10790157
4,99494977857913,0.054328486,-0.0034621095,-0.10892329
10,99494982819267,-0.3984387,0.4145565,0.011789799
4,99494986961507,0.08628642,0.023702133,-0.09054748
10,99494992902861,-0.38308334,0.64357424,-0.021337032
4,99494996180413,0.07163903,0.031158986,-0.06950851
10,99495004068121,-0.2360518,0.8164525,-0.10130882
4,99495008910569,0.025832662,0.036218993,-0.056459017
10,99495012592027,-0.057350397,0.9119382,-0.19035387
4,99495015939319,-0.032490566,0.05566007,-0.03542004
10,99495023843642,-0.02385354,0.8332944,-0.2738695
4,99495028635673,-0.08468852,0.10359697,0.009321064
10,99495032852027,-0.061330557,0.5681257,-0.16029501
4,99495036107027,-0.133957,0.12516858,0.06791061
10,99495043395413,-0.29864216,0.30337095,-0.046991825
4,99495048154840,-0.08735169,0.10972224,0.096939065
10,99495051839788,-0.31689358,-0.025755405,-0.13122511
4,99495056622080,-0.00958738,0.09267801,0.082558
10,99495063405777,-0.15221643,-0.0628562,-0.3491044
4,99495068223330,0.07057377,0.09773801,0.05885586
10,99495072847809,-0.024461985,0.14122105,-0.2757883
4,99495076491402,0.10439592,0.09667275,0.04926848
10,99495083104215,-0.090343714,0.17657566,-0.033426285
2,99495087858225,-38.0,7.0,21.0
10,99495092079736,-0.17284036,-0.015025139,0.11495733
4,99495095331455,-0.0743022,0.03542004,0.019441076
10,99495102961663,-0.16761708,-0.22972631,0.078944206
4,99495107749527,-0.13608754,0.024501082,-0.006924219
10,99495112367913,-0.20701051,-0.34076834,0.1320014
4,99495115600413,-0.12836437,0.02956109,-0.0127831735
10,99495122733017,-0.14899445,-0.45338392,0.17931223
4,99495127530309,-0.08948222,0.025300032,-0.03435478
10,99495132131194,-0.08163524,-0.38663816,0.29540586
4,99495135375152,-0.04873585,0.009321064,-0.088150635
10,99495142503121,-0.07147908,-0.27073002,0.25454235
4,99495147287288,-0.053263225,-0.011451593,-0.12836437
10,99495151912496,-0.13117075,-0.21458292,0.22180796
4,99495155150048,-0.088150635,-0.014114754,-0.12676647
10,99495162292340,-0.11575866,-0.22080421,0.2288928
4,99495167056923,-0.10146644,-0.0061252704,-0.11052119
10,99495170719632,-0.16775894,-0.21230793,0.41042614
4,99495175648225,-0.09427591,0.002130529,-0.095074855
10,99495180623850,-0.1780901,-0.10875368,0.33494473
4,99495186387809,-0.09081379,0.03542004,-0.08362326
10,99495188549215,-0.12780166,0.034900665,0.2822714
4,99495195345934,-0.098004326,0.06657903,-0.07137272
10,99495203313277,-0.2311616,0.11515093,0.2764964
4,99495208099267,-0.11664646,0.087618,-0.061519023
10,99495212723694,-0.2272284,0.1218276,0.2805133
4,99495215974059,-0.10705908,0.09267801,-0.05752428
10,99495221895986,-0.30196548,0.015304565,0.4850173
4,99495226713798,-0.07563378,0.09827065,-0.06524745
10,99495231352027,-0.23085594,0.055568695,0.5858569
4,99495234593329,-0.013848438,0.092944324,-0.06924219
10,99495241378069,-0.34235573,0.19551134,0.303648
4,99495246158329,0.0015978967,0.08948222,-0.07403588
10,99495248261715,-0.34475064,0.29847002,0.116906166
4,99495254689788,-0.017044231,0.087618,-0.08042747
10,99495261336663,-0.36618257,0.2703824,0.37572384
2,99495266120204,-39.0,4.0,21.0
10,99495270331663,-0.45006883,0.17443514,0.5927491
4,99495275308850,-0.06178534,0.045540057,-0.10040118
10,99495281661871,-0.43188322,0.08956289,0.6994262
4,99495286033590,-0.039947417,0.028495824,-0.088150635
10,99495288128434,-0.42948425,0.008152962,0.63716984
4,99495292904736,-0.03009372,0.03488741,-0.07803062
10,99495300874579,-0.4605049,-0.04179859,0.632606
4,99495305714996,-0.01571265,0.015978966,-0.05672533
10,99495309361507,-0.5160743,0.057034492,0.44101524
4,99495312631350,-0.0039947415,0.012516857,-0.06018744
10,99495320080829,-0.41381562,0.101573944,0.40696335
4,99495325046194,-0.011984225,0.021837922,-0.056991648
10,99495328744059,-0.351624,0.15224981,0.29840946
4,99495333630621,-0.03089267,0.018109497,-0.050600063
10,99495340440204,-0.33106065,0.1499834,0.2868433
4,99495345308850,-0.08522116,0.0058589545,-0.05965481
10,99495348964840,-0.26328683,0.00987339,0.4433651
4,99495352204788,-0.087884314,0.0039947415,-0.06391586
10,99495360217809,-0.3348229,-0.084784985,0.35767603
4,99495365085100,-0.045007423,-0.009321064,-0.061519023
10,99495368746923,-0.3757305,-0.22428703,0.1194253
4,99495373684684,-0.021038974,-0.011984225,-0.05965481
10,99495378788121,-0.30047536,-0.116202354,0.18978739
4,99495382588486,0.061252706,-0.0077231675,-0.06844324
10,99495388242496,-0.22351646,0.07557535,0.34319925
4,99495391708538,0.099069595,-0.007456851,-0.090281166
10,99495406994423,-0.25512147,0.355978,0.43277168
4,99495411477496,-0.035952676,-0.03355583,-0.12330436
10,99495419316038,-0.2383883,0.32414722,0.34954405
4,99495424122756,-0.08468852,-0.032490566,-0.120907515
10,99495427604579,-0.19357133,0.2132597,0.34925318
4,99495432224111,-0.11638014,-0.020772656,-0.100933805
10,99495439079059,-0.3110056,0.16839218,0.24327993
2,99495443758121,-38.0,3.0,20.0
10,99495447803954,-0.23867893,0.3169403,0.38332224
4,99495451026090,-0.050866377,-0.03542004,-0.10466223
10,99495458888486,-0.14279437,0.4421463,0.21929121
4,99495463588486,0.0,-0.043675844,-0.15233281
10,99495467046611,-0.060560226,0.48022795,0.28669405
4,99495471656142,0.0034621095,-0.052996907,-0.1784318
10,99495477492444,-0.17598724,0.36134338,0.3103962
4,99495482038746,0.0127831735,-0.087085366,-0.17710021
10,99495486911090,-0.22851992,0.15489101,0.2900219
4,99495491503694,0.02876214,-0.10626013,-0.16138756
10,99495498428590,-0.16967058,0.012697697,0.37030745
4,99495503214892,0.07749799,-0.09827065,-0.12676647
10,99495506692027,-0.18105459,0.09536934,0.29726028
4,99495511482756,0.11105382,-0.06711166,-0.0793622
10,99495518251975,-0.15729117,0.2758727,0.21600199
4,99495522882600,0.08628642,-0.03888215,-0.03009372
10,99495526367704,-0.18815303,0.4196062,0.12946463
4,99495530944059,0.024501082,-0.0396811,-0.0013315806
10,99495537981038,-0.14980125,0.42454338,0.13699055
4,99495542568902,-0.02743056,-0.040213734,0.0026631611
10,99495546062548,-0.12554932,0.35270452,0.16001177
4,99495550682548,-0.05352954,-0.029028457,0.011451593
10,99495557762027,-0.17872477,0.28416586,0.13720846
4,99495562347913,-0.051931642,-0.011984225,0.0314253
10,99495565842600,-0.14162612,0.31452656,0.09526348
4,99495570426715,-0.05885586,0.0037284256,0.046339005
10,99495576379215,-0.18830538,0.41057777,-0.13580275
4,99495580887444,-0.0644485,0.021571605,0.0628506
10,99495585811819,-0.18475986,0.39717007,-0.034319878
4,99495590443746,-0.09241169,0.028495824,0.07590009
10,99495597300621,-0.271986,0.21365404,0.13992071
4,99495601084683,-0.09960223,0.011984225,0.083090626
10,99495604960465,-0.41051912,-0.014909267,0.13399982
4,99495610575308,-0.090281166,0.014647386,0.08362326
10,99495617322808,-0.40511847,-0.20959568,0.29828644
2,99495622150829,-37.0,2.0,20.0
10,99495626353486,-0.38245344,-0.25579357,0.23791361
4,99495629601819,-0.0055926386,0.041279,0.094009586
10,99495637143642,-0.35619617,-0.16389513,0.12438536
4,99495641918850,0.0061252704,0.04926848,0.09187906
10,99495645594423,-0.2894807,-0.04280424,0.030971527
4,99495648832131,-0.00958738,0.05672533,0.076166406
10,99495656915517,-0.18810892,-0.03381872,-0.023377419
4,99495661764111,-0.045007423,0.06178534,0.06364955
10,99495665397288,-0.24689698,0.019722462,0.07659054
4,99495670187861,-0.053795855,0.06338324,0.058589544
10,99495675317913,-0.24369264,-0.026191711,0.14162493
4,99495679149475,-0.053795855,0.063116916,0.039414786
10,99495684927756,-0.24835372,-0.09844208,0.17576122
4,99495688361090,-0.04660532,0.07403588,0.03542004
10,99495696467652,-0.24492097,-0.13382006,0.31621695
4,99495701326246,-0.031158986,0.090014845,0.050333746
10,99495704984736,-0.2757876,-0.038829327,0.36174488
4,99495708202496,-0.028229509,0.098004326,0.058589544
10,99495716245986,-0.27645516,0.04069519,0.34129524
4,99495721065256,-0.025832662,0.112918034,0.07163903
10,99495725477444,-0.23077917,0.20144701,0.3036976
4,99495728725204,-0.036751624,0.11584751,0.07483483
10,99495736040465,-0.21349573,0.21089649,0.22685194
4,99495740865100,-0.063116916,0.119043306,0.08681905
10,99495744642288,-0.16691756,0.18306875,0.35179043
4,99495747890673,-0.06231797,0.11584751,0.09321064
10,99495755809840,-0.21927547,0.18123198,0.36583996
4,99495760592079,-0.028229509,0.12436963,0.108124346
10,99495764330621,-0.31087255,0.18267345,0.44529152
4,99495769075517,-0.022370555,0.1355549,0.11451593
10,99495774188694,-0.30961943,0.14794207,0.47372103
4,99495778041090,-0.01784318,0.13315806,0.12969595
10,99495783807548,-0.33890748,0.12943077,0.46088743
4,99495787264527,0.0053263223,0.11638014,0.133957
10,99495795340204,-0.32223034,0.1358056,0.41160727
2,99495800194163,-38.0,4.0,20.0
10,99495804462027,-0.21749282,0.114052296,0.37856293
4,99495807676715,0.039947417,0.073236935,0.10066749
10,99495815109788,-0.25193024,0.093504906,0.32865095
4,99495819954788,0.054062173,0.027696876,0.06258429
10,99495823773277,-0.24245739,-0.052212715,0.38714075
4,99495827012131,0.052996907,0.016245283,0.047670584
10,99495835021558,-0.21768999,-0.09105158,0.41017818
4,99495839792600,0.061252706,0.007190535,0.008255799
10,99495843521350,-0.19725466,-0.068632126,0.39949083
4,99495846760881,0.058589544,0.00958738,2.663161E-4
10,99495854666246,-0.17568994,-0.05163908,0.4174018
4,99495859450465,0.061519023,0.021571605,-0.0037284256
10,99495863191663,-0.039196253,0.094100475,0.32474852
4,99495868005985,0.056459017,0.039414786,-0.0039947415
10,99495873121715,-0.042615652,0.13921499,0.34896708
4,99495876949319,0.053263225,0.06098639,-0.0031957934
10,99495881897235,-0.060716152,0.19835329,0.3579445
4,99495886679996,0.05832323,0.0727043,7.9894834E-4
10,99495894219683,-0.13187242,0.22109413,0.40665817
4,99495898998173,0.07376956,0.0793622,0.017576864
10,99495902785881,-0.1984396,0.17413807,0.40185976
4,99495906007652,0.09267801,0.083889574,0.040480047
10,99495914004944,-0.2844205,0.10302448,0.47050428
4,99495918819319,0.112119086,0.08362326,0.06338324
10,99495922478381,-0.30183303,0.035826683,0.41355085
4,99495925751923,0.12516858,0.08575379,0.076166406
10,99495933775204,-0.28130376,0.06342411,0.3894925
4,99495938554006,0.12543489,0.09667275,0.06977482
10,99495942208590,-0.14331436,0.17155218,0.3575678
4,99495945481454,0.12010857,0.11558119,0.06684534
10,99495953564110,-0.20912671,0.14760447,0.30510044
4,99495958392131,0.096939065,0.11052119,0.07163903
10,99495962066715,-0.29473007,0.027710438,0.31921482
4,99495966880673,0.092145376,0.10040118,0.05832323
10,99495971980777,-0.26201403,-0.0776782,0.31471252
2,99495975836298,-38.0,4.0,20.0
10,99495981162913,-0.3244096,-0.07946968,0.18726206
4,99495986006090,0.13662016,0.073236935,0.03568636
10,99495993110048,-0.2840041,0.0051259995,0.07080746
4,99495997892027,0.15180019,0.06791061,0.03542004
10,99496001551038,-0.16097832,0.12386799,0.027563572
4,99496004833277,0.14301175,0.063116916,0.030360037
10,99496012882027,-0.12292838,0.25497437,0.0089178085
4,99496017717756,0.12037488,0.050866377,0.015180019
10,99496021393642,-0.10117555,0.3041401,-0.0053520203
4,99496024642027,0.08735169,0.047404267,0.002396845
10,99496032176350,-0.089734316,0.2246027,-0.031487465
4,99496037100412,0.06471482,0.060720075,-0.008788432
10,99496040644475,-0.06828809,0.09140158,0.01277256
4,99496045551298,0.062051654,0.07243799,-0.016777916
10,99496052432235,-0.084607124,0.072582245,0.05647564
4,99496057214527,0.07376956,0.08548747,-0.014114754
10,99496060863121,-0.058549166,0.05098343,0.037188053
4,99496065788225,0.071106404,0.10359697,-7.9894834E-4
10,99496070882340,-0.056897163,0.025577545,-0.015396595
4,99496074783485,0.052996907,0.12596752,0.01438107
10,99496079195517,-0.047310352,0.10458851,-0.0010309219
4,99496085090881,0.051931642,0.12809806,0.018109497
10,99496093295204,-0.025594473,0.16675615,-0.04761810,99496100640308,-0.017984629,0.16355228,-0.052099228
4,99496103707131,0.06551377,0.12543489,0.0061252704
10,99496110628537,-0.087402105,-0.018819332,-0.02024126
4,99496114654735,0.04181163,0.12942964,-0.01571265
10,99496118300569,-0.15443313,0.0817337,0.046791077
4,99496124696142,0.03009372,0.11717909,-0.015180019
10,99496131079631,-0.21868765,0.029559612,0.06009531
4,99496135811350,0.012516857,0.11105382,0.008255799
10,99496140073017,-0.30576563,-0.22633553,0.17292976
4,99496143233485,0.0039947415,0.1025317,0.0061252704
10,99496150858017,-0.3414302,-0.2747717,0.27228975
2,99496155542600,-37.0,3.0,21.0
10,99496159581923,-0.47683644,-0.30415106,0.3528552
4,99496164301037,0.029028457,0.066312715,-0.050333746
10,99496169485360,-0.42663538,-0.34478903,0.28702116
4,99496174753694,0.026897928,0.06258429,-0.05912218
10,99496178998069,-0.34458244,-0.2927251,0.29055595
4,99496183775881,0.023435818,0.051132694,-0.076965354
10,99496190425360,-0.32193696,-0.24609137,0.32284117
4,99496195084006,0.01917476,0.02876214,-0.107858025
10,99496199324787,-0.25667787,-0.13575554,0.22348022
4,99496202584319,0.010918961,0.032490566,-0.11824436
10,99496210200204,-0.20133269,-0.10168934,0.17537928
4,99496214918329,-0.014114754,0.04261058,-0.14460965
10,99496218440777,-0.16379726,0.061944485,0.20916843
4,99496223113590,-0.01571265,0.048203215,-0.14993598
10,99496229975412,-0.1434592,0.07243204,0.2072258
4,99496234791090,-0.017576864,0.06764429,-0.15126756
10,99496239037027,-0.11270857,0.11375904,0.25273895
4,99496242152496,-0.025033714,0.08948222,-0.14221281
10,99496249755308,-0.080234766,0.13146067,0.26691008
4,99496254459839,-0.009853696,0.12250541,-0.12543489
10,99496258710569,-0.030553818,0.13184023,0.41877365
4,99496263422756,0.020506341,0.16085494,-0.11052119
10,99496268371767,-0.05807233,0.075214386,0.41244078
4,99496272503746,0.022903185,0.18562233,-0.091080114
10,99496278162756,-0.20081604,0.0401721,0.37383842
4,99496282893798,0.033289514,0.2000034,-0.07962852
10,99496289310308,-0.2548287,-0.02540493,0.3398223
4,99496293939267,0.03914847,0.21438447,-0.07989483
10,99496297501610,-0.17402005,-0.18663311,0.3392334
4,99496301466454,0.05219796,0.21997711,-0.09640643
10,99496309316194,-0.18422127,-0.15729809,0.33076286
4,99496313358017,0.08362326,0.21438447,-0.1123854
10,99496316915569,-0.15291488,-0.09705591,0.2202115
4,99496322718329,0.083090626,0.21278657,-0.12543489
10,99496329125412,-0.049868584,0.04798603,0.12124348
2,99496334052704,-37.0,3.0,20.0
10,99496338334579,0.015448809,0.12542439,0.17077875
4,99496341739527,0.06578008,0.20266657,-0.16751283
10,99496348893902,0.02657485,0.12878036,0.17533255
4,99496353786506,0.051931642,0.19707392,-0.18429075
10,99496357441142,-0.0041640997,0.07567501,0.22164631
4,99496362231246,0.04926848,0.18002969,-0.20080236
10,99496367256923,-0.050771594,-0.029271603,0.24262714
4,99496371382496,0.06684534,0.16644756,-0.21598236
10,99496377306142,-0.07978678,-0.056644917,0.29168558
4,99496380579006,0.09427591,0.16112125,-0.21544974
10,99496388451975,-0.14497757,-0.045105457,0.21260786
4,99496393330204,0.09960223,0.14141385,-0.19867182
10,99496397910621,-0.14847171,0.020691872,0.16422081
4,99496401130673,0.10173275,0.12330436,-0.1917476
10,99496408230777,-0.12905502,0.062277317,0.17338037
4,99496413068017,0.10918961,0.10892329,-0.20373182
10,99496416794371,-0.111429214,0.026998043,0.15170383
4,99496420130308,0.12117383,0.10945592,-0.20932446
10,99496427691975,-0.12337148,0.034248352,-0.001830101
4,99496432515308,0.128897,0.12836437,-0.20532973
10,99496437105412,-0.203071,0.13649845,-0.096461296
4,99496440357964,0.13369069,0.13289174,-0.18642128
10,99496447792860,-0.28270543,0.22088814,0.039761066
4,99496452658798,0.11451593,0.12250541,-0.17789917
10,99496457285256,-0.36611605,0.23685741,0.05199957
4,99496462044266,0.06338324,0.107858025,-0.21038973
10,99496466919058,-0.24011779,0.2507758,0.07673168
4,99496470706871,0.007989483,0.11105382,-0.24927188
10,99496475642027,-0.16706216,0.08472252,0.09812403
4,99496480462444,-0.017044231,0.12996227,-0.27483824
10,99496487337600,-0.18236768,-0.06929159,0.24094486
4,99496492173798,-0.0031957934,0.13848437,-0.28043085
10,99496495844579,-0.24716914,-0.091914654,0.24449968
4,99496499237808,0.018375812,0.1536644,-0.27803403
10,99496507131662,-0.20120609,-0.009078026,0.22232342
2,99496511950881,-36.0,-6.0,19.0
10,99496516234683,-0.21555674,0.1554246,0.28432655
4,99496519487912,0.04474111,0.19014971,-0.25965822
10,99496526910204,-0.19266772,0.3398118,0.1700468
4,99496531680204,0.03834952,0.2034655,-0.24367924
10,99496535322860,-0.18717372,0.4521742,0.105472565
4,99496540093329,0.025033714,0.2050634,-0.23568976
10,99496546668485,-0.15900528,0.5326395,0.12078905
4,99496551482704,0.018375812,0.2213087,-0.2213087
10,99496555149475,-0.15578032,0.5039458,0.01913786
4,99496559904371,0.008522116,0.23116238,-0.22370553
10,99496565030100,-0.28654945,0.6966553,0.22723675
4,99496569159683,0.005060006,0.2231729,-0.18588865
10,99496575103537,-0.33234537,0.7174039,0.2629695
4,99496578370464,0.009853696,0.20479709,-0.16644756
10,99496586235829,-0.30780995,0.6270375,0.2827363
4,99496591091714,0.04873585,0.19787288,-0.10519487
10,99496594885881,-0.40959847,0.43894386,0.6020818
4,99496598162912,0.08069378,0.2066613,-0.079095885
10,99496606051350,-0.41101003,0.43321848,0.76163626
4,99496610858589,0.14966966,0.31798145,0.072970614
10,99496614616402,-0.65296745,0.558166,0.44808674
4,99496617889631,0.15393071,0.38722363,0.16405073
10,99496625791194,-0.7346289,0.5165458,0.19591045
4,99496630541610,0.070041135,0.6918893,0.58962387
10,99496634271506,-0.61610353,-0.694252,1.0984397
4,99496637676923,-0.03834952,0.78749675,0.8250473
10,99496645568589,-0.83310086,-1.020298,1.759418
4,99496650381402,-0.23915187,0.5840312,1.4924355
10,99496654193329,-1.356288,0.36039066,2.251946
4,99496659002808,-0.13182648,0.40373522,1.4575481
10,99496663933225,-0.5766047,1.1539302,2.384253
4,99496668069735,0.2511361,0.10226539,0.7323693
10,99496674033693,0.03783858,0.77002907,1.8212929
4,99496677279683,-0.08282431,-0.14168017,-0.1571265
10,99496685125829,-2.1726646,-0.64417934,1.7478065
2,99496689906246,-36.0,-12.0,18.0
10,99496694236558,-1.6687248,-1.3552513,2.3494163
4,99496697483641,-0.68656296,-0.48709217,-0.2942793
10,99496704896766,-0.561511,-1.7630091,1.873322
4,99496709692079,-0.10892329,-0.39361522,-0.3930826
10,99496713464631,-0.6864722,-0.92835,-0.42163134
4,99496716795621,0.35633096,-0.42743737,-0.48149952
10,99496724681558,-1.0892715,-0.012495041,-0.98744583
4,99496729478329,0.46472162,-0.53529537,-0.504669
10,99496733280412,-0.8998406,2.3832395,-1.7479496
4,99496736558329,0.19973709,-0.6013418,-0.5858955
10,99496744494996,-0.82830495,2.567922,-1.8622589
4,99496749249891,-0.3587278,-0.6199839,-0.68203557
10,99496752959266,-0.75240505,2.4381306,-1.4446344
4,99496757778850,-0.73583144,-0.63196814,-0.68336713
10,99496762801141,-1.2065494,1.5441175,-0.4097786
4,99496766959006,-0.71798825,-0.6641924,-0.6356966
10,99496772864631,-1.1848776,0.22234678,0.15324211
4,99496776133068,-0.49401638,-0.6423545,-0.54435015
10,99496784046193,-1.1191466,-0.47077417,0.4479432
4,99496788827704,-0.17576863,-0.6000102,-0.39281628
10,99496793447704,-1.3338687,-0.18347931,0.5612993
4,99496796694735,0.14567491,-0.56272596,-0.22583607
10,99496803819787,-1.1009833,0.45204878,0.07625818
4,99496808604943,0.25300032,-0.5041364,-0.09880328
10,99496812286402,-0.73802686,1.3120341,-0.4074316
4,99496815678068,0.16777915,-0.4415521,-0.006924219
10,99496823558641,-0.53336763,1.9299281,-0.6609688
4,99496828438954,-0.03568636,-0.3850931,0.07350325
10,99496833066558,-0.31605244,1.9121912,-0.6168766
4,99496836307808,-0.24980451,-0.3568636,0.15659387
10,99496843365829,-0.38016355,1.4441166,-0.6761699
4,99496848149006,-0.3685815,-0.35553202,0.21678132
10,99496852765256,-0.4984125,1.1870675,-0.4434018
4,99496857536610,-0.31292143,-0.36804888,0.25193503
10,99496862460985,-0.3958285,0.81044054,-0.3990016
2,99496866328641,-30.0,-6.0,20.0
10,99496870367652,-0.285681,0.3962407,-0.34633636
4,99496876183641,-0.16564862,-0.37444046,0.30945933
10,99496884450933,-0.3050859,0.3384781,-0.14640236
4,99496889323902,-0.1123854,-0.39095205,0.32863408
10,99496893042860,-0.31892586,0.35452795,-0.1299777
4,99496896293641,-0.09534117,-0.3768373,0.33182988
10,99496902692860,0.06969595,0.16490841,-0.011147022
4,99496907469631,-0.122771725,-0.31478566,0.3568636
10,99496910997079,-0.02459979,-0.23652077,0.27681303
4,99496915062391,-0.20799288,-0.27350664,0.39388153
10,99496922459214,-0.42862725,-0.56001997,0.27980518
4,99496927294735,-0.24074976,-0.25672874,0.40772998
10,99496931820412,-0.3037603,-0.5658293,0.23938274
4,99496935072287,-0.15845808,-0.20479709,0.40932786
10,99496942308068,-0.043532133,-0.46200132,0.20393324
4,99496947141141,-0.05486112,-0.14833808,0.42317632
10,99496951771350,0.011533976,-0.3775611,0.25992298
4,99496956567235,-0.01304949,-0.15020229,0.41705105
10,99496961471766,0.13563108,-0.20765257,0.26408243
4,99496965277183,-0.059388492,-0.15792546,0.37444046
10,99496968727495,0.17633128,-0.04484892,0.1611309
4,99496975342860,-0.108124346,-0.15153387,0.3520699
10,99496982002339,0.072916985,-0.013352871,0.29284573
4,99496986804110,-0.20959078,-0.1470065,0.3371562
10,99496990454006,0.0010724068,-0.11710405,0.29518938
4,99496993732808,-0.21278657,-0.15792546,0.33795515
10,99497001784370,0.22068524,-0.05901718,0.11893654
4,99497006632183,-0.10146644,-0.15925704,0.30945933
10,99497010286766,0.478338,0.0863595,0.19277048
4,99497013515256,-0.047404267,-0.13608754,0.30333406
10,99497021564423,0.46070242,0.06916666,0.33093548
4,99497026423589,0.041545313,-0.12357068,0.32330775
10,99497029694006,0.14185357,-0.02174282,0.58657646
4,99497034261245,0.044208474,-0.14008227,0.31478566
10,99497041382443,0.19830346,0.050197124,0.5795336
2,99497046224475,-37.0,-6.0,20.0
10,99497050442131,0.31814742,0.20879936,0.5169816
4,99497055331558,0.04926848,-0.087884314,0.26178873
10,99497060482912,0.2621603,0.22541237,0.48694897
4,99497064285985,0.03888215,-0.044208474,0.3339604
10,99497069434527,0.14046192,0.08330536,0.5114918
4,99497072794370,0.037550572,-0.037550572,0.3552657
10,99497080878537,0.095840454,0.029790878,0.49810505
4,99497085765568,0.06258429,-0.040213734,0.376571
10,99497089403068,0.11075878,0.048378468,0.589694
4,99497092638485,0.103064336,-0.035952676,0.376571
10,99497100657287,0.1469326,0.037234783,0.5661292
4,99497105563902,0.17576863,-0.010120012,0.38296258
10,99497109220204,0.25488162,0.10515022,0.43103743
4,99497112453537,0.17710021,-2.663161E-4,0.37950045
10,99497120427027,0.28265357,0.13716984,0.4253912
4,99497125241037,0.14327806,0.0015978967,0.37337518
10,99497128943016,0.29139972,-0.034719467,0.31364298
4,99497132181975,0.11638014,0.00479369,0.3635215
10,99497140211454,0.25240588,-0.19111538,0.2885499
4,99497145477964,0.055127434,0.014114754,0.3387541
10,99497149168589,0.04198265,-0.45005274,0.2985506
4,99497154084735,0.02743056,0.018109497,0.3174488
10,99497159167912,0.008571625,-0.5907254,0.3041706
4,99497163284735,0.02956109,0.010918961,0.2894856
10,99497168333120,0.028362751,-0.75866413,0.16790295
4,99497171680829,0.05139901,0.013848438,0.24234766
10,99497179764735,0.16163588,-0.7184248,0.104931355
4,99497184650725,0.09134643,0.028495824,0.18508969
10,99497188296141,0.18451071,-0.65142345,0.16368484
4,99497191526975,0.13475595,0.029827405,0.12809806
10,99497199586558,0.06623912,-0.66017914,0.07862902
4,99497203537339,0.15659387,0.029028457,0.07190535
4,99497217107235,0.14833808,0.049002163,0.02743056
4,99497219043120,0.124902256,0.06364955,0.004261058
10,99497227306193,0.0016064644,-0.71039724,0.008722305
4,99497229790933,0.09427591,0.08229168,-0.02130529
4,99497235667235,0.09427591,0.08229168,-0.02130529
4,99497237531245,0.08016115,0.09187906,-0.037284255
4,99497246817600,0.075101145,0.09880328,-0.05219796
4,99497242531245,0.075101145,0.09880328,-0.05219796
4,99497248812808,0.066046394,0.10652645,-0.076166406
10,99497256469266,0.055921316,-0.261065,-0.0277071
4,99497258851037,0.06578008,0.10759171,-0.08681905
10,99497266476662,0.08888817,-0.16301584,0.04272127
4,99497268338120,0.08841695,0.10652645,-0.11664646
10,99497274893589,0.007869959,-0.060749054,-0.022900105
4,99497274893589,0.105993815,0.10013486,-0.12676647
4,99497276834110,0.12650016,0.09853696,-0.12996227
4,99497281834110,0.13821806,0.10439592,-0.124902256
4,99497288082808,0.13981596,0.11265171,-0.11558119
10,99497295752912,-0.03269124,0.13161516,0.06697559
4,99497295752912,0.14567491,0.12463594,-0.10652645
4,99497297720152,0.15526229,0.13502227,-0.09853696
4,99497306875620,0.17576863,0.14141385,-0.08974853
4,99497310144266,0.20612867,0.13262543,-0.068176925
10,99497316748172,-0.3171506,0.37465143,0.15837002
4,99497321579683,0.22370553,0.11052119,-0.047404267
10,99497327865204,-0.28799462,0.6565604,0.07916498
4,99497331107131,0.26365295,0.10892329,-0.02876214
10,99497336525152,-0.36523306,0.77481556,0.14800501
4,99497341307964,0.28575718,0.10146644,0.014114754
10,99497347701662,-0.47298813,0.6232538,0.4231844
4,99497350907808,0.34647727,0.13528858,0.0644485
10,99497356301662,-0.387102,0.14985704,0.686985
4,99497361077652,0.4045342,0.26072347,0.12916331
10,99497366118745,-0.55810404,-0.33530664,0.9505725
4,99497369476714,0.40213734,0.45087317,0.2559298
10,99497376144110,-0.889977,-0.39902735,1.3858204
4,99497380968120,0.3818973,0.5552691,0.48043427
10,99497387217391,-1.34715,-0.8078542,1.0802598
4,99497390457756,0.4048005,0.46898267,0.6562029
10,99497395852964,-1.1686163,-0.6977501,1.7525196
2,99497400624318,-43.0,6.0,22.0
10,99497407218641,-1.0073586,-1.977139,2.1854033
4,99497410454162,0.29348037,-0.20053603,0.17283916
10,99497415660881,-0.87892026,-1.8222203,1.4299932
4,99497420428693,0.008788432,-0.38935417,-0.16431704
10,99497426809370,-0.6531546,-0.40879202,1.2613997
4,99497430039058,-0.064182185,-0.36139098,-0.24820662
10,99497435402964,-0.52337754,-0.34720993,0.34015703
4,99497440199370,-0.22690132,-0.3270362,-0.21731395
10,99497446537704,0.052488208,0.011154652,-0.40656376
4,99497449792860,-0.2790993,-0.36618465,-0.267914
10,99497455244839,0.49296963,0.710794,-0.8178606
4,99497460013849,-0.24687503,-0.3800331,-0.30466563
10,99497464961089,0.40994227,1.2695446,-1.2849035
4,99497468336349,-0.17763285,-0.36245623,-0.35420042
10,99497473842287,0.28045535,1.5629282,-1.4312825
4,99497480368797,-0.16271915,-0.3139867,-0.40107206
10,99497486481662,-0.087543964,0.916204,-1.1997914
4,99497489730464,-0.27350664,-0.28336033,-0.43409526
10,99497494949631,-0.043060303,0.58712626,-0.9776287
4,99497499770256,-0.23728766,-0.25033715,-0.42051315
10,99497504453381,0.0702672,0.24777937,-0.44733286
4,99497504453381,-0.14088123,-0.1949434,-0.39920786
4,99497507876402,-0.041279,-0.14354439,-0.37097836
10,99497513458016,-0.0014915466,0.10671902,-0.3704424
4,99497518779735,0.09640643,-0.033023197,-0.27563718
10,99497524612235,-0.15273833,0.17677784,-0.2970276
4,99497528132547,0.19920446,0.054062173,-0.18082865
10,99497533182391,-0.0070536137,0.32222366,-0.33371115
4,99497538561714,0.21518342,0.133957,-0.10546118
10,99497544058016,0.1520071,0.6942954,-0.30868006
4,99497544058016,0.20026971,0.16591494,-0.07856325
4,99497553447860,0.14274544,0.20612867,-0.042876896
4,99497549058016,0.14274544,0.20612867,-0.042876896
10,99497554058016,0.17467237,0.6692071,-0.33358765
4,99497558447860,0.03834952,0.23276028,-0.013315806
4,99497568376037,-0.010386328,0.24607609,-0.0031957934
10,99497573943901,-0.17835045,0.8148031,-0.11141729
2,99497577820620,-37.0,7.0,21.0
10,99497582127495,-0.26547515,0.5082774,0.19117308
4,99497587017443,-0.040480047,0.2612561,0.015180019
10,99497593659526,-0.26774395,0.23444986,0.4665985
4,99497597594266,-0.020240024,0.24394555,0.034621093
10,99497601906089,-0.36573792,0.19092655,0.62572193
4,99497607278745,0.002130529,0.19281286,0.06231797
10,99497614542547,-0.34060526,0.356493,0.55726814
4,99497618477808,0.02743056,0.14674018,0.064182185
10,99497624778381,-0.14372528,0.063718796,0.61513424
4,99497624778381,0.036218993,0.13262543,0.05566007
4,99497629778172,0.047404267,0.09241169,0.042077947
4,99497644291349,0.11132014,0.053263225,0.018375812
4,99497647729891,0.14966966,0.049801115,-0.005060006
10,99497652444995,-0.009158015,-0.57973194,0.78911686
4,99497660249891,0.12676647,0.0727043,-0.092145376
10,99497665462443,-0.008761644,-0.5911951,0.78062534
4,99497669019162,0.08681905,0.07137272,-0.10839066
10,99497672568641,-0.20170891,-0.22371387,0.5084419
4,99497677402339,0.0,0.04926848,-0.13502227
10,99497682766297,-0.0645473,-0.2201209,0.49486494
4,99497686201714,-0.030360037,0.042876896,-0.17230652
10,99497691472756,0.1108861,-0.2237482,0.4842844
4,99497696781714,0.006924219,0.050333746,-0.1917476
10,99497702531245,0.05680275,-0.15489292,0.43709803
4,99497705954006,0.055127434,0.056991648,-0.18881813
10,99497711177547,0.007121563,0.10351372,0.37965727
4,99497716564943,0.082025364,0.053795855,-0.18429075
10,99497722311662,0.06969905,0.32840633,0.27748632
4,99497725721297,0.09321064,0.039414786,-0.1784318
10,99497730969839,0.026920319,0.44227123,0.22737932
4,99497736030568,0.0958738,0.03169162,-0.15819177
10,99497743436610,-0.03723693,0.46813774,0.08910227
4,99497746737912,0.094009586,0.03568636,-0.13129385
10,99497749554891,0.04177165,0.6093955,0.04121828
2,99497757261193,-39.0,4.0,21.0
10,99497764845881,0.07197428,0.8690038,-0.024866104
4,99497768074526,0.14807177,0.072171666,-0.09374327
10,99497771667912,0.0685308,0.8496938,-0.03772831
4,99497777490881,0.15792546,0.094808534,-0.08575379
10,99497782441141,0.06420064,1.1308346,-0.067471504
4,99497786371818,0.1257012,0.12783173,-0.05352954
10,99497788685360,-0.23028624,0.8387418,-0.036346912
4,99497796847808,0.06897587,0.19760656,0.011717909
10,99497804483276,-0.3529818,0.39913177,0.28928947
4,99497807735985,0.029028457,0.37230992,0.1587244
10,99497812553849,-0.3029486,0.4043789,0.28022337
4,99497817409318,-0.034088463,0.64368606,0.41039312
10,99497823578953,-0.62032235,-0.760273,1.0282083
4,99497826845620,-0.094808534,0.81066626,0.67218184
10,99497829689110,-1.1111336,-0.7937918,1.5669036
4,99497836362078,-0.042876896,0.7731157,0.83490103
10,99497843927912,-1.0277457,-1.1581888,1.2483163
4,99497847174891,0.016511599,0.6213155,0.8556737
10,99497849965256,-0.7548067,-0.8565192,0.20683813
4,99497855810985,0.26418558,0.40213734,0.58483016
10,99497863453328,-0.5864093,0.08137512,1.4388752
4,99497866725412,0.37310886,0.032756884,0.08149273
10,99497869508693,-1.2208728,-0.7685666,0.97200584
4,99497876389526,-0.16990969,-0.30839407,-0.2942793
10,99497882831401,-1.1551746,-0.39712,0.73235893
4,99497885938224,-0.42051315,-0.43436158,-0.4149205
10,99497887903797,-0.9636385,-0.7969518,1.1130371
4,99497895705776,-0.42290998,-0.4663195,-0.39707732
10,99497901986974,-0.49472046,-1.4704642,0.7177272
4,99497905209631,-0.12916331,-0.50839746,-0.35926044
10,99497910077703,0.27231145,-0.9429798,0.24167967
4,99497914981297,0.037550572,-0.49508166,-0.396811
10,99497921449995,0.18573534,-0.09408474,-0.035478115
4,99497924672235,0.24048345,-0.37950045,-0.4759069
10,99497929859110,-0.0074448586,0.359313,-0.52070427
2,99497934904943,-39.0,2.0,23.0
10,99497941430672,0.13196671,0.75416946,-0.7243304
4,99497944672547,-0.24474451,-0.2263687,-0.44394895
10,99497949513433,0.28452313,0.5966859,-0.44490004
4,99497954405985,-0.26551718,-0.18748654,-0.4079963
10,99497960978172,0.16568005,0.31453753,-0.2766738
4,99497964251818,-0.20266657,-0.1272991,-0.35100463
10,99497969386141,0.056507587,-0.008203983,-0.11289215
4,99497974257756,-0.06791061,-0.0777643,-0.3073288
10,99497979359995,-0.011851311,0.12185907,-0.1059351
4,99497982542703,0.086020105,-0.028495824,-0.26312032
10,99497989035464,0.044894695,0.47806644,-0.21040916
4,99497993959943,0.15339808,0.020506341,-0.22503711
10,99498000539266,9.775162E-6,0.8331599,-0.23618984
4,99498003781870,0.14647387,0.052996907,-0.18855181
10,99498008944839,-0.12754536,1.0358601,-0.20708752
4,99498013794214,0.090281166,0.066046394,-0.15899073
10,99498020306974,-0.26501262,1.0368977,-0.13057852
4,99498023553537,0.038083203,0.0777643,-0.13022858
10,99498028492078,-0.32737947,0.9546156,-0.07749033
4,99498033492912,0.0127831735,0.09880328,-0.101200126
10,99498040058276,-0.40254688,0.91370964,0.012661934
4,99498043306870,2.663161E-4,0.109988555,-0.06258429
10,99498048311193,-0.5377021,0.76024055,0.13200092
4,99498053176089,-0.014913702,0.105727494,-0.03834952
10,99498059831974,-0.5700004,0.61594486,0.34553385
4,99498063068589,-0.01917476,0.082558,-0.036751624
10,99498068241922,-0.6049266,0.48200512,0.56207657
4,99498073084162,-0.0031957934,0.05832323,-0.03701794
10,99498078179370,-0.67693174,0.33361816,0.541852
4,99498081432495,-0.002130529,0.024501082,-0.040480047
10,99498087871401,-0.6444038,0.3860507,0.409729
4,99498092651193,-0.010652645,0.010386328,-0.047404267
10,99498099406141,-0.44093597,0.51231,0.39803028
4,99498102656818,0.020772656,0.008522116,-0.052464273
10,99498107604891,-0.34183502,0.3196478,0.36001635
2,99498112368641,-35.0,2.0,23.0
10,99498119174683,-0.3742603,0.059299946,0.38615465
4,99498122414578,0.029028457,-0.020772656,-0.041545313
10,99498127383589,-0.3741932,-0.015423298,0.3416252
4,99498132239839,0.025033714,-0.023169503,-0.034088463
10,99498138948016,-0.2393111,-0.017023087,0.19070101
4,99498142183589,0.044208474,-0.01438107,-0.03089267
10,99498147172078,-0.010089397,0.011731625,0.042002678
4,99498152001766,0.0727043,0.008788432,-0.03542004
10,99498158756245,0.1826489,0.13132954,-0.103527546
4,99498162002651,0.08495484,0.032490566,-0.033023197
10,99498167183589,0.30405688,0.189682,-0.25254583
4,99498171949839,0.06844324,0.05352954,-0.028495824
10,99498177090255,0.3314302,0.20787287,-0.2220645
4,99498180334630,0.030360037,0.07643273,-0.009054748
10,99498187002808,0.24251533,0.18119717,-0.17360973
4,99498191814318,-0.017044231,0.09241169,0.01917476
10,99498198317078,0.16923714,0.13270378,-0.09662008
4,99498201563276,-0.025566347,0.11345066,0.04527374
10,99498206627964,0.17374372,-0.057002544,0.07212353
4,99498211408432,-0.015978966,0.15100123,0.059921127
10,99498218079005,0.09396219,-0.19825363,0.06538916
4,99498221363120,-0.026365295,0.17976338,0.06924219
10,99498226510151,0.0032629967,-0.056993008,0.057780266
4,99498231308537,-0.032756884,0.20293288,0.08575379
10,99498237843745,-0.09805107,-0.010612965,0.018744469
4,99498241091818,-0.06178534,0.21758026,0.1025317
10,99498246269266,-0.15053129,-0.13856697,0.07667446
4,99498251092287,-0.08681905,0.19787288,0.092145376
10,99498257610620,-0.27940464,-0.20636606,0.07665253
4,99498260833120,-0.07829694,0.1736381,0.057790596
10,99498266036089,-0.2944057,-0.12987804,0.21518278
4,99498270955620,-0.06897587,0.15632756,0.02876214
10,99498276123224,-0.37182164,-0.06273651,0.29062176
4,99498279261662,-0.06711166,0.15419704,0.018375812
10,99498285657026,-0.4321388,-0.034864902,0.32760477
2,99498290417287,-38.0,-2.0,26.0
10,99498297172339,-0.37141573,-0.14426899,0.5636077
4,99498300413849,-0.104928546,0.10546118,-0.053263225
10,99498305413745,-0.45419204,-0.13265371,0.5257592
4,99498310165099,-0.16005598,0.09161274,-0.05486112
10,99498316951505,-0.55902064,0.035432816,0.5190797
4,99498320208276,-0.21118867,0.06551377,-0.04181163
10,99498325377339,-0.5669441,0.11406469,0.5538287
4,99498330237860,-0.22370553,0.056459017,-0.03542004
10,99498336752599,-0.46848023,0.08678007,0.6788244
4,99498340005516,-0.18801917,0.04527374,0.002130529
10,99498345202651,-0.4622233,-0.13276625,0.8365927
4,99498349994839,-0.14274544,0.03542004,0.015978966
10,99498356487339,-0.5055175,-0.38821983,0.8734665
4,99498359709839,0.024767399,-0.00958738,0.030626353
10,99498364332912,-0.46953857,-0.37195873,0.8090334
4,99498370621245,0.08282431,-0.010652645,0.025300032
10,99498375759578,-0.42110848,-0.19990635,0.6329422
4,99498378873016,0.16405073,-0.004527374,0.018109497
10,99498384660776,-0.33606935,-0.085813046,0.41516018
4,99498389818849,0.14753912,0.007190535,0.011984225
10,99498396108797,-0.22355425,0.2917266,0.23847723
4,99498399353901,0.10173275,0.010386328,0.0
10,99498403486922,-0.039022207,0.48423195,0.02934885
4,99498409694214,0.040480047,0.004261058,-0.022370555
10,99498415960776,0.0065922737,0.44733,-0.046179295
4,99498419202078,-0.017310547,0.011185277,-0.03781689
10,99498424057755,0.10003388,0.4585142,0.009446621
4,99498428827547,0.002396845,0.027164243,-0.041545313
10,99498435635307,0.08121741,0.40944767,0.15583038
4,99498438886974,0.087618,0.036218993,-0.023169503
10,99498444007859,-0.0023145676,0.25827265,0.21575594
4,99498448777547,0.18002969,0.06391586,0.016777916
10,99498455445620,0.08461821,0.122724056,0.35167646
4,99498458658849,0.26365295,0.1882855,0.101999074
10,99498463818797,0.20671523,-0.21468449,0.608037
2,99498468597599,-38.0,-6.0,28.0
10,99498473796193,0.22141433,-0.4494996,1.2283373
4,99498477083172,0.2561961,0.7603325,0.56938386
10,99498483416557,-0.27323675,-0.83263874,1.9831533
4,99498488248797,0.21518342,0.9355685,0.8892295
10,99498495007495,-0.639302,-1.5181098,1.936244
4,99498498241141,0.23169503,0.89801794,1.1379688
10,99498503158172,-1.2034757,-1.807714,0.44072914
4,99498507945568,0.6250439,0.60959756,1.103614
10,99498514771714,-0.8778945,-0.77263975,2.1600876
4,99498518016089,1.1060108,0.15845808,0.55766594
10,99498523131818,-1.4100246,-1.4131999,1.9246283
4,99498528108953,0.44528055,-0.27563718,-0.13342437
10,99498534549370,-1.7828557,0.21953249,1.1880407
4,99498537781089,-0.17044231,-0.42903525,-0.44048685
10,99498542912026,-2.0834312,0.72082424,1.4366951
4,99498547718380,-0.5632586,-0.5227785,-0.28522456
10,99498554300151,-1.8157697,-0.82299757,1.2204294
4,99498557536922,-0.43675843,-0.6354303,-0.24074976
10,99498562661557,-0.15528941,-1.6715374,0.3233595
4,99498567430464,0.13795175,-0.6309029,-0.3568636
10,99498572640516,0.12956119,-0.68335915,-0.9426875
4,99498575885203,0.6266418,-0.5254417,-0.37124467
10,99498582331766,-0.32259357,1.0772438,-2.0099716
4,99498587125776,0.47803742,-0.46259108,-0.37124467
10,99498593887182,-0.2891178,2.240928,-2.823018
4,99498597116245,-0.123836994,-0.49854377,-0.45034054
10,99498602291714,-0.26836026,2.585296,-2.344277
4,99498607100828,-0.49481535,-0.5227785,-0.48522797
10,99498613623901,-0.35089684,1.4428549,-1.2738523
4,99498616855724,-0.56459016,-0.47404268,-0.5020059
10,99498619777599,-0.49933743,0.0997076,-0.61065865
4,99498627455932,-0.40906155,-0.40187103,-0.5139901
10,99498635059995,-0.9554458,-0.31347942,-0.055348396
4,99498638303745,-0.14221281,-0.35926044,-0.4612595
10,99498642792443,-1.0021713,-0.31284857,-0.043685913
2,99498647558380,-28.0,-1.0,25.0
10,99498654089630,-0.70633614,0.42067957,-0.29703903
4,99498657310464,0.12330436,-0.21438447,-0.3107909
10,99498660114266,-0.73027813,0.84684753,-0.47181606
4,99498667392391,0.056991648,-0.16378441,-0.25246766
10,99498673734943,-0.91077316,1.0203729,-0.56235933
4,99498676854786,-0.087884314,-0.1488707,-0.21758026
10,99498678952130,-0.6976892,1.1376886,-0.56714773
4,99498686779526,-0.23702134,-0.123038046,-0.21678132
10,99498694382703,-0.32417345,1.1413531,-0.3819108
4,99498697634161,-0.35153726,-0.090014845,-0.18242654
10,99498702059734,-0.33810043,1.1669173,-0.36064768
4,99498706878484,-0.42024684,-0.11797804,-0.09187906
10,99498713140880,-0.82808757,0.6321583,-0.40443707
4,99498716360620,-0.41785,-0.1635181,-0.040746365
10,99498719164161,-0.643734,0.5507555,-0.2966981
4,99498726394682,-0.2892193,-0.1965413,-0.07483483
10,99498734009422,-0.6262903,0.5970011,-0.1596179
4,99498737271661,-0.15739283,-0.2396845,-0.11930962
10,99498740080359,-0.6262903,0.5970011,-0.1596179
4,99498744947547,-0.11957593,-0.2862898,-0.13608754
10,99498751889266,-0.4332676,0.63085556,-0.09961176
4,99498755120880,-0.11558119,-0.31372038,-0.14753912
10,99498760504734,-0.17505503,0.8402052,0.09113741
4,99498765323484,-0.11451593,-0.31638354,-0.14327806
10,99498770221453,-0.3215171,0.6031518,0.07605219
4,99498773660880,-0.1834918,-0.30919302,-0.08229168
10,99498780281609,-0.47936726,0.40383816,0.14331436
4,99498785135568,-0.32277513,-0.31372038,0.0013315806
10,99498791438068,-0.70348895,0.29233694,0.12718439
4,99498794679370,-0.40107206,-0.32783514,-0.033289514
10,99498800119526,-0.39568508,0.56409264,-0.11986065
4,99498805045516,-0.3930826,-0.31345406,-0.08016115
10,99498811219005,-0.09487414,0.59694815,-0.20308304
4,99498814528016,-0.37417415,-0.2825614,-0.16005598
10,99498819839214,0.0012185574,0.3344612,-0.09334135
2,99498824784891,-30.0,-1.0,20.0
10,99498831023536,0.028662443,0.15322447,0.050642014
4,99498834337703,-0.4250405,-0.27084348,-0.22210763
10,99498839604734,0.0024182796,-0.3005247,0.09925079
4,99498844425255,-0.47324374,-0.27324033,-0.2298308
10,99498850791922,-0.25596023,-0.39606285,-0.053694725
4,99498854098589,-0.50360376,-0.3222425,-0.20985709
10,99498859394734,-0.28730774,-0.49818707,-0.40778875
4,99498864247234,-0.5086638,-0.3882889,-0.20799288
10,99498869198172,0.026430607,-0.20189142,-0.43606615
4,99498872539578,-0.36432046,-0.42077947,-0.30040458
10,99498878985099,0.62878704,0.3085208,-0.52468157
4,99498883802391,-0.24367924,-0.4316984,-0.41412157
10,99498890335984,0.61333966,0.20680952,-0.52017355
4,99498893592547,-0.2806972,-0.4841627,-0.4676511
10,99498898938588,0.19318032,0.024157047,-0.15647888
4,99498903832651,-0.32517198,-0.5653891,-0.48016796
10,99498910150672,0.23379445,-0.2846589,0.20318174
4,99498913399838,-0.32197618,-0.54674697,-0.479369
10,99498918724161,0.5804939,-0.49339247,0.4878373
4,99498923632182,-0.26897928,-0.44581318,-0.45992792
10,99498929880620,0.667871,-0.1241827,0.761034
4,99498933100151,-0.15792546,-0.34674358,-0.40426785
10,99498938545307,0.6508987,0.13131618,0.88018703
4,99498943462859,-0.13129385,-0.27190876,-0.3470099
10,99498949648484,0.74282575,0.15457153,0.7717433
4,99498952875828,-0.20186761,-0.20559604,-0.33316147
10,99498958280516,0.77146673,0.34355402,0.89088345
4,99498963162495,-0.21571605,-0.15739283,-0.32836777
10,99498968088224,0.66180253,0.32868385,1.0120769
4,99498971421661,-0.18722023,-0.09933591,-0.27883297
10,99498976953641,0.6019335,0.10914993,0.9328475
4,99498983461974,-0.16564862,-0.0037284256,-0.20186761
10,99498989609995,0.70727015,0.1223402,0.8475542
4,99498992851557,-0.15472966,0.09560748,-0.1571265
10,99498998031505,0.75572896,0.28291416,1.0275121
2,99499002836766,-38.0,-1.0,17.0
10,99499009088693,0.6180136,0.26556158,1.0449657
4,99499012337703,-0.21172132,0.18935075,-0.09427591
10,99499017608588,0.358191,0.095980644,0.8820386
4,99499022484995,-0.23196134,0.21518342,-0.051665325
10,99499028750255,0.17193317,-0.13601112,1.03368
4,99499032004370,-0.17763285,0.23036344,-0.015978966
10,99499037405255,0.050295115,-0.35647392,1.1613503
4,99499042707963,-0.08681905,0.22663501,0.007989483
10,99499048791922,0.009562492,-0.41583252,0.96641636
4,99499051999682,-0.014913702,0.21385184,0.013582122
10,99499057208016,-0.026328564,-0.34170246,0.9154954
4,99499062049213,0.0314253,0.18535602,0.015978966
10,99499066973588,-0.09990811,-0.29918528,0.6427374
4,99499070324005,0.032490566,0.165116,0.026365295
10,99499076943901,-0.019847631,-0.26947308,0.6359458
4,99499081757338,0.029028457,0.1536644,0.036751624
10,99499088098484,-0.063938856,-0.26812506,0.71791697
4,99499091371349,0.03195793,0.12836437,0.04527374
10,99499096719474,-0.15832949,-0.31444645,0.80250406
4,99499101544005,0.046871636,0.109988555,0.054594804
10,99499107871505,-0.15552378,-0.25888443,0.8770714
4,99499111116661,0.09187906,0.11504856,0.071106404
10,99499116263953,-0.14699984,-0.27986383,0.9110594
4,99499121147859,0.13209279,0.13475595,0.09880328
10,99499127648797,-0.2075994,-0.2668829,0.79631424
4,99499130889005,0.15419704,0.13795175,0.13129385
10,99499136277859,-0.20877194,-0.15680075,0.6751542
4,99499141031713,0.16325177,0.14327806,0.16378441
10,99499147429995,-0.21074414,0.04865551,0.49323034
4,99499150642286,0.15606125,0.15819177,0.20399815
10,99499156053588,-0.22888923,0.15219116,0.3900299
4,99499160826818,0.12836437,0.17417073,0.25752768
10,99499165880203,-0.21646929,0.122235775,0.45761728
4,99499169206140,0.114782244,0.18402444,0.28655612
10,99499175830932,-0.23234987,0.03388834,0.48805714
2,99499180606245,-39.0,-3.0,18.0
10,99499186360672,-0.28102756,0.08648968,0.4152236
4,99499189596661,0.10918961,0.23542345,0.40719733
10,99499195609838,-0.25052023,0.24528313,0.2623539
4,99499200424161,0.1107875,0.25965822,0.46365637
10,99499206776297,-0.16438317,0.5449977,0.13949156
4,99499210023120,0.16112125,0.24474451,0.47510794
10,99499215386297,-0.12258053,0.7362881,-0.030552864
4,99499220137859,0.17896444,0.2298308,0.44767737
10,99499226547443,-0.18120503,0.6430459,-0.3079486
4,99499229792338,0.11797804,0.19441076,0.3320962
10,99499235182963,-0.30720305,0.4398632,-0.41597795
4,99499240008588,0.07882957,0.180296,0.29374668
10,99499246371922,-0.42390823,0.15956593,-0.27677965
4,99499249575724,0.041012682,0.14274544,0.22583607
10,99499254952390,-0.5174873,-0.105223656,-0.14414072
4,99499259779682,0.05885586,0.08442221,0.16937704
10,99499264733484,-0.51537776,-0.17520428,-0.12931347
4,99499268088484,0.12650016,0.05885586,0.120907515
10,99499274721349,-0.37642574,-0.26334715,0.08086395
4,99499279599057,0.17736652,0.06364955,0.082558
10,99499285881713,-0.38651514,-0.37473822,0.1826849
4,99499289127703,0.18455707,0.06977482,0.0561927
10,99499294518120,-0.44046164,-0.3699522,0.29587698
4,99499299313484,0.17736652,0.055926383,0.041279
10,99499305635151,-0.52351785,-0.21858692,0.16148806
4,99499308853224,0.16990969,0.032490566,0.027164243
10,99499314285359,-0.39333653,-0.09170008,-0.06508064
4,99499319089370,0.1669802,0.032756884,0.010386328
10,99499325439370,-0.21908712,0.076927185,-0.13897371
4,99499328690047,0.16005598,0.05352954,0.0053263223
10,99499334063172,-0.16298509,0.25433922,-0.067943096
4,99499338877547,0.123836994,0.06098639,0.010386328
10,99499345229422,-0.23499084,0.34349442,0.074276924
4,99499348476401,0.068176925,0.051931642,0.012250541
10,99499353840099,-0.2666216,0.31984282,0.18902445
2,99499358663901,-37.0,-3.0,19.0
10,99499363631609,-0.27637935,0.26800013,0.21976328
4,99499367133901,0.038615838,0.0396811,0.029028457
10,99499372388172,-0.20367408,0.24307537,0.21123314
4,99499378964265,0.103863284,0.03914847,0.039414786
10,99499384338276,-0.051840782,0.28488207,0.09815407
4,99499387556713,0.14301175,0.07829694,0.07376956
10,99499393395880,-0.056360245,0.39891243,0.0077233315
4,99499398178536,0.1304949,0.123038046,0.12330436
10,99499404555724,-0.16431952,0.4511776,0.15673971
4,99499407780932,0.068176925,0.14088123,0.16298546
10,99499412324057,-0.22587919,0.5229106,0.3876753
4,99499418203588,0.015978966,0.14780544,0.18908444
10,99499424136922,-0.20781684,0.35859966,0.41623163
4,99499427354265,-0.025832662,0.17230652,0.22716765
10,99499432993328,-0.23479891,0.0040540695,0.28745747
4,99499437814109,-0.046072688,0.19600865,0.26045716
10,99499444090620,-0.34009767,-0.09511185,0.24285316
4,99499447335203,0.0077231675,0.16751283,0.26764768
10,99499452728015,-0.37494707,-0.14538336,0.12721539
4,99499457510307,0.070307456,0.12410331,0.23861924
10,99499462479057,-0.2075386,-0.080096245,0.03244543
4,99499465864057,0.1403486,0.10945592,0.20293288
10,99499472494682,-0.13770723,0.002257347,0.03593874
4,99499477353849,0.17869811,0.10945592,0.17603496
10,99499483642390,-0.2554524,0.0024614334,0.24563646
4,99499486881974,0.1419465,0.072171666,0.14674018
10,99499490659682,-0.40868127,0.10062361,0.46111488
4,99499497641557,0.06524745,0.02956109,0.105727494
10,99499505213224,-0.32060957,0.18046951,0.43365812
4,99499508456088,-0.020772656,0.02130529,0.07137272
10,99499513351505,-0.08874965,0.084061146,0.42114258
4,99499518117442,-0.06258429,0.042077947,0.051665325
10,99499524255411,-0.0782578,-0.07755709,0.27796412
4,99499527491713,-0.026631612,0.06231797,0.06391586
10,99499530328536,-0.080652,-0.18769026,0.39288568
2,99499537240255,-38.0,-3.0,21.0
10,99499544875932,-0.004625559,-0.09501171,0.25694656
4,99499548125515,0.11611383,0.15393071,0.14407702
10,99499553046140,0.01619029,-0.10117626,0.24604464
4,99499557911765,0.12863068,0.22663501,0.20799288
10,99499562851505,-0.08132291,0.22799778,0.31903124
4,99499565962703,0.12144015,0.25406557,0.25193503
10,99499568671817,-0.14117813,0.33573675,0.34297323
4,99499576770307,0.10918961,0.2612561,0.2790993
10,99499584378015,2.0051003E-4,0.29016972,0.24403048
4,99499587639578,0.09161274,0.28868666,0.30786142
10,99499590485672,1.9621849E-4,0.29017782,0.24403048
4,99499596303380,0.07403588,0.34194988,0.34967306
10,99499603872234,-0.03915739,0.070271015,0.16700554
4,99499607153692,0.037284255,0.39894155,0.40533313
10,99499609966505,-0.31449294,-0.07099247,0.3202343
4,99499615973953,0.008522116,0.41891524,0.44315
10,99499622305203,-0.43255186,-0.0042066574,0.3775077
4,99499625547078,0.036485307,0.4000068,0.4247742
10,99499630462390,-0.42152095,0.123625755,0.35177374
4,99499635340776,0.064182185,0.3784352,0.40080574
10,99499642056140,-0.30946374,0.1638298,0.13073254
4,99499645307599,0.11531488,0.29481193,0.29987195
10,99499650446088,-0.2917024,0.16364384,-0.08178139
4,99499655314161,0.12676647,0.2695119,0.25672874
10,99499660390828,-0.32112336,0.16755104,-0.10273075
4,99499663637911,0.15153387,0.21385184,0.16990969
10,99499670126401,-0.38499177,0.11791372,-0.006758213
4,99499674982286,0.16644756,0.16724652,0.087884314
10,99499681616453,-0.5418948,-0.0060539246,0.08900833
4,99499684852963,0.108124346,0.09986854,-0.03781689
10,99499689798484,-0.5918393,-0.13695335,0.2754302
4,99499694696869,0.079095885,0.07483483,-0.06870956
10,99499701378172,-0.62756896,-0.16493559,0.32881975
4,99499704600047,0.04234426,0.03568636,-0.09347696
10,99499709711869,-0.63234353,-0.26648712,0.4047613
2,99499714848484,-40.0,-3.0,23.0
10,99499721391192,-0.6156969,-0.24019575,0.46282053
4,99499724623849,0.062051654,-0.007190535,-0.082025364
10,99499729601349,-0.6406305,0.09668827,0.5642915
4,99499733571765,0.09960223,-0.04527374,-0.08042747
11,99499739520619,-0.302483,0.116137,-0.578471,0.748589,3.0
4,99499739520619,0.105727494,-0.06551377,-0.079095885
4,99499742747234,0.10279802,-0.0793622,-0.0743022
10,99499747823953,-0.49933648,0.47967958,0.38329124
4,99499753774317,0.07376956,-0.091080114,-0.054062173
10,99499759336088,-0.5008266,0.70794153,0.3554263
4,99499762557651,0.04234426,-0.090014845,-0.019441076
10,99499767582182,-0.5052961,0.89003515,0.41464615
4,99499773128328,0.03834952,-0.082558,0.011984225
10,99499780452546,-0.60958374,0.9559984,0.4524989
4,99499783694578,0.06231797,-0.046871636,0.020240024
10,99499788853067,-0.6363423,0.98880816,0.6030569
4,99499793693380,0.09640643,-0.002396845,0.030626353
10,99499800258796,-0.64492893,1.1873617,0.7472739
4,99499803492755,0.11584751,0.046072688,0.06231797
10,99499808667651,-0.6909113,1.4969182,0.8850255
4,99499813585619,0.12010857,0.07749799,0.10759171
10,99499820032807,-0.72633886,1.6948562,1.046844
4,99499823243536,0.098004326,0.08894958,0.14008227
10,99499828428536,-0.81052655,1.6834946,1.0437274
4,99499833301557,0.021837922,0.080960095,0.15233281
10,99499839811192,-0.91683775,1.4872899,1.033165
4,99499843016296,-0.05352954,0.068176925,0.16005598
10,99499848232234,-0.90625477,1.0446687,0.8286481
4,99499853256817,-0.12410331,0.05752428,0.19201392
10,99499858333849,-0.8499697,0.6090064,0.65716887
4,99499862216088,-0.17789917,0.05006743,0.24421188
10,99499867918328,-0.69239765,0.34327316,0.62000084
4,99499872826713,-0.1984055,0.049534798,0.2860235
10,99499879357234,-0.57854915,0.055943012,0.5380964
4,99499882575099,-0.21198763,0.041279,0.29001826
10,99499887802546,-0.50785697,-0.30621862,0.3803439
2,99499892590151,-40.0,3.0,25.0
10,99499899138224,-0.43609607,-0.8319087,0.14506054
4,99499902346869,-0.21731395,-0.02263687,0.2330266
10,99499907529005,-0.35220063,-1.2902012,0.049371243
4,99499912316088,-0.14913702,-0.049534798,0.21704763
10,99499918915255,-0.20092285,-1.4238801,0.064757824
4,99499922131244,-0.011185277,-0.05539375,0.21624869
10,99499927392338,0.004506111,-1.2948952,-0.05362034
4,99499932191088,0.084155895,-0.049801115,0.21837921
10,99499938765724,0.12283528,-1.0527282,-0.3771472
4,99499941992651,0.08948222,-0.076166406,0.18935075
10,99499946933901,0.21575785,-0.8130989,-0.65391874
4,99499952681609,0.07084008,-0.10972224,0.13209279
10,99499957795151,0.44891036,-0.7310066,-0.8951888
4,99499960887598,0.029028457,-0.12170646,0.076166406
10,99499966812963,0.62757325,-0.5923052,-1.0334225
4,99499971582130,-0.009054748,-0.092145376,0.033289514
10,99499978294786,0.6639217,-0.3813815,-0.8359246
4,99499981533901,-0.03888215,-0.06657903,-0.0029294773
10,99499986529838,0.60992396,-0.46107292,-0.6206393
4,99499991311296,-0.09054748,-0.060720075,-0.029294772
10,99499998105932,0.46796572,-0.7776904,-0.605247
4,99500001351973,-0.101999074,-0.03435478,-0.06578008
10,99500006234057,0.50051177,-0.84244347,-0.23502779
4,99500011043640,-0.014647386,0.009321064,-0.1025317
10,99500018024942,0.4479586,-0.6503525,-0.26498318
4,99500021253171,0.09161274,0.0628506,-0.10652645
10,99500026133848,0.39411223,-0.49842405,-0.38393402
4,99500030523953,0.12916331,0.12436963,-0.08628642
10,99500037646869,0.50973535,-0.28263807,-0.34042883
4,99500040849994,0.12809806,0.17257284,-0.079095885
10,99500044679317,0.44874465,-0.04735136,-0.21579218
4,99500051847078,0.09614012,0.19041602,-0.08522116
10,99500056967963,0.30697095,0.09266281,-0.098572254
4,99500060070515,0.0561927,0.20186761,-0.101999074
10,99500065650098,0.24027884,0.26259565,0.12951183
2,99500070430203,-40.0,12.0,28.0
10,99500077138067,0.0527786,0.16572714,0.17401218
4,99500080362755,0.0039947415,0.21092236,-0.12543489
10,99500085356817,-0.19006455,0.102894306,0.20830536
4,99500090177598,-0.01784318,0.20719394,-0.12916331
10,99500096913796,-0.41052103,0.12907267,0.26611376
4,99500100161921,-0.049801115,0.1520665,-0.13688648
10,99500105346557,-0.5797446,0.07075739,0.3757825
4,99500110173953,-0.048203215,0.1222391,-0.13582122
10,99500116689369,-0.6352425,0.047348976,0.46148682
4,99500119938796,-0.016777916,0.05832323,-0.1355549
10,99500125121192,-0.67617315,0.09914684,0.70328426
4,99500129951036,0.027963191,0.005060006,-0.1355549
10,99500136509265,-0.67571586,0.10910511,0.72777843
4,99500139762078,0.045007423,-0.026897928,-0.12756541
10,99500144881869,-0.56280625,0.24555159,0.6208043
4,99500149696765,0.01304949,-0.054594804,-0.123836994
10,99500154809213,-0.5786171,0.2155056,0.6245823
4,99500158074994,-0.047670584,-0.08974853,-0.12010857
10,99500164521713,-0.60211504,0.21436262,0.5800147
4,99500169307234,-0.101999074,-0.11265171,-0.11984225
10,99500176018328,-0.51228607,0.23362303,0.5505023
4,99500179264942,-0.12942964,-0.119043306,-0.11158645
10,99500184473223,-0.548432,0.17664146,0.5324936
4,99500189289994,-0.14301175,-0.14301175,-0.0958738
10,99500195817130,-0.63891625,0.11873102,0.4202094
4,99500199060723,-0.13502227,-0.17630127,-0.09560748
10,99500204186453,-0.63177586,0.108557224,0.25103045
4,99500208952234,-0.105727494,-0.1834918,-0.0974717
10,99500215593380,-0.5085336,0.07942486,0.07811308
4,99500218814109,-0.07643273,-0.17390442,-0.0958738
10,99500223947911,-0.43273854,0.07417822,0.11877966
4,99500228714109,-0.049534798,-0.16458336,-0.098004326
10,99500235375984,-0.3577311,0.08657122,0.23273039
4,99500238625203,-0.043409526,-0.170176,-0.11025487
10,99500243736609,-0.29095697,0.09890175,0.12905073
2,99500248650567,-40.0,8.0,28.0
10,99500253785567,-0.3159058,0.08995199,-0.13461208
4,99500257137911,-0.058589544,-0.15073492,-0.1323591
10,99500263455463,-0.35847902,0.110221386,-0.10370684
4,99500268267859,-0.05832323,-0.118776985,-0.118776985
10,99500274935775,-0.2566383,0.16612625,0.048406124
4,99500278147286,-0.050866377,-0.09720538,-0.10173275
10,99500283325932,-0.29888356,0.20003271,-0.04445553
4,99500288114057,-0.05486112,-0.087618,-0.09827065
10,99500294703588,-0.22835636,0.2369976,-0.1607809
4,99500297921973,-0.07882957,-0.06258429,-0.09427591
10,99500303012130,-0.18682206,0.2765813,-0.20614481
4,99500307884213,-0.10439592,-0.036485307,-0.083090626
10,99500314476869,-0.21021008,0.34154367,-0.31312895
4,99500317722182,-0.11371698,-0.01571265,-0.07163903
10,99500322859734,-0.09082091,0.36353254,-0.2791028
4,99500327674630,-0.10972224,0.008255799,-0.05885586
10,99500334262494,-0.0026388168,0.28262186,-0.16416645
4,99500337508640,-0.10279802,0.024234766,-0.04926848
10,99500340372442,-0.012220502,0.22277403,-0.027697086
4,99500348485411,-0.11105382,0.03435478,-0.03195793
10,99500354868692,-0.1297313,0.16741753,0.014451981
4,99500359307703,-0.111852765,0.039414786,-0.007190535
10,99500363027703,-0.14731014,0.107926846,0.019420147
4,99500367811453,-0.1107875,0.045007423,0.006924219
10,99500374092859,-0.07875204,0.086147785,-0.045479298
4,99500377343119,-0.09853696,0.05566007,0.0034621095
10,99500380215567,0.02659285,0.10769558,-0.014354706
4,99500387639317,-0.08655274,0.049002163,-0.0127831735
10,99500395208223,0.060792565,0.029738903,0.0622015
4,99500398448484,-0.092145376,0.027164243,-0.025566347
10,99500402836557,0.110152125,-0.042084694,0.12851667
4,99500407664682,-0.08948222,0.020240024,-0.03355583
10,99500419392234,0.061327696,-0.12583351,0.33852816
2,99500427013119,-42.0,5.0,27.0
10,99500434423744,-0.065675855,-0.127491,0.4352851
4,99500437709838,-0.06018744,0.029028457,-0.008522116
10,99500440382442,-0.11834836,-0.1418562,0.4424677
4,99500447113796,-0.08335695,0.029028457,-0.018109497
10,99500453373744,-0.121741176,-0.08749962,0.479774
4,99500457619421,-0.09986854,0.026365295,-0.03435478
10,99500459598952,-0.20074987,-0.12580681,0.57314825
4,99500459598952,-0.09986854,0.026365295,-0.03435478
4,99500466493900,-0.10626013,0.013848438,-0.048469532
10,99500472228900,-0.25309873,-0.21944714,0.67911863
4,99500475320619,-0.108124346,0.0061252704,-0.056459017
10,99500480896921,-0.3353169,-0.24818516,0.7879753
4,99500485565359,-0.101999074,0.0053263223,-0.06018744
10,99500492033796,-0.4175148,-0.28934097,0.85817814
4,99500495115411,-0.07243799,-0.01438107,-0.059921127
10,99500500656452,-0.5117178,-0.2647295,0.9034381
4,99500505323275,-0.05486112,-0.02130529,-0.05885586
10,99500511815255,-0.50367475,-0.1323061,0.769855
4,99500514918432,-0.023702133,-0.03009372,-0.05672533
10,99500520442963,-0.47254944,0.016518116,0.73244
4,99500525190255,-0.010918961,-0.02956109,-0.05352954
10,99500531585775,-0.44924545,0.15837717,0.7628794
4,99500534669630,-0.0061252704,-0.029827405,-0.051931642
10,99500540210411,-0.5069643,0.24637222,0.75157785
4,99500545856244,-0.012516857,-0.03568636,-0.04660532
10,99500550640515,-0.55461264,0.22700596,0.75720835
4,99500553624369,-0.024767399,-0.0396811,-0.035952676
10,99500559839421,-0.56379616,0.23501205,0.7468777
4,99500564575202,-0.013315806,-0.030626353,-0.021837922
10,99500571136192,-0.5787202,0.29501057,0.8457756
4,99500574372025,0.015180019,-0.028495824,0.0029294773
10,99500579799161,-0.58967423,0.30822134,0.7493229
4,99500584515359,0.033289514,-0.02876214,0.023702133
10,99500590915202,-0.49245298,0.40840387,0.70654535
4,99500594055202,0.047137953,-0.025832662,0.030626353
10,99500599545567,-0.43581676,0.5047331,0.70328856
2,99500604247286,-43.0,1.0,26.0
10,99500610365723,-0.421947,0.45430088,0.71615744
4,99500613450411,0.04314321,-0.03488741,0.03888215
10,99500618598640,-0.38949764,0.3761797,0.73957396
4,99500624603952,0.041012682,-0.034621093,0.04873585
10,99500630705202,-0.33076453,0.3063078,0.73752356
4,99500634002754,0.055127434,-0.02876214,0.05832323
10,99500639366088,-0.30730546,0.22679949,0.69935703
4,99500644277911,0.068176925,-0.025033714,0.07376956
10,99500649176661,-0.27823162,0.23308659,0.58167934
4,99500652512911,0.0727043,-0.027696876,0.084155895
10,99500658822025,-0.25363302,0.2226963,0.5094881
4,99500663676661,0.061252706,-0.024234766,0.08335695
10,99500670413327,-0.1557219,0.29918337,0.3422985
4,99500673641348,0.058589544,-0.007456851,0.07536746
10,99500678924265,-0.08669996,0.32115364,0.28571367
4,99500683780254,0.055926383,0.020240024,0.06870956
10,99500690051973,-0.04534328,0.28620625,0.16466475
4,99500693289942,0.0628506,0.043942157,0.059921127
10,99500698699525,-5.491972E-4,0.2964387,0.14606619
4,99500703543692,0.081226416,0.064182185,0.055926383
10,99500709833275,0.002282381,0.30816936,-0.01714468
4,99500713068536,0.11797804,0.083090626,0.064182185
10,99500718476140,0.068143606,0.28965664,-0.18410969
4,99500723467234,0.14221281,0.112119086,0.07962852
10,99500729615619,0.14578223,0.25253534,-0.17824602
4,99500732822286,0.1667139,0.1257012,0.08681905
10,99500738262182,0.07290304,0.27105904,-0.18876791
4,99500743199786,0.1669802,0.1323591,0.09241169
10,99500748074369,0.11316252,0.32224703,-0.13062096
4,99500751406296,0.15579493,0.13768543,0.09560748
10,99500758021504,0.1514765,0.3213377,-0.14391518
4,99500762903067,0.14141385,0.1470065,0.076965354
10,99500769165932,0.16596782,0.22801352,0.023112297
4,99500772391400,0.12703279,0.14354439,0.059388492
10,99500777800567,0.124573946,-0.011823177,-0.00925827
2,99500782579786,-39.0,5.0,26.0
10,99500789119369,0.18022037,-0.19894028,0.08502102
4,99500792375619,0.10359697,0.15153387,0.027696876
10,99500797606765,0.1827935,-0.21350574,0.12447882
4,99500802384317,0.1355549,0.17230652,0.022104237
10,99500808713171,0.1790899,-0.2759018,0.22900295
4,99500811959317,0.14327806,0.180296,0.026365295
10,99500817364629,0.1264689,-0.2509594,0.19344711
4,99500822110202,0.1520665,0.18295917,0.01784318
10,99500828497181,0.102962494,-0.18672323,0.30521774
4,99500831707025,0.1536644,0.18242654,0.015180019
10,99500837142338,-0.069966555,-0.2893119,0.1683054
4,99500841919213,0.12170646,0.17603496,0.022370555
10,99500846851192,-0.16540122,-0.32496977,0.21253729
4,99500850287859,0.09614012,0.16831179,0.022370555
10,99500856622442,-0.14191759,-0.15405512,0.34846973
4,99500861464213,0.12436963,0.16405073,0.0055926386
10,99500868052806,-0.12932229,-0.08050251,0.2800207
4,99500871320098,0.1307612,0.16085494,-0.022104237
10,99500876693900,-0.20160985,-0.08743811,0.2466402
4,99500881464890,0.094808534,0.1304949,-0.05139901
10,99500887827963,-0.33365655,-0.0042796135,0.21730328
4,99500891064161,0.08495484,0.086020105,-0.09267801
10,99500896222650,-0.31363106,0.0056476593,0.13491154
4,99500901117911,0.08016115,0.0561927,-0.11664646
10,99500907603952,-0.2911328,0.11809778,0.08432531
4,99500910855619,0.09614012,0.036218993,-0.12969595
10,99500916285202,-0.32849634,0.2788458,0.049540043
4,99500921132442,0.09933591,0.02956109,-0.1307612
10,99500927384890,-0.2622093,0.26167965,0.14626741
4,99500930604838,0.06737798,0.009054748,-0.1222391
10,99500936018015,-0.33205402,0.07212734,0.31174278
4,99500940802806,0.05566007,-0.0013315806,-0.12357068
10,99500945800931,-0.39309084,-0.007860661,0.3805766
4,99500949183379,0.04926848,-0.01571265,-0.12650016
10,99500955805463,-0.38363957,-0.011621475,0.36083984
2,99500960581088,-38.0,3.0,30.0
10,99500966895098,-0.27107108,0.09537554,0.20090866
4,99500970136348,0.09267801,0.008255799,-0.11052119
10,99500975583900,-0.2598921,0.19883728,0.11165571
4,99500980406244,0.090014845,0.010918961,-0.098004326
10,99500986702181,-0.24860108,0.23833227,0.06598616
4,99500989935775,0.07483483,0.0037284256,-0.091080114
10,99500995352181,-0.16106486,0.3264203,0.042475224
4,99501000128952,0.06950851,0.00958738,-0.07882957
10,99501006490515,-0.17498505,0.3191495,-0.026533604
4,99501009736192,0.06791061,0.023702133,-0.06364955
10,99501015148067,-0.19824505,0.3808055,0.11661339
4,99501019944369,0.08282431,0.036751624,-0.042077947
10,99501026254421,-0.21479571,0.4463663,0.1485877
4,99501029501504,0.09720538,0.050866377,-0.012516857
10,99501034863900,-0.18448532,0.38540554,0.07947779
4,99501039639734,0.087884314,0.07057377,0.02396845
10,99501044641348,-0.35899472,0.22703362,0.085618496
4,99501049348796,0.06258429,0.070041135,0.055926383
10,99501054654473,-0.6307998,0.20096684,0.16575575
4,99501059494733,0.07856325,0.061519023,0.06924219
10,99501065829213,-0.7336456,0.11428881,0.24320841
4,99501069042546,0.1272991,0.06018744,0.073236935
10,99501074482129,-0.5072956,0.082956314,0.360785
4,99501079327858,0.1882855,0.049801115,0.064182185
10,99501085605098,-0.49611068,0.2754073,0.067486286
4,99501088844265,0.20932446,0.045007423,0.049002163
10,99501094250463,-0.45061517,0.49137974,0.05200434,99501098438796,0.1371528,0.022903185,0.0396811
11,99501103962233,-0.298307,0.093857,-0.525179,0.791447,3.0
4,99501107686036,0.06764429,-0.01438107,0.041279
10,99501113259056,-0.55601335,0.4700899,0.28733492
4,99501119078744,0.064182185,-0.033289514,0.066046394
10,99501124960931,-0.60797644,0.14625502,0.36857843
4,99501128040983,0.13262543,-0.012250541,0.11158645
10,99501133560983,-0.57628894,-0.07551718,0.6795211
2,99501139182338,-36.0,1.0,32.0
10,99501143992077,-0.48306203,-0.015499592,0.7916527
11,99501143992077,-0.295409,0.092944,-0.522219,0.794594,3.0
4,99501147207650,0.3057309,0.14727281,0.23222765
10,99501153370515,-0.58924556,-0.04447508,0.716599
4,99501158792650,0.21837921,0.31345406,0.31931302
10,99501164548848,-0.5123482,-0.07602978,0.7809372
4,99501167637286,-0.008522116,0.55340487,0.45912898
10,99501173157702,-0.66068137,-0.30495548,1.1816316
4,99501177785358,-0.2031992,0.68869346,0.6468818
10,99501184254004,-1.1864021,-0.18248558,0.99692106
4,99501187348588,-0.09560748,0.6064018,0.7954862
10,99501192936973,-0.9195586,0.44292974,-0.13033438
4,99501197528015,0.29854035,0.4181163,0.64714813
10,99501204031348,-0.62478155,0.22599792,1.0448732
4,99501207110931,0.3054646,0.09054748,0.25832662
10,99501211542077,-1.6111907,-0.72928286,0.46068764
4,99501218068275,-0.14407702,-0.27883297,-0.14940333
10,99501225338952,-1.8477635,-0.06518793,0.68830967
4,99501228424421,-0.28522456,-0.38562572,-0.3406183
10,99501231066140,-1.591584,-0.084341526,0.42015934
4,99501238231817,-0.3435478,-0.33848777,-0.2695119
10,99501244498015,-1.2336595,-0.2963724,-0.29993677
4,99501248683483,-0.24101609,-0.32969934,-0.20293288
10,99501252937390,-0.3147629,-0.3233328,-0.6155791
4,99501257536296,-0.021038974,-0.36485308,-0.27510455
10,99501263402390,-0.07689524,-0.18083,-0.6183357
4,99501266489942,0.10918961,-0.4181163,-0.36618465
10,99501270860463,-0.5796776,-0.06830263,-0.47707796
4,99501277207754,0.04234426,-0.46711847,-0.35473305
10,99501284602910,-0.69910634,0.7100525,-0.6731038
4,99501287686608,0.03169162,-0.43569317,-0.29348037
10,99501290335358,-0.12449789,1.2463536,-0.6347966
4,99501296848119,0.005060006,-0.34514567,-0.27164245
10,99501303213431,0.010882258,0.7372432,-0.57444954
4,99501306373275,-0.109988555,-0.29880667,-0.252734
10,99501310004004,0.101861954,0.49542904,0.0025529861
2,99501317356817,-36.0,6.0,31.0
10,99501325012233,0.074334025,0.2511134,0.31735134
4,99501328235827,-0.084155895,-0.23915187,-0.21837921
10,99501331075931,0.074334025,0.2511134,0.31735134
4,99501337206973,-0.05352954,-0.17869811,-0.1669802
10,99501343531296,-0.07289016,0.20788336,0.33720064
4,99501346637442,-0.025832662,-0.12596752,-0.095074855
10,99501349482546,0.06357932,0.21506596,0.30128717
4,99501356740827,-0.016777916,-0.11371698,-0.06498113
10,99501363011556,0.24955475,0.17163706,0.15150166
4,99501366260202,0.002130529,-0.09081379,-0.030360037
10,99501371120619,0.38482773,0.24011517,0.03681183
4,99501375961035,-0.0018642128,-0.088150635,-0.030360037
10,99501382470150,0.27957726,0.36781025,0.012401104
4,99501385712858,-0.050333746,-0.08069378,-0.025033714
10,99501390869629,0.2617395,0.37715578,0.07491112
4,99501395811088,-0.07376956,-0.091080114,-0.021038974
10,99501402251556,0.31575656,0.25397873,0.10194206
4,99501405468067,-0.1571265,-0.13022858,-0.016777916
10,99501410621973,0.36558318,0.05970812,0.059122562
4,99501415439473,-0.18082865,-0.14274544,-0.017310547
10,99501422024577,0.36047113,-0.003250122,0.12298155
4,99501425245619,-0.20799288,-0.1667139,-0.010918961
10,99501430459004,0.0996393,-0.14020252,0.43292046
4,99501435512338,-0.18109496,-0.20985709,-0.0077231675
10,99501440583952,0.13844335,-0.2014823,0.5033202
4,99501443693067,-0.123038046,-0.23888555,-0.032756884
10,99501450059056,0.3227055,-0.35708666,0.38349342
4,99501454952598,-0.076965354,-0.23062976,-0.061519023
10,99501460335567,0.4064728,-0.5517578,0.30513096
4,99501463561348,-0.07882957,-0.21731395,-0.06657903
10,99501469814473,0.3310218,-0.5461354,0.27867508
4,99501474641452,-0.101200126,-0.22104238,-0.07536746
10,99501481383692,0.29352558,-0.3413272,0.2048688
4,99501484617702,-0.1107875,-0.20266657,-0.0892159
10,99501489755671,0.37950397,-0.16054821,0.121790886
2,99501494826817,-35.0,8.0,27.0
10,99501501363587,0.4247539,-0.2278161,0.038940907
4,99501504609837,-0.1307612,-0.10519487,-0.0892159
10,99501509579785,0.32451212,-0.3177166,0.12101412
4,99501514429473,-0.13342437,-0.07669904,-0.08442221
10,99501520898952,0.11909437,-0.43524694,0.20032454
4,99501524198223,-0.124902256,-0.075101145,-0.092944324
10,99501529380515,0.07447052,-0.26631117,0.044344425
4,99501534259942,-0.07989483,-0.05566007,-0.11451593
10,99501539404733,0.14562023,0.01587677,-0.15253592
4,99501542535202,-0.03089267,-0.013315806,-0.123038046
10,99501548978692,0.10205698,0.14682436,-0.10255098
4,99501553828900,-0.011185277,2.663161E-4,-0.124902256
10,99501560461712,-0.03891778,0.10526276,0.07881069
4,99501563700306,-0.018109497,-0.013848438,-0.12996227
10,99501568874681,-0.14843786,0.06359625,0.19776964
4,99501573778692,-0.040213734,-0.01438107,-0.128897
10,99501580242181,-0.26720977,0.06892967,0.18609905
4,99501583475983,-0.0644485,0.0010652645,-0.1107875
10,99501588666817,-0.37870002,0.23869896,0.11514568
4,99501593584473,-0.06977482,0.019707393,-0.087884314
10,99501600008848,-0.30172205,0.3923812,0.029878616
4,99501603248431,-0.06737798,0.03888215,-0.06657903
10,99501608225827,-0.32675457,0.3543887,0.1902237
4,99501613070827,-0.06657903,0.03568636,-0.054062173
10,99501619798119,-0.4545585,0.24031305,0.2808504
4,99501623049056,-0.08948222,0.02396845,-0.050600063
10,99501628266348,-0.5794525,0.20920658,0.33421373
4,99501633161608,-0.10626013,0.016245283,-0.051931642
10,99501638259108,-0.5855038,0.27740717,0.3360014
4,99501641391400,-0.10013486,0.02876214,-0.040480047
10,99501647833796,-0.48147094,0.347857,0.26109123
4,99501652614733,-0.101999074,0.03914847,-0.01917476
10,99501659344733,-0.49014032,0.39204836,0.25268888
4,99501662582702,-0.114782244,0.040480047,-0.005060006
10,99501667573796,-0.5069785,0.30123997,0.2857318
2,99501672436765,-35.0,3.0,27.0
10,99501679139369,-0.5875292,0.17724943,0.4403305
4,99501682377077,-0.17576863,0.025300032,-0.01438107
10,99501687342494,-0.6681479,0.008103371,0.580287
4,99501692114681,-0.1387507,0.021571605,-0.011185277
10,99501698894942,-0.6202587,-0.062256813,0.64970064
4,99501702113014,-0.08894958,0.02609898,-0.0031957934
10,99501707368171,-0.59601855,0.028737545,0.5820327
4,99501712192129,-0.050600063,0.028495824,-0.0015978967
10,99501718677650,-0.6332377,0.18021536,0.6115432
4,99501721911192,-0.040480047,0.008255799,-0.009321064
10,99501727154681,-0.5934019,0.26285315,0.5492039
4,99501731961244,-0.049534798,-0.0013315806,-0.02130529
10,99501737059837,-0.5580504,0.33333635,0.51601076
4,99501740286660,-0.0628506,-0.00479369,-0.025033714
10,99501746721869,-0.52634764,0.44512415,0.5745859
4,99501751496139,-0.0777643,-0.011451593,-0.006657903
10,99501758233952,-0.5324323,0.4358592,0.5308814
4,99501761474160,-0.08974853,-0.022903185,0.015978966
10,99501766720098,-0.51179004,0.38761234,0.51234674
4,99501771593014,-0.10013486,-0.031158986,0.029028457
10,99501778011244,-0.46287525,0.3698225,0.38273478
4,99501781327962,-0.094808534,-0.017576864,0.046339005
10,99501786485879,-0.3724494,0.3523755,0.38725424
4,99501791335514,-0.09081379,-0.010918961,0.05885586
10,99501797774629,-0.39419973,0.33268976,0.34090805
4,99501801031764,-0.0974717,0.007989483,0.098004326
10,99501806238067,-0.3849858,0.35929823,0.3472786
4,99501811054264,-0.09853696,0.01304949,0.101999074
10,99501817568327,-0.4414953,0.32988787,0.19403076
4,99501820846764,-0.11318435,0.004527374,0.08974853
10,99501826051764,-0.36794972,0.33266115,0.06838989
4,99501830849785,-0.1206412,-7.9894834E-4,0.083889574
10,99501835983952,-0.29675007,0.3798542,-0.14657068
4,99501839161452,-0.1355549,0.0015978967,0.06524745
10,99501845609212,-0.25337052,0.38904285,-0.15258598
2,99501850399942,-35.0,3.0,26.0
10,99501857143744,-0.17268097,0.2925396,-0.12985325
4,99501860380150,-0.099069595,0.016245283,0.03781689
10,99501865445983,-0.0064201355,0.05894327,0.024765968
4,99501870235671,-0.043942157,0.03435478,0.017044231
10,99501876896087,-0.0028951168,0.026942253,-0.005967617
4,99501880108431,0.002396845,0.05539375,0.0010652645
10,99501885294212,0.08485615,0.022015095,0.08210325
4,99501890059212,0.04447479,0.08175905,-7.9894834E-4
10,99501896701192,0.13057446,0.037535667,0.08814144
4,99501899961400,0.06258429,0.11558119,0.008255799
10,99501904930671,0.2458471,0.096215725,0.04091406
4,99501909775046,0.032490566,0.1387507,0.02263687
10,99501916475671,0.2862687,0.23083353,-0.01978159
4,99501919724316,7.9894834E-4,0.15180019,0.02876214
10,99501924910046,0.31354642,0.3074355,0.040368557
4,99501929702285,-0.019707393,0.1504686,0.03488741
10,99501934857702,0.2726401,0.16651535,0.11194897
4,99501938055827,-0.030626353,0.13342437,0.045007423
10,99501944496921,0.12890077,-0.04241848,0.14631367
4,99501949300514,-0.019973708,0.11638014,0.045007423
10,99501956008535,0.092234254,-0.111515045,0.29466486
4,99501959218431,0.009054748,0.10146644,0.033023197
10,99501964436608,0.01360929,-0.18700552,0.25293922
4,99501969255619,0.010652645,0.0892159,0.026365295
10,99501975780566,-0.060949683,-0.19535208,0.24500895
4,99501979018431,-0.009853696,0.0727043,0.015978966
10,99501984176139,-0.13875091,-0.18507099,0.33453083
4,99501988962077,-0.031158986,0.044208474,-0.0029294773
10,99501995566973,-0.2646004,-0.3283615,0.35208893
4,99501998784212,-0.054062173,0.01917476,-0.032490566
10,99502004029941,-0.3523494,-0.41610765,0.4137783
4,99502008843379,-0.05139901,0.0077231675,-0.057790596
10,99502015341400,-0.42716026,-0.4020691,0.48926926
4,99502018587181,-0.038615838,-0.0061252704,-0.075101145
10,99502023764369,-0.52545106,-0.298409,0.4157381
2,99502028516400,-38.0,2.0,25.0
10,99502033667233,-0.5257057,-0.16930819,0.32776785
4,99502036949733,-0.05566007,-0.038615838,-0.091080114
10,99502043025046,-0.47955823,0.020287514,0.33644867
4,99502047815514,-0.07590009,-0.05006743,-0.0958738
10,99502054903691,-0.4970479,0.15081406,0.30780697
4,99502058150879,-0.08948222,-0.06498113,-0.09321064
10,99502063324160,-0.46997464,0.2294321,0.35184765
4,99502068114160,-0.10040118,-0.07989483,-0.079095885
10,99502074686348,-0.44326508,0.25101948,0.36521292
4,99502077912129,-0.09161274,-0.08468852,-0.06178534
10,99502080729160,-0.4217173,0.33242226,0.36281872
4,99502088502806,-0.06977482,-0.08229168,-0.042077947
10,99502096062077,-0.4299295,0.44114542,0.34264088
4,99502099335879,-0.05566007,-0.076166406,-0.013848438
10,99502103806244,-0.4158063,0.51962566,0.24965763
4,99502108718431,-0.054594804,-0.06711166,0.0127831735
10,99502114993744,-0.42328393,0.5011573,0.24084234
4,99502118238691,-0.06258429,-0.05832323,0.03781689
10,99502121118014,-0.45440853,0.4484849,0.29112053
4,99502128442389,-0.06231797,-0.04873585,0.053263225
10,99502134834004,-0.49316597,0.3896098,0.26122713
4,99502139304421,-0.05139901,-0.032490566,0.06684534
10,99502143008014,-0.43975794,0.31280184,0.21620989
4,99502147869108,-0.047137953,-0.010652645,0.08282431
10,99502154133431,-0.34091938,0.2671895,0.17064762
4,99502157345150,-0.034088463,0.0058589545,0.09640643
10,99502160200723,-0.34331357,0.17142153,0.2520504
4,99502167612025,-0.020240024,0.007190535,0.0958738
10,99502175184473,-0.32938433,0.14989948,0.20397139
4,99502178440671,-0.0018642128,0.014913702,0.08735169
10,99502181300983,-0.33417273,0.15947628,0.22791338
4,99502187062441,0.010918961,0.0314253,0.08948222
10,99502193173587,-0.28162622,0.10849571,0.20831203
4,99502196385254,0.010120012,0.045540057,0.09667275
10,99502201790879,-0.23738348,0.009329319,0.2527976
2,99502206683014,-40.0,2.0,24.0
10,99502212987962,-0.13763738,-0.0061244965,0.31147432
4,99502216229577,0.029028457,0.061519023,0.066046394
10,99502221567233,-0.058092713,0.022927284,0.2906289
4,99502226403431,0.03089267,0.06764429,0.058589544
10,99502231383639,-0.110717535,0.05314493,0.2952609
4,99502234731400,0.02263687,0.0727043,0.057790596
10,99502241485254,-0.11023426,0.081214905,0.23056173
4,99502246353535,0.011984225,0.07137272,0.066312715
10,99502252470046,-0.10192931,0.08394337,0.28621483
4,99502255724264,0.016511599,0.064182185,0.06364955
4,99502260724264,0.030626353,0.056459017,0.05965481
4,99502284560410,0.029028457,0.051665325,0.07057377
4,99502281192129,0.029028457,0.051665325,0.07057377
10,99502281192129,-0.11973655,0.10585308,0.35134315
4,99502295124316,0.033023197,0.050333746,0.07483483
4,99502298534733,0.04447479,0.052996907,0.07829694
10,99502302757337,-0.09539819,0.08755112,0.35048866
4,99502305977650,0.03488741,0.05539375,0.08468852
10,99502310822598,-0.09300399,0.23599148,0.32894087
4,99502315720566,0.024767399,0.056459017,0.086020105
10,99502319141504,-0.10182667,0.21779728,0.25644398
4,99502325184577,-0.007190535,0.051132694,0.08229168
10,99502331598587,-0.10596621,0.21322298,0.39838076
4,99502336426348,-0.018908445,0.03914847,0.076965354
10,99502341030150,-0.1466515,0.15282106,0.3574276
4,99502345977910,-0.00958738,0.029827405,0.07190535
10,99502350887598,-0.07426143,0.180367,0.39063168
4,99502354752389,0.014647386,0.02956109,0.068176925
10,99502359661191,-0.17366004,0.22755194,0.40062475
4,99502364534108,0.03009372,0.03195793,0.07829694
10,99502371154577,-0.18620777,0.23695612,0.5167217
4,99502375991660,0.03488741,0.019441076,0.095074855
10,99502379672337,-0.31249595,0.3083377,0.58922815
2,99502383071608,-40.0,3.0,22.0
10,99502391058014,-0.3120427,0.34467268,0.57198715
4,99502395970358,0.070307456,-7.9894834E-4,0.111852765
10,99502399677389,-0.2907654,0.3347783,0.47772312
4,99502402911608,0.07989483,0.00479369,0.12197278
10,99502410713275,-0.26404226,0.33113194,0.52144384
4,99502415541556,0.07590009,-0.007456851,0.1304949
10,99502420157754,-0.2208786,0.32040548,0.5006957
4,99502423377233,0.07137272,-0.01304949,0.13901702
10,99502430478066,-0.17331243,0.22744322,0.42142487
4,99502435350723,0.055127434,-0.00958738,0.15020229
10,99502439961243,-0.28429198,0.028784275,0.48461342
4,99502444849941,0.045007423,-0.027963191,0.15792546
10,99502449726295,-0.4087689,-0.06310177,0.52241373
4,99502453512285,0.063116916,-0.0396811,0.15126756
10,99502458852910,-0.39090848,-0.15002823,0.42657614
4,99502462125202,0.0958738,-0.041012682,0.1307612
10,99502470035983,-0.32710254,-0.22253275,0.4227209
4,99502474925202,0.1222391,-0.04580637,0.1107875
10,99502479533014,-0.31293738,-0.14482737,0.41928387
4,99502482777598,0.12037488,-0.05965481,0.08628642
10,99502489815306,-0.32995987,-0.06050396,0.25795126
4,99502494732650,0.076965354,-0.0644485,0.06524745
10,99502499316816,-0.2682413,-0.014772415,0.16831207
4,99502502549004,0.0015978967,-0.05139901,0.046871636
10,99502509590462,-0.19565618,0.02864027,0.0851264
4,99502513534577,-0.076965354,-0.044208474,0.032490566
10,99502518107441,-0.029032111,-0.001103878,0.124248505
4,99502521497389,-0.09720538,-0.04873585,0.011185277
10,99502529401973,-1.4555454E-4,-0.16174793,0.17574167
4,99502534248900,-0.036485307,-0.047670584,-0.010120012
10,99502538864004,-0.017825246,-0.34424782,0.21818876
4,99502543804473,0.047137953,-0.042876896,-0.01304949
10,99502548737181,-0.20882928,-0.4004736,0.12914896
4,99502552537493,0.13315806,-0.041012682,0.0029294773
10,99502557490566,-0.42110717,-0.33550978,-0.10146713
2,99502562339160,-40.0,7.0,25.0
10,99502568920827,-0.40508795,-0.10234594,-0.10811663
4,99502573767181,0.16777915,-0.026631612,0.017576864
10,99502578343118,-0.37905312,0.18102646,-0.107210636
4,99502581587962,0.14807177,-0.033822145,-0.0010652645
10,99502588711243,-0.39725053,0.3325305,-0.09897995
4,99502593621243,0.092145376,-0.0479369,-0.021571605
10,99502597344681,-0.40107083,0.39100218,-0.06889391
4,99502601349056,0.063116916,-0.047404267,-0.03089267
10,99502608472129,-0.38928115,0.38859463,-0.021234035
4,99502613402233,0.015446335,-0.045540057,-0.013848438
10,99502617982702,-0.43115437,0.2835536,0.07850647
4,99502621236243,0.007456851,-0.04527374,0.02956109
10,99502628246243,-0.40122092,0.2185998,0.15754461
4,99502633102858,0.032490566,-0.048203215,0.06711166
10,99502637718014,-0.33838916,0.19843197,0.21168756
4,99502642530358,0.06098639,-0.050333746,0.0793622
10,99502647440202,-0.3154428,0.14512491,0.27604628
4,99502651255514,0.07084008,-0.052464273,0.08628642
10,99502656306347,-0.29041886,0.110557556,0.13425827
4,99502661066608,0.061519023,-0.054328486,0.086020105
10,99502667809420,-0.27002633,0.13923788,0.23502493
4,99502672611712,0.033822145,-0.053263225,0.09614012
10,99502677210775,-0.26126552,0.12620592,0.17877626
4,99502680447077,0.02396845,-0.05273059,0.09773801
10,99502687585827,-0.2712884,-0.01355505,0.1364007
4,99502692341139,0.010652645,-0.04926848,0.09454222
10,99502696934108,-0.25431192,-0.13156414,0.43400908
4,99502700164108,0.027696876,-0.06258429,0.09267801
10,99502707368275,-0.25439632,-0.18642902,0.23786402
4,99502712183066,0.09267801,-0.047670584,0.07190535
10,99502715817597,-0.037513852,-0.19947672,0.25215006
4,99502720554941,0.09534117,-0.0396811,0.06551377
10,99502727145775,-0.11366558,-0.118430614,0.19537544
4,99502731954941,0.056459017,-0.034088463,0.049534798
10,99502735616452,-0.06211257,-0.0024790764,0.21426105
2,99502740361920,-40.0,9.0,23.0
10,99502745494472,-0.036805034,-0.01895094,0.0692153
4,99502749631712,-0.012250541,-0.020772656,0.008788432
10,99502755560306,0.13776815,0.016888142,0.12003565
4,99502758830462,-0.033822145,-0.005060006,-0.019973708
10,99502766704681,0.092698336,0.03472376,0.03753519
4,99502771479629,-0.04926848,0.0013315806,-0.028495824
10,99502776105722,0.009924173,-0.016449928,0.22578049
4,99502779319472,-0.044208474,0.0,-0.027696876
10,99502786488066,-0.026865244,-0.0047445297,0.23297215
4,99502791306191,0.013848438,0.004261058,-0.03222425
10,99502794997597,-0.20797849,-0.11733818,0.39422178
4,99502798383899,0.08548747,0.0013315806,-0.03089267
10,99502806257024,-0.25652695,-0.12241268,0.37420607
4,99502811059212,0.1257012,-0.011185277,-0.029294772
10,99502815815774,-0.28817677,-0.07281542,0.28552485
4,99502819060149,0.13182648,0.0039947415,-0.036751624
10,99502826045566,-0.17379141,0.12428856,0.35655928
4,99502830821556,0.13608754,0.012250541,-0.040213734
10,99502834542649,-0.17414737,0.25883293,0.15918922
4,99502839353899,0.11744541,0.0031957934,-0.045007423
10,99502844384212,-0.15153146,0.33488226,0.10437012
4,99502848511243,0.08735169,-0.027963191,-0.05139901
10,99502854447962,-0.23013175,0.40526056,0.14480543
4,99502857716087,0.079095885,-0.066312715,-0.05752428
10,99502865592389,-0.20386744,0.3640051,0.13633728
4,99502870394733,0.07403588,-0.10626013,-0.049002163
10,99502874197806,-0.28922033,0.36364937,0.13557243
4,99502877458274,0.09187906,-0.165116,-0.016511599
10,99502885371452,-0.449656,0.23381662,0.22586584
4,99502890199941,0.13954964,-0.170176,0.06338324
10,99502893958691,-0.29160225,-0.14496374,0.6598568
4,99502897225931,0.21092236,-0.06684534,0.21624869
10,99502905196660,-0.21710205,-0.5541892,1.1066084
4,99502910047806,0.23462449,0.16165388,0.46259108
10,99502913817493,-0.38071072,-0.5643463,1.294786
2,99502917073691,-39.0,12.0,23.0
10,99502924978014,-0.9639812,-0.02434349,1.8494496
4,99502929828483,0.15739283,0.34967306,1.0575413
10,99502933617389,-0.60993636,-0.31077814,1.3726797
4,99502938471504,0.18109496,0.26045716,1.0857708
10,99502943374264,0.44983912,-0.9604945,0.2501073
4,99502947425306,0.18322548,0.079095885,0.6985472
10,99502951888431,0.27984345,-1.0754137,1.1359677
4,99502957674733,0.03169162,-0.25166872,0.11611383
10,99502966005774,-0.4272778,-0.8245678,0.9311185
4,99502970774472,-0.22077605,-0.4181163,-0.28655612
10,99502975431243,-0.47483277,-0.80095243,0.9581952
4,99502978634629,-0.41944787,-0.34914044,-0.39095205
10,99502984559993,-0.62477654,-1.1660647,0.08326244
4,99502989361399,-0.4543353,-0.3043993,-0.35286885
10,99502993150358,-0.20719981,-1.0213795,-0.078026295
4,99502996394212,-0.22903186,-0.3390204,-0.4048005
10,99503004113379,0.48463607,0.054157734,-0.46262312
4,99503008878951,0.1488707,-0.3390204,-0.51931643
10,99503013503535,0.23333192,0.966764,-0.5166197
4,99503016711764,0.25513083,-0.2759035,-0.54461646
10,99503023820201,-0.32596278,1.1432939,-0.56075764
4,99503028559889,-0.02609898,-0.267914,-0.5496765
10,99503030667962,-0.19906533,1.6077785,-0.48653555
4,99503037525514,-0.123038046,-0.26365295,-0.56938386
10,99503043914785,-0.16038847,1.1287661,-0.30697107
4,99503048416451,-0.26019084,-0.25300032,-0.56432384
10,99503050532076,-0.36868656,0.36741495,0.08089399
4,99503056902233,-0.2463424,-0.2612561,-0.5227785
10,99503063561035,-0.41134715,0.1869421,0.48089457
4,99503068318639,0.049801115,-0.22423817,-0.35579833
10,99503071975670,-0.37551796,0.40149593,0.59436846
4,99503075244733,0.16804546,-0.19893813,-0.30120352
10,99503083385514,-0.39525974,0.5576706,0.5555754
4,99503088137597,0.3158509,-0.12010857,-0.15446335
10,99503091803326,-0.4404508,1.211288,0.35851336
2,99503095090410,-32.0,12.0,22.0
10,99503103118535,-0.48064435,1.3058181,0.11804581
4,99503107904629,0.1536644,-0.090014845,-0.025033714
10,99503111557181,-0.24011791,1.2693958,-0.32057095
4,99503114834629,0.0958738,-0.072970614,0.0037284256
10,99503122969264,-0.13523984,1.1555328,-0.41640854
4,99503127726556,0.0058589545,-0.007989483,0.07989483
10,99503131398222,-0.08416915,0.7586007,-0.2317748
4,99503135040410,-0.0039947415,0.007989483,0.09986854
10,99503142465306,-0.12666202,0.53677464,-0.14817238
4,99503147238326,-0.034621093,0.020240024,0.12703279
10,99503150883431,-0.23400962,-0.08733177,-0.15325308
4,99503155827129,-0.03195793,0.03355583,0.12436963
10,99503162453639,-0.16835213,-0.15768623,-0.21363068
4,99503167301139,0.036218993,0.104928546,0.124902256
10,99503170922024,-0.07022548,-0.32890224,-0.07287359
4,99503174230774,0.06551377,0.12197278,0.13688648
10,99503182229264,-0.098416805,-0.376019,-0.12719393
4,99503187058222,0.07882957,0.12783173,0.123038046
10,99503190597129,-0.021458387,-0.29384327,-0.18385935
4,99503194614160,0.07163903,0.13156016,0.08681905
10,99503202031451,0.103928566,-0.2228074,-0.039426804
4,99503206822962,0.08149273,0.15286545,-0.0058589545
10,99503210483222,0.055719376,-0.37119246,0.006649494
4,99503213756972,0.04314321,0.18935075,-0.07456851
10,99503221832441,-0.019305468,-0.44189644,0.005782604
4,99503226601347,-0.006924219,0.20639499,-0.11771172
10,99503230244420,-0.032500982,-0.4377861,0.091076374
4,99503235160306,-0.036218993,0.23116238,-0.15526229
10,99503240248743,0.062362075,-0.3801422,0.13207722
4,99503244061451,-0.023702133,0.2727077,-0.19547603
10,99503249801139,0.19021618,-0.21706152,0.19064713
4,99503253265045,0.0010652645,0.3158509,-0.21172132
10,99503261359889,0.17896986,-0.13346577,0.19143915
4,99503266145670,-0.006657903,0.3336941,-0.21252026
10,99503269774108,0.13164937,-0.05786228,0.29401493
2,99503273039733,-33.0,12.0,22.0
10,99503281112181,0.016635418,-0.020947456,0.25283766
4,99503285965514,0.03834952,0.28016454,-0.22663501
10,99503289604264,-0.0384562,-6.122589E-4,0.18906403
4,99503292865722,0.07856325,0.28122982,-0.20053603
10,99503300875722,-0.018786311,0.121356964,0.29957628
4,99503305708639,0.12117383,0.2860235,-0.15233281
10,99503309391295,-0.091342926,0.3442111,0.47055912
4,99503312627389,0.13315806,0.27084348,-0.11451593
10,99503320654524,-0.16640675,0.5102587,0.44821692
4,99503325621608,0.09161274,0.25406557,-0.107858025
10,99503329264628,-0.2673086,0.5180378,0.55909634
4,99503334156712,0.03888215,0.23489082,-0.112918034
10,99503339225410,-0.36192513,0.38501978,0.44427347
4,99503343020253,2.663161E-4,0.21518342,-0.11584751
10,99503348695774,-0.43109024,0.22533464,0.45267963
4,99503352151451,0.008522116,0.19547603,-0.1222391
10,99503360211139,-0.47525227,0.07910919,0.38591003
4,99503365054472,0.035952676,0.18136127,-0.12623383
10,99503368671191,-0.37835228,-0.013119698,0.213655
4,99503371913431,0.049801115,0.18269286,-0.11824436
10,99503379993743,-0.2916615,0.0040307045,0.07931614
4,99503384820826,0.050333746,0.17257284,-0.10892329
10,99503388462233,-0.2534424,0.13037014,0.04500246
4,99503391726660,0.019441076,0.16431704,-0.113983296
10,99503399773378,-0.23778641,0.38829088,0.14733839
4,99503404598691,-0.008788432,0.14247912,-0.12996227
10,99503408212128,-0.3598256,0.40935707,0.029177666
4,99503411448743,-0.022104237,0.12836437,-0.14674018
10,99503419548899,-0.3405571,0.24764204,0.12819529
4,99503424469524,2.663161E-4,0.11957593,-0.13582122
10,99503428097910,-0.34321523,0.14274406,0.2531705
4,99503432986816,0.06338324,0.12623383,-0.11132014
10,99503438064472,-0.29905057,0.30032206,0.4599161
4,99503441893847,0.101999074,0.19520971,-0.06018744
10,99503447583743,-0.23250031,0.30801916,0.55963993
2,99503452410097,-36.0,7.0,22.0
10,99503459154420,-0.2271111,0.28713655,0.6617861
4,99503464022493,-0.1025317,0.5797702,0.19680761
10,99503467623639,-0.26581967,-0.071881294,0.773057
4,99503470868066,-0.18269286,0.700944,0.30120352
10,99503478920097,-0.6355845,-0.6145401,1.2296891
4,99503483753014,-0.31611723,0.87990844,0.6229134
10,99503487393014,-1.1678025,-0.93485165,1.4797864
4,99503490649524,-0.24900557,0.8202536,0.70174295
10,99503498648639,-1.1900055,-0.88199997,0.5595212
4,99503503535097,0.26977822,0.49641323,0.70493877
10,99503507459628,-0.71208286,0.31279993,1.3547349
4,99503510672233,0.52810484,0.35766253,0.58243334
10,99503518439576,-1.1153573,0.26584578,1.4586115
4,99503523354993,0.22184132,-0.14674018,-0.0058589545
10,99503526971660,-1.6504673,0.7140298,1.0425239
4,99503531795045,-0.03568636,-0.27084348,-0.15899073
10,99503536890305,-1.796037,0.92193174,1.10005
4,99503540713066,-0.37151098,-0.38136467,-0.2561961
10,99503546504003,-1.4530262,-0.26074743,0.6849756
4,99503551326608,-0.5001417,-0.4013384,-0.18056233
10,99503557991972,-0.9844848,-0.49615192,0.47881413
4,99503562884941,-0.18961707,-0.47404268,-0.17603496
10,99503566554160,-0.06251633,0.11171055,-0.18426323
4,99503569787024,0.009853696,-0.49801114,-0.20186761
10,99503577770097,-0.11817539,0.35032368,-0.601666
4,99503582619368,0.21331921,-0.5075985,-0.19041602
10,99503586245097,-0.5535383,0.81882143,-0.7048712
4,99503589512441,0.14434333,-0.5339638,-0.15952335
10,99503597555097,-0.6385011,1.1234984,-0.8525219
4,99503602403535,0.1272991,-0.5744439,-0.07243799
10,99503606030618,0.035056353,1.6869593,-0.52022505
4,99503609308691,0.13635385,-0.566987,-0.05752428
10,99503617341868,0.029207349,1.4138508,-0.53908014
4,99503622177337,0.036485307,-0.5629923,-0.014114754
10,99503625805774,-0.06602216,0.9019947,0.22600222
2,99503630584576,-34.0,9.0,22.0
10,99503635733066,-0.14796853,0.6985903,0.40289497
4,99503639716660,0.0127831735,-0.5355617,-0.016511599
10,99503645378014,-0.069144964,0.26455212,0.5781951
4,99503648804368,0.029294772,-0.43569317,-0.014114754
10,99503656933222,0.028251648,0.09907818,0.5825758
4,99503661789889,0.11638014,-0.31265512,0.03781689
10,99503665413378,0.17896676,-0.101861954,0.4037695
4,99503668640982,0.18615496,-0.19627498,0.1470065
10,99503676676555,0.2589476,-0.12477684,0.29738474
4,99503681461868,0.18562233,-0.11105382,0.2559298
10,99503685090982,0.4091463,0.069058895,0.16789722
4,99503688374212,0.14674018,-0.063116916,0.31478566
10,99503696514212,0.37368894,0.2652192,0.030834198
4,99503701359160,0.08069378,-0.033822145,0.34967306
10,99503704988430,0.42061102,0.29265022,-0.05001402
4,99503708209576,0.02263687,-0.0013315806,0.35926044
10,99503716248430,0.44730735,0.1816349,-0.048974037
4,99503721008118,-0.03355583,0.016245283,0.3422162
10,99503724855045,0.3309338,0.17102051,0.16665506
4,99503729609628,-0.04660532,0.00958738,0.30919302
10,99503734710305,0.26311278,0.14353609,0.25814438
4,99503738537753,-0.0034621095,0.0018642128,0.26764768
10,99503742830097,0.16737711,-0.23747492,0.30100965
4,99503742830097,0.018109497,0.0026631611,0.24208134
4,99503748025982,0.03781689,0.0061252704,0.2130529
10,99503755748535,0.04892242,-0.5736151,0.32283735
4,99503759671816,0.08495484,-2.663161E-4,0.16245283
10,99503763813899,-0.14231431,-0.61543036,0.28680182
4,99503768608066,0.14514229,-0.012250541,0.1307612
10,99503775191243,-0.0072954893,-0.45466566,0.05127096
4,99503780466816,0.18615496,-0.02396845,0.10865697
10,99503783582441,0.065487504,-0.16153908,0.0024790764
4,99503787618274,0.18216023,-0.052996907,0.08442221
10,99503795305982,-0.028366208,-0.03579998,0.024165154
4,99503800066035,0.13156016,-0.10013486,0.05912218
10,99503803818170,-0.013189912,0.017136097,0.023602009
2,99503807097910,-33.0,15.0,23.0
10,99503815080774,0.09568918,0.090554714,-0.00848484
4,99503819842285,0.083090626,-0.13502227,0.012250541
10,99503823662232,0.15608227,0.09926987,0.040952682
4,99503828402232,0.087884314,-0.109988555,0.02396845
10,99503833527337,0.33045137,0.093263626,-0.041855812
4,99503837701191,0.077231675,-0.057257965,0.046339005
10,99503840906243,0.44776416,0.33268452,-0.094528675
4,99503848012337,0.08042747,0.022104237,0.09081379
10,99503855986451,0.4510063,0.59325695,-0.01791954
4,99503860836087,0.0793622,0.12996227,0.17044231
10,99503864574264,0.46630144,0.5861378,-0.026524067
4,99503867813535,0.060453758,0.27031085,0.2444782
10,99503874468951,0.6075331,0.7174778,0.24158955
4,99503879386087,0.01917476,0.50360376,0.396811
10,99503883177024,0.3910401,-0.06090641,0.53818893
4,99503886387128,-0.12676647,0.7768441,0.7102651
10,99503894226034,-0.40055764,-1.0412846,0.98952055
4,99503898994941,-0.1949434,0.948618,1.0381002
10,99503901110566,-1.1762822,-1.5201283,1.6263776
4,99503907472545,-0.14114754,0.9720538,1.1640677
10,99503913859003,-1.1139756,-1.7423425,1.2716913
4,99503918645149,0.15819177,0.8974853,1.3102753
10,99503922342962,-1.0040258,-0.43336964,-0.39369822
4,99503927122857,0.31957933,0.75394094,1.1672635
10,99503932203847,-0.8132045,0.71698284,0.6008339
4,99503936303482,0.81466097,0.3270362,0.4530037
10,99503942219784,-3.3439634,-1.6799469,0.15140009
4,99503945489993,-0.1403486,-0.262854,-0.283893
10,99503953429264,-3.6898105,-1.3438425,-0.100001335
4,99503958191503,-1.1030813,-0.64821345,-0.65913236
10,99503962811451,-1.8962615,-1.4664869,1.1035042
4,99503966017076,-1.0317086,-0.63889235,-0.6527408
10,99503973170774,-0.52225715,-3.411777,0.59078455
4,99503977956347,-0.29321405,-0.6498113,-0.58030283
10,99503982587284,0.48622262,-2.6274834,-0.042365074
2,99503985822857,-33.0,17.0,27.0
10,99503992904264,0.150038,-0.22652912,-0.8542161
4,99503997650357,0.6940198,-0.5299691,-0.53502905
10,99504002281659,-0.25696015,1.5440421,-2.0980835
4,99504005484055,0.5371596,-0.4822985,-0.52331114
10,99504012684993,-0.25265002,2.203477,-2.513712
4,99504017547805,-0.283893,-0.38242993,-0.56459016
10,99504022173951,0.24425888,2.439829,-1.6297894
4,99504026937024,-0.4428837,-0.35633096,-0.59202075
10,99504031812493,0.09246707,1.7030087,-1.1043296
4,99504035717284,-0.5563344,-0.30972564,-0.61199445
10,99504039983795,-0.3527745,0.24972773,-0.22619772
4,99504045897701,-0.36964676,-0.25166872,-0.58056915
10,99504051688587,-0.5484265,-0.35397387,0.2861414
4,99504056460722,-0.022903185,-0.15126756,-0.49161956
10,99504060849941,-0.5960175,-0.123464584,0.38694668
4,99504064232909,0.24341293,-0.058589544,-0.37630466
10,99504072085878,-0.63242316,0.4717536,-0.035443306
4,99504076861347,0.2958772,-0.01438107,-0.27190876
10,99504080579628,-0.55896163,1.4046202,-0.2778163
4,99504084556712,0.17470337,-0.013315806,-0.20213392
10,99504092158691,-0.54822135,1.6103988,-0.39002848
4,99504096977545,-0.0061252704,-0.027164243,-0.18801917
10,99504100766191,-0.5798032,1.5944405,-0.20311165
4,99504104733378,-0.17097494,-0.07669904,-0.19787288
10,99504112150357,-0.64440036,1.4157152,-0.1272006
4,99504116596399,-0.28895298,-0.12783173,-0.20746025
10,99504119937649,-0.6861695,0.8677716,0.3171835
4,99504124417336,-0.3206446,-0.19121496,-0.21145499
10,99504129932128,-0.63932025,0.74337435,0.39032745
4,99504134052180,-0.25566345,-0.2130529,-0.21172132
10,99504138873170,-0.35029078,0.24343252,0.6284094
4,99504143558066,-0.19734024,-0.19734024,-0.19574234
10,99504150004889,-0.37321222,-0.058979034,0.7605815
4,99504155006295,-0.11664646,-0.18295917,-0.13821806
10,99504159606764,-0.43445337,-0.112158775,0.8714595
2,99504163044420,-31.0,13.0,23.0
10,99504169843014,-0.4454409,-0.07168579,0.7790413
4,99504174729784,0.020506341,-0.1882855,-0.011185277
10,99504179360253,-0.16921604,0.0150818825,0.57595015
4,99504182789055,0.06524745,-0.17550232,0.009321064
10,99504190669680,0.008980513,0.17748451,0.3176489
4,99504195603014,0.06018744,-0.16165388,0.015180019
10,99504200187232,0.037110806,0.5157871,0.0582242
4,99504203406972,0.023169503,-0.1486044,0.00958738
11,99504209365618,-0.328049,0.038032,-0.420307,0.84515,3.0
4,99504213284472,-0.058589544,-0.1272991,-0.002130529
10,99504217897909,0.23535419,0.65448046,-0.08060455
4,99504223807857,-0.13635385,-0.120907515,-0.025566347
10,99504229157441,0.17724872,0.51304626,-0.02094984
4,99504233330618,-0.16112125,-0.12756541,-0.051931642
10,99504239061972,0.037605047,0.35337496,0.058046818
4,99504242289003,-0.12809806,-0.1454086,-0.06018744
10,99504249027336,0.079933405,0.17573786,0.11770582
4,99504254281399,-0.05273059,-0.14247912,-0.050333746
10,99504258850409,0.117902756,0.23397446,0.33560467
4,99504262081034,0.10439592,-0.14647387,-0.03089267
10,99504268770618,0.36703515,0.32886076,0.38277388
4,99504273640618,0.21784659,-0.083889574,-0.0055926386
10,99504277300878,0.5555968,0.20804596,0.5339632
4,99504282819732,0.2412824,0.052996907,0.04234426
10,99504289572336,0.5264554,0.20043373,1.0090547
4,99504294487232,0.24074976,0.2695119,0.15819177
10,99504299073118,0.50117064,0.029707432,1.0489655
4,99504302308014,0.12357068,0.5928197,0.3898868
10,99504309361816,0.43472433,-0.20348263,1.2267442
4,99504314245149,-0.025300032,0.92092115,0.7281082
10,99504318865045,0.19265509,-0.3425932,1.5347056
4,99504322481503,-0.09054748,1.0663297,1.0386329
10,99504327878847,0.25195384,-0.30513906,1.3289104
4,99504332037545,-0.008788432,1.0162623,1.1563445
10,99504336864941,0.3999554,-0.40615654,0.22812605
2,99504341398430,-36.0,14.0,22.0
10,99504348938482,0.16807497,-0.044883728,0.6221533
4,99504353865930,0.4135889,0.43409526,0.5371596
10,99504357512493,-0.83375734,-1.743217,2.2015543
4,99504360756451,0.22849922,0.17230652,0.2479403
10,99504368836295,-1.3718578,-2.3753505,2.0259519
4,99504373758066,-0.4908206,-0.42077947,-0.44900897
10,99504378385409,-0.50781596,-1.7934217,2.301928
4,99504381627597,-0.39494678,-0.45034054,-0.5387575
10,99504388438691,-0.38617253,-2.5096488,2.049449
4,99504392686399,-0.07057377,-0.48522797,-0.44022053
10,99504396275513,0.29077017,-2.3021135,0.8712034
4,99504400647961,0.13768543,-0.52331114,-0.4181163
10,99504408260930,0.6790974,-1.6731715,0.2769451
4,99504413351816,0.63409865,-0.5294364,-0.5049353
10,99504417142961,0.63261795,0.49860954,-1.449161
4,99504420918586,0.62744075,-0.48948902,-0.5342301
10,99504426622128,0.49029982,0.92926455,-1.7396979
4,99504431144576,0.31664985,-0.44927529,-0.5946839
10,99504436310149,0.54475176,1.4972138,-2.084546
4,99504440046399,-0.1025317,-0.4146542,-0.64741445
10,99504447792388,0.797266,1.1967506,-1.4082499
4,99504452766816,-0.25699505,-0.29321405,-0.7323693
10,99504456379211,0.44542432,-0.1698947,-0.17626381
4,99504459671972,-0.20240025,-0.2428803,-0.7368967
10,99504466482388,0.20047927,-0.38857412,0.1036849
4,99504470631763,0.009054748,-0.1304949,-0.67963874
10,99504476224263,-0.037035942,-0.4552803,0.10247898
4,99504479489680,0.22397186,-0.0034621095,-0.5536712
10,99504487353691,-0.07422757,-0.13342285,-0.10957861
4,99504491374784,0.33449304,0.1107875,-0.43329632
10,99504494635097,0.03063178,0.5468521,-0.44653416
4,99504501213013,0.32490566,0.18109496,-0.35579833
10,99504507528326,0.06962776,0.69814396,-0.5780077
4,99504511470826,0.23222765,0.22743396,-0.30386668
10,99504515101295,-0.10007715,1.2064719,-0.6652298
2,99504519749732,-29.0,12.0,22.0
10,99504526498378,-0.135468,1.2831721,-0.6828275
4,99504531604003,0.026897928,0.28522456,-0.22903186
10,99504536227024,-0.11885834,1.29667,-0.61814785
4,99504539469993,-0.045007423,0.31265512,-0.22210763
10,99504545577649,-0.30052543,1.0706897,-0.35358858
4,99504549696347,-0.092944324,0.32037827,-0.1933455
10,99504555291920,-0.48007476,0.65758085,0.18574047
4,99504558566607,-0.053263225,0.30200246,-0.14354439
10,99504566439263,-0.61809504,0.11433315,0.44345427
4,99504570504107,0.047137953,0.28655612,-0.0974717
10,99504575321399,-0.7081573,-0.24620485,0.5163832
4,99504578569159,0.16085494,0.28655612,-0.06364955
10,99504586256138,-0.8247987,-0.14645052,0.41486263
4,99504590314940,0.23462449,0.29534456,-0.03195793
10,99504595010878,-0.79904735,0.24862719,0.4236517
4,99504598241347,0.22690132,0.28868666,-0.015446335
10,99504604894055,-0.7292471,0.5794506,0.3439932
4,99504608994784,0.108124346,0.24501082,-0.03701794
10,99504614816868,-0.7596594,0.43118715,0.23313904
4,99504619637284,-0.07163903,0.18322548,-0.072171666
10,99504624552024,-0.76985943,0.30401897,0.4695773
4,99504628487180,-0.1486044,0.14274544,-0.09827065
10,99504633576034,-0.71484077,0.16912651,0.6047864
4,99504638351920,-0.14434333,0.13342437,-0.08841695
10,99504645536451,-0.6688094,0.06733179,0.5767579
4,99504649787076,-0.11584751,0.13981596,-0.054328486
10,99504654301868,-0.6481097,0.107824326,0.6480875
4,99504658290305,-0.1073254,0.12863068,-0.035153728
10,99504665476399,-0.4886583,0.30001116,0.30722952
4,99504670296399,-0.13102753,0.111852765,-0.041545313
4,99504675296399,-0.2396845,0.1025317,-0.010120012
4,99504689407232,-0.25646242,0.10972224,0.002396845
4,99504686106607,-0.25646242,0.10972224,0.002396845
10,99504694410461,-0.27163923,0.32984495,0.49643087
2,99504698251868,-30.0,2.0,25.0
10,99504700941555,-0.25727117,-0.3046255,0.47009277
4,99504706911607,-0.007456851,0.14594123,0.01571265
4,99504716287388,-0.007456851,0.14594123,0.01571265
4,99504720231607,0.16911073,0.19068234,0.066046394
10,99504724651190,-0.24249983,-0.3606186,0.42122698
4,99504729391972,0.25086978,0.22690132,0.08681905
10,99504734509315,1.9311905E-4,0.97719574,-0.06087303
4,99504739035253,0.18002969,0.23915187,0.058056913
10,99504741129888,0.13425744,1.2405457,-0.5445061
4,99504741129888,0.18002969,0.23915187,0.058056913
4,99504746784628,0.08948222,0.24607609,0.035153728
4,99504755854628,-0.010120012,0.24527714,0.015978966
4,99504759920774,-0.15419704,0.2396845,0.01571265
10,99504764327961,0.10360551,1.2138801,-0.3843565
4,99504767575617,-0.17763285,0.25699505,0.05885586
10,99504771672128,-0.14299715,0.011991024,0.5948725
4,99504778228013,-0.08655274,0.38269624,0.16005598
10,99504782743222,-0.06863022,-0.5816326,1.0749559
4,99504786023638,-0.01784318,0.509729,0.24474451
10,99504793586451,0.013429046,-0.59048796,1.2680936
4,99504798348638,0.19867182,0.99762017,0.6492787
10,99504801858690,-0.24232292,-0.33501005,1.2797022
4,99504806112440,0.25007084,1.1193266,0.8293084
10,99504813064420,-0.3854972,-0.49747086,1.0739942
4,99504817912857,0.26418558,1.1992215,1.2913668
10,99504821608795,-0.49148178,-0.94519186,0.6087513
4,99504826395461,0.26658243,1.1592741,1.35475
10,99504832044888,-0.23961282,-0.9801712,0.5164466
4,99504837083586,0.34461305,0.9781791,1.2716595
10,99504841771034,-1.6065569,0.07667637,2.3316412
4,99504846567388,0.7350325,0.5318333,0.68150294
10,99504853244836,-2.443591,-0.91673374,2.431385
4,99504853244836,0.6317018,0.24181503,0.2647182
4,99504857511867,-0.30040458,-0.25193503,-0.2775014
10,99504860784003,-4.316906,-2.6174374,3.0708218
4,99504868517753,-0.6013418,-0.5406217,-0.27084348
10,99504874764107,-4.3517814,-2.5206947,3.1412048
2,99504878614315,-35.0,-1.0,32.0
11,99504880618117,-0.278151,0.116512,-0.523971,0.796562,3.0
4,99504884898013,0.535828,-0.64794713,-0.20959078
10,99504891406190,-1.2553014,-6.3249316,1.2965975
4,99504895517545,1.4378407,-0.5454154,-0.31851408
10,99504900050461,-0.87464917,-3.645845,-0.6118245
4,99504900050461,1.7459685,-0.4878911,-0.36618465
4,99504904689003,1.8759307,-0.43782368,-0.4032026
10,99504911159420,-0.6305,0.14855003,-2.6550136
4,99504915755565,1.5275892,-0.381631,-0.5299691
10,99504920118795,-0.037634492,3.4764173,-3.5691094
4,99504926334263,0.5834986,-0.34807515,-0.82877576
10,99504931189680,0.43891883,4.717404,-4.931719
4,99504935118847,-0.74115777,-0.3057309,-1.1616709
10,99504941018638,-0.08154583,3.995316,-4.210586
4,99504944309420,-1.568602,-0.28016454,-1.1952267
10,99504952131607,-1.1331385,2.3238235,-2.412003
4,99504956911555,-1.5342472,-0.33103094,-1.0689929
10,99504961508222,-1.575613,0.043369293,-1.0090079
4,99504964728326,-1.0628676,-0.35766253,-0.9286443
10,99504971942701,-1.7095374,-0.92044973,-0.14793205
4,99504976876972,-0.38615838,-0.34301516,-0.8165252
10,99504981497024,-2.0069768,-0.013410568,0.30587626
4,99504984716763,0.20532973,-0.30173615,-0.6777745
10,99504991722544,-1.5938895,1.3582969,-0.10579777
4,99504995654784,0.38056573,-0.2394182,-0.5227785
10,99505000345722,-0.95734763,2.71957,-0.627614
4,99505003612701,0.21571605,-0.17763285,-0.40080574
10,99505011437492,-0.5930269,3.5488784,-0.87476826
4,99505016267284,-0.1438107,-0.14114754,-0.26391926
10,99505020882961,-0.5203576,3.5582168,-0.7847643
4,99505025768534,-0.4956143,-0.13528858,-0.1107875
10,99505030678638,-0.41711426,3.1724603,-0.51900625
4,99505034478274,-0.6812366,-0.16937704,0.0034621095
10,99505039580461,-0.2289362,2.6266387,-0.47477055
4,99505044476347,-0.7097325,-0.17710021,0.058589544
10,99505051045461,0.041326642,2.008782,-0.40484476
2,99505055954524,-25.0,-1.0,19.0
10,99505060169784,0.055524588,1.4640975,-0.20782328
4,99505063411347,-0.53742594,-0.18295917,0.23702134
10,99505070790044,0.1655302,1.019731,0.03285837
4,99505075673326,-0.42370895,-0.20106867,0.3075951
10,99505080282128,0.31838608,0.8884182,0.14579678
4,99505083513274,-0.34328148,-0.19627498,0.33475935
10,99505090583169,0.3836671,0.92115116,-0.0567317
4,99505095417597,-0.32863408,-0.19068234,0.3717773
10,99505099071711,0.3774569,0.8917413,0.07617664
4,99505102447180,-0.3502057,-0.19387813,0.41758367
10,99505110354524,0.50495005,0.7498169,0.22961426
4,99505115185357,-0.37470677,-0.19920446,0.43995422
10,99505119793742,0.590742,0.036706448,0.33205318
4,99505124613534,-0.45034054,-0.17124127,0.46232477
10,99505129503222,0.5568892,-0.85703325,0.85877466
4,99505133326399,-0.4825648,-0.16724652,0.4577974
10,99505138298899,0.22450149,-1.3595057,1.2044625
4,99505143172232,-0.3720436,-0.1818939,0.40746364
10,99505149880357,0.1246531,-1.5721922,1.0592108
4,99505154791034,-0.2016013,-0.1520665,0.34408042
10,99505159396763,0.3125,-1.5751204,0.7164879
4,99505162629472,-0.07803062,-0.076166406,0.28362668
10,99505169701607,0.53107274,-1.4231167,0.6348896
4,99505174542128,-0.025033714,-0.03914847,0.20985709
10,99505179151503,0.54089725,-1.1435046,0.76453114
4,99505182371399,-0.06098639,-0.07350325,0.12144015
10,99505189469315,0.47310245,-0.9781604,0.75546074
4,99505194342284,-0.165116,-0.1403486,0.03435478
10,99505198965044,0.2702322,-0.8511996,0.75932884
4,99505202203742,-0.25752768,-0.2016013,-0.029827405
10,99505209228169,0.13587725,-0.63032913,0.6856961
4,99505214147076,-0.2905509,-0.23728766,-0.07084008
10,99505218730669,0.0870868,-0.3042612,0.9271488
4,99505223569055,-0.27723506,-0.29481193,-0.094009586
10,99505228481607,-0.07555652,-0.22916555,1.1083541
2,99505232312753,-37.0,4.0,15.0
10,99505236212753,-0.029567719,-0.24593496,1.1812577
4,99505242340878,-0.20932446,-0.41039312,-0.112918034
10,99505248822388,0.040538788,-0.22262621,1.2639866
4,99505253749888,-0.1123854,-0.464189,-0.14247912
10,99505258361659,0.118733406,-0.21439934,1.3915691
4,99505261595669,-0.08735169,-0.45886266,-0.1438107
10,99505268544940,0.14959574,-0.25786018,1.4252644
4,99505273430721,-0.06338324,-0.38748994,-0.11025487
10,99505278051399,0.24166155,-0.14160776,1.2516584
4,99505281356659,-0.053263225,-0.3470099,-0.0892159
10,99505288351242,0.41649866,0.067304134,0.9896622
4,99505293191346,-0.021038974,-0.21997711,0.02130529
10,99505297801555,0.61201096,0.223176,0.82782936
4,99505301042909,-0.01438107,-0.17949706,0.06258429
10,99505308128326,0.6286659,0.27888298,0.7470422
4,99505312954940,0.002130529,-0.09614012,0.12650016
10,99505317548169,0.5157275,0.6409683,0.42229366
4,99505322357284,0.00479369,-0.08522116,0.13502227
10,99505327282753,0.4518602,0.73505783,0.30486202
4,99505331083534,-0.0055926386,-0.05352954,0.14274544
10,99505336649003,0.38899922,0.7805662,0.21408701
4,99505339878221,-0.035952676,-0.01917476,0.14327806
10,99505347669576,0.27236438,0.65738535,0.14429235
4,99505352818430,-0.06258429,-0.00479369,0.14674018
10,99505356494836,0.024012327,0.40800714,0.13850355
4,99505359733221,-0.06578008,-0.009054748,0.15073492
10,99505367472753,-0.03924179,0.40004873,0.120215416
4,99505372304263,-0.02876214,-0.011451593,0.1555286
10,99505376059836,-0.17811179,0.4800334,0.09679222
4,99505379297440,0.01571265,-0.0077231675,0.16378441
10,99505387257805,-0.21195102,0.46418047,0.15934992
4,99505392098899,0.055127434,-0.016777916,0.16751283
10,99505395729940,-0.22950697,0.10729694,0.32655764
4,99505399121242,0.08442221,-0.022370555,0.15526229
10,99505406999940,-0.26558375,-0.37428045,0.46469116
2,99505411830826,-36.0,7.0,17.0
10,99505416069680,-0.40049255,-0.5071058,0.39218712
10,99505425391867,-0.35037196,-0.36821604,0.1473155
864,3.0
4,99505429773326,0.19707392,0.0,0.1355549
10,99505435200253,-0.15690017,-0.20675325,-0.06741762
4,99505439927440,0.17070863,0.036485307,0.112119086
10,99505446318742,-0.025356054,-0.046639442,-0.13054848
4,99505450900669,0.11158645,0.043675844,0.0743022
10,99505455232961,-0.11292982,0.0049414635,-0.16377354
4,99505458454263,0.03488741,0.03169162,0.04314321
10,99505466115513,-0.1763444,-0.0501523,-0.095915794
4,99505470764992,-0.01571265,0.02396845,0.033822145
10,99505474372648,-0.12093496,-0.22615004,-0.15421772
4,99505479143742,-0.016511599,0.03781689,0.04474111
10,99505485881503,-0.052230358,-0.3313675,-0.11557245
4,99505490525930,0.046072688,0.063116916,0.0628506
10,99505494121815,0.121019125,-0.21066236,0.0013608932
4,99505498784315,0.12543489,0.09454222,0.07829694
10,99505505665044,0.1614387,-0.12859058,-0.04965067
4,99505510268951,0.13662016,0.13688648,0.09454222
10,99505513808690,0.030206442,0.0042438507,-0.0012936592
4,99505519150513,0.099069595,0.15659387,0.11371698
10,99505524267336,-0.13401508,0.08541107,-0.14495897
4,99505528749159,0.049801115,0.17896444,0.12676647
10,99505532247128,-0.15316796,0.12133169,0.037001133
4,99505538732440,0.03435478,0.18429075,0.13475595
10,99505546660617,-0.16315079,0.13742733,-0.04009199
4,99505551416711,0.061252706,0.18455707,0.13129385
10,99505555878378,-0.0033078194,0.09057474,-0.12058878
4,99505558958013,0.06897587,0.1898834,0.11851067
10,99505564995930,0.07435894,0.14769411,-0.082196236
4,99505569587544,0.07749799,0.17789917,0.1073254
10,99505571562961,-0.019023895,0.2147317,0.07582474
4,99505571562961,0.07749799,0.17789917,0.1073254
4,99505578275096,0.072171666,0.15259913,0.101999074
10,99505586225461,-0.0024318695,0.23431396,0.074000835
2,99505590842701,-38.0,8.0,18.0
10,99505594954732,-0.06839442,0.11522436,0.1337223
4,99505598043690,0.038615838,0.120907515,0.06684534
10,99505604523378,-0.13868272,0.0421772,0.1968131
4,99505609124784,0.043675844,0.12436963,0.056991648
10,99505611117701,0.0049831867,-0.058377266,0.2207532
4,99505611117701,0.043675844,0.12436963,0.056991648
4,99505617907440,0.045540057,0.1419465,0.056459017
10,99505624584940,0.11271393,-0.1942339,0.33207226
4,99505628466346,0.02956109,0.20106867,0.0892159
10,99505630442440,0.055254817,-0.25647926,0.3632002
4,99505637932700,0.018109497,0.21598236,0.10333065
10,99505644514575,0.12942207,-0.43418837,0.34767962
4,99505649378690,-0.006924219,0.26498455,0.119043306
10,99505653103169,0.29629838,-0.5273919,0.41082287
4,99505656360930,-0.0013315806,0.28522456,0.11504856
10,99505664379367,0.36983025,-0.52493286,0.43022203
4,99505669163221,0.037550572,0.3392867,0.090281166
10,99505672948742,0.31270874,-0.45764732,0.49019146
4,99505676196086,0.054062173,0.34647727,0.06870956
10,99505684109836,0.40079916,-0.45078325,0.46913433
4,99505688972180,0.09853696,0.3965447,-0.027164243
10,99505692636763,0.7053422,-0.74107504,0.24109888
4,99505695884159,0.095074855,0.4293016,-0.05752428
10,99505703906034,0.79544747,-0.8763552,0.28352642
4,99505708689575,0.15100123,0.5318333,-0.119043306
10,99505712377232,0.74204624,-1.0824251,0.60447454
4,99505717162753,0.20932446,0.54914385,-0.13795175
10,99505722320357,0.7470162,-1.227313,0.6256814
4,99505726175617,0.3406183,0.5944176,-0.19520971
10,99505731886242,0.89256084,-1.6009078,0.57599115
4,99505736657544,0.46871635,0.6940198,-0.29214877
10,99505743432023,1.0456547,-1.8124084,0.62384033
4,99505748261919,0.6812366,0.8615326,-0.4282363
10,99505751972648,0.6845645,-1.4850006,0.5948343
4,99505755198950,0.7880294,0.8873653,-0.46365637
10,99505763209732,0.65516555,-1.2985516,0.51735926
2,99505768157909,-40.0,2.0,20.0
10,99505772390669,0.49485934,-0.59034157,0.13678694
4,99505775631711,1.1270498,0.9600696,-0.59122175
10,99505782953013,0.38352454,-0.2787814,0.033359528
4,99505787731086,1.1598067,0.9691243,-0.6713829
10,99505791382909,-0.09633243,0.59269524,0.17399645
4,99505794645148,1.077515,0.94595486,-0.70467246
10,99505802731503,-0.25984502,0.7315841,0.22350502
4,99505807510096,0.90707266,0.89162636,-0.6897587
10,99505811184211,-0.68326753,1.2504187,0.55855083
4,99505816146138,0.72251564,0.83010733,-0.64794713
10,99505821224211,-0.7032366,1.2589507,0.4545126
4,99505825116607,0.56672066,0.77577883,-0.59628177
10,99505830773482,-0.6292009,1.1934323,0.4115429
4,99505834218378,0.4593953,0.7355651,-0.53316486
10,99505842340148,-0.4084388,1.036375,0.4199524
4,99505847083065,0.42211103,0.6849651,-0.46152583
10,99505850734992,-0.31769574,0.8649707,0.2635641
4,99505854041919,0.42583945,0.6173208,-0.38269624
10,99505862076346,-0.37555534,0.7005868,0.34611225
4,99505866880096,0.45460162,0.53742594,-0.31318775
10,99505870524419,-0.70784384,0.49823618,0.36218357
4,99505873788794,0.46978164,0.42690474,-0.27856666
10,99505881882700,-1.0551767,0.45606613,0.27851295
4,99505886705877,0.46898267,0.30333406,-0.28895298
10,99505890353221,-1.1126201,0.40241575,0.15384102
4,99505893608169,0.45726478,0.22077605,-0.32144356
10,99505901630930,-0.9268694,0.1279664,0.20450974
4,99505906449836,0.39121836,0.1520665,-0.35153726
10,99505910091242,-0.8445759,-0.10817051,0.38378906
4,99505914982492,0.30706248,0.08655274,-0.381631
10,99505920107492,-0.8790654,-0.21987057,0.41980076
4,99505923934680,0.22530343,0.043409526,-0.39068574
10,99505929653846,-0.83977747,-0.24767256,0.30275726
4,99505933107857,0.16484967,0.022104237,-0.38376153
10,99505941159002,-0.6702133,-0.10696602,0.06023407
2,99505945990148,-33.0,-10.0,25.0
10,99505950185721,-0.49047828,-0.010118961,-0.14514542
4,99505953422180,0.16884442,0.033023197,-0.3520699
10,99505960930930,-0.40838075,0.12856436,-0.2698412
4,99505965807961,0.14966966,0.08522116,-0.29880667
10,99505969517909,-0.50183356,0.2565446,-0.361207
4,99505972751138,0.118776985,0.21252026,-0.19094865
10,99505980721294,-0.4528461,0.36773682,-0.2807989
4,99505985573169,0.071106404,0.35420042,-0.060720075
10,99505989235930,-0.38163054,0.79349566,0.11843872
4,99505992487388,0.06657903,0.4577974,0.09427591
10,99506000491659,-0.4864735,0.8445349,-0.12444496
4,99506005424367,0.06977482,0.535828,0.2724414
10,99506009071867,-0.37374246,0.75237036,-0.11126232
4,99506013915409,0.07962852,0.633566,0.49614692
10,99506019054680,-0.60491145,0.61575127,0.11344051
4,99506022880044,0.08655274,0.7187872,0.80587256
10,99506028520773,-1.6858253,0.46034002,0.42536354
4,99506031992023,0.09161274,0.7318367,0.97897804
10,99506040076034,-2.5791428,1.1123719,0.08643055
4,99506045015617,0.2231729,0.5020059,0.9787117
10,99506048654888,-2.589352,1.4130962,0.8253393
4,99506051901294,0.2396845,0.3121225,0.6609966
10,99506059884315,-3.5223353,0.114467144,0.7424412
4,99506064790930,-0.65380603,-0.22796659,-0.17044231
10,99506069205617,-4.1839814,0.3944626,0.6586561
4,99506072453169,-0.90494215,-0.35766253,-0.26551718
10,99506079662440,-3.1637497,-0.017935276,0.7237406
4,99506084497648,-0.9169264,-0.4181163,-0.2862898
10,99506088203325,-1.9459593,-0.6510496,0.21439075
4,99506091449523,-0.8498147,-0.47351006,-0.31824777
10,99506098281346,-1.7806218,-0.50291586,-0.01557827
4,99506102472336,-0.3853594,-0.6846987,-0.35952675
10,99506106555252,-2.0072725,0.2163744,0.17586803
4,99506111632596,-0.27457193,-0.7486146,-0.3584615
10,99506117737700,-2.1826541,0.5280962,0.12623692
2,99506122323794,-25.0,-13.0,28.0
10,99506126376398,-1.5188038,2.1607168,-0.5673957
4,99506131893482,-0.26019084,-0.9720538,-0.28469193
10,99506138684836,-1.5414305,2.2840521,-0.83732224
4,99506143404784,-0.5360943,-0.9787117,-0.09773801
10,99506146908377,-1.3864992,2.2510092,-0.4582796
4,99506151493482,-0.56938386,-1.005077,-0.046871636
10,99506158464263,-1.2256317,2.0496063,-0.10155773
4,99506163120721,-0.5044027,-1.0436928,0.05219796
10,99506166589523,-0.87962556,0.8222704,0.2544613
4,99506171312023,-0.45992792,-1.0239855,0.09827065
10,99506178220044,-0.9860692,0.6716304,0.30982113
4,99506182902544,-0.3139867,-0.9387643,0.24181503
10,99506186378950,-0.9381978,0.57338095,0.23286438
4,99506190991294,-0.16165388,-0.8362326,0.4165184
10,99506198020044,-0.78876996,0.60096455,0.046108246
4,99506202609523,-0.09321064,-0.7355651,0.54275227
10,99506206095304,0.06257737,0.9079819,-0.49557686
4,99506210703690,-0.07643273,-0.64847976,0.58083546
10,99506216638221,0.2673844,0.92742443,-0.71815586
4,99506221114315,-0.12836437,-0.55287224,0.58749336
10,99506226094732,0.55306816,0.853271,-0.9637327
4,99506230669159,-0.22663501,-0.46951532,0.5928197
10,99506237598117,0.62406504,0.64029455,-1.0081863
4,99506242220044,-0.31292143,-0.39920786,0.59361863
10,99506246543273,0.5039028,0.15293455,-0.8148389
4,99506249625461,-0.37230992,-0.34594464,0.5917544
10,99506257360982,0.41999722,-0.53668356,-0.5798855
4,99506261966711,-0.37630466,-0.252734,0.55793226
10,99506265447961,0.5843357,-1.0452976,-0.20510912
4,99506270018482,-0.30599722,-0.13528858,0.500408
10,99506277129471,0.5601202,-1.3056297,0.05558586
4,99506281715617,-0.16831179,-0.04181163,0.47351006
10,99506285257075,0.5500469,-1.2813683,0.06801891
4,99506289885356,-0.030360037,0.01784318,0.44847634
10,99506296952544,0.6983719,-1.1168752,-0.22590494
2,99506300755617,-29.0,-4.0,27.0
10,99506303995044,0.88655806,-0.982532,-0.3346634
4,99506310955825,0.050600063,0.095074855,0.3291667
10,99506316235252,0.9471786,-0.8164849,-0.118097305
4,99506320041971,0.06258429,0.11025487,0.26312032
10,99506325389054,0.8509581,-0.673069,0.15621567
4,99506328677492,0.06844324,0.11132014,0.20106867
10,99506336783013,0.74053,-0.61164474,0.29407692
4,99506341541919,0.03701794,0.11797804,0.1438107
10,99506345171034,0.6306819,-0.7220297,0.29063225
4,99506348431502,-0.01571265,0.11984225,0.08362326
10,99506356502856,0.5795455,-0.68036985,0.33891773
4,99506361323638,-0.012250541,0.11025487,0.027963191
10,99506365026502,0.6112541,-0.66917753,0.51829433
4,99506368266034,0.011185277,0.09427591,-0.0010652645
10,99506376273221,0.56448686,-0.64001036,0.6213455
4,99506381078742,0.03488741,0.07989483,-0.018908445
10,99506384876398,0.4703678,-0.52503777,0.72283363
4,99506388122856,0.046072688,0.055926383,-0.054062173
10,99506396047336,0.47246277,-0.4005642,0.7611542
4,99506400885773,0.042077947,0.041545313,-0.09347696
10,99506404604731,0.51920736,-0.26700544,0.8021097
4,99506409362961,0.032490566,0.035952676,-0.119043306
10,99506414443690,0.5473306,-0.16486359,0.80490017
4,99506418352544,0.04873585,0.03089267,-0.12596752
10,99506422852856,0.5712694,-0.13134766,0.64687824
4,99506428643169,0.055127434,0.03089267,-0.12197278
10,99506436886190,0.6570662,0.07088041,0.48502064
4,99506441686763,0.06657903,0.05139901,-0.13102753
10,99506445339159,0.64531386,0.06047821,0.48013496
4,99506448561867,0.07803062,0.063116916,-0.13795175
10,99506455375304,0.71361506,0.34656906,0.45806885
4,99506460204106,0.07962852,0.06764429,-0.14247912
10,99506462312492,0.6058644,0.36572695,0.30963612
4,99506468730148,0.084155895,0.076166406,-0.14114754
10,99506476441086,0.57620656,0.23586607,0.33310795
2,99506481221138,-35.0,-2.0,25.0
10,99506485504575,0.5866302,0.22054863,0.32101727
4,99506488752961,0.16831179,0.35739622,0.025566347
10,99506493611919,0.41424775,0.26603842,0.9435091
4,99506498458273,0.13635385,0.5499428,0.15472966
10,99506503083429,0.27509093,0.4187069,0.936079
4,99506507842179,0.090014845,0.65859973,0.24021713
10,99506513095461,0.20186317,0.41906786,0.9809294
4,99506518642075,0.00958738,0.813862,0.4809669
10,99506522338013,-0.6328313,-0.30657578,1.191515
4,99506527189106,0.035952676,0.8231831,0.8002799
10,99506534321398,-0.68463206,-0.7086859,0.94155693
4,99506539074211,0.17283916,0.6785734,1.1291803
10,99506542773065,-0.6224329,0.30368185,-0.2636075
4,99506546212544,0.34434673,0.5904228,1.0434265
10,99506553036190,-0.7739974,1.0632181,0.3102665
4,99506557857856,0.69295454,0.30200246,0.515588
10,99506562470721,-2.4149942,-0.6671696,0.34730434
4,99506567324419,-0.08442221,-0.08016115,-0.048469532
10,99506573862752,-2.8383381,-0.54654884,0.43446732
4,99506578988429,-0.7273093,-0.46365637,-0.40373522
10,99506583613221,-2.3456292,-1.8616123,1.7013617
4,99506586829471,-0.6468818,-0.54621434,-0.43436158
10,99506592757804,-1.7659917,-3.7390566,1.1251497
4,99506597592544,-0.31611723,-0.6852314,-0.4956143
10,99506602196502,-1.55548,-3.8801365,0.5621891
4,99506607009158,0.032490566,-0.76059884,-0.54887754
10,99506611992492,-1.1339104,-2.1000032,-0.24076462
4,99506616152283,0.30013826,-0.7171893,-0.5123922
10,99506622113169,-0.9990406,0.37265778,-1.595603
4,99506625369992,0.094808534,-0.6450176,-0.43223104
10,99506633195200,-0.60338354,1.8535621,-2.1916423
4,99506638027075,-0.4543353,-0.5733786,-0.39361522
10,99506642662283,-0.26294506,1.7746341,-1.0356755
4,99506645889263,-0.7592673,-0.54461646,-0.48043427
10,99506652983846,-0.68137544,1.021584,-0.7209153
2,99506657802596,-30.0,-2.0,26.0
10,99506662285044,-1.0667884,-0.17608833,-0.28194523
4,99506665503377,-0.6578008,-0.55313855,-0.5057343
10,99506672747648,-0.91522866,-0.038701534,-0.23886776
4,99506677602596,-0.33289513,-0.43436158,-0.38802257
10,99506682274627,-0.8545278,0.59193325,-0.6419244
4,99506685504992,-0.17736652,-0.36272255,-0.24980451
10,99506692544575,-0.9513911,1.5440445,-0.9984231
4,99506697406867,-0.20133498,-0.3653857,-0.18748654
10,99506702027544,-0.6747022,2.0459368,-1.2372632
4,99506706805565,-0.3549994,-0.35766253,-0.19068234
10,99506711698429,-0.34016776,1.8703334,-0.9800706
4,99506715496919,-0.47697216,-0.32384038,-0.17070863
10,99506721097023,-0.3226155,1.469316,-0.5138402
4,99506724396658,-0.49854377,-0.32730252,-0.083090626
10,99506732107856,-0.60869,1.1225648,-0.38660526
4,99506736858013,-0.46818373,-0.37097836,-0.007989483
10,99506740560773,-0.6364554,1.353672,-0.36594534
4,99506743993585,-0.4082626,-0.4133226,-0.02609898
10,99506751881190,-0.36850393,1.5872998,-0.6319623
4,99506756673690,-0.37230992,-0.41065946,-0.1025317
10,99506761313325,-0.27554202,1.314353,-0.55932665
4,99506764573013,-0.36112466,-0.40772998,-0.11851067
10,99506771657335,-0.33841014,1.0656796,-0.09998655
4,99506776413742,-0.30999196,-0.4295679,-0.082558
10,99506781027440,-0.29496038,0.7468629,0.3953886
4,99506784398065,-0.26684874,-0.44394895,-0.0314253
10,99506791469679,-0.39190292,0.1641159,0.6791115
4,99506796223898,-0.2647182,-0.45247108,0.024234766
10,99506800836554,-0.8712094,-0.1866908,0.8166313
4,99506805715981,-0.23276028,-0.484429,0.05832323
10,99506810608950,-0.9638823,-0.088615894,0.8812742
4,99506814422648,-0.14354439,-0.48363006,0.063116916
10,99506819508690,-0.7170414,0.032314777,0.62384176
4,99506824337388,-0.118776985,-0.45726478,0.0727043
10,99506830974627,-0.45575202,0.013326645,0.60805273
2,99506835921710,-31.0,-2.0,19.0
10,99506840118117,-0.24992454,0.11285162,0.6940241
4,99506843362231,-0.24367924,-0.48948902,0.08229168
10,99506850732179,0.002429247,0.004518509,0.8404355
4,99506855650252,-0.37816888,-0.50626695,0.08575379
10,99506860264367,-0.111634016,-0.26552248,0.8041253
4,99506863513325,-0.52171326,-0.53476274,0.09720538
10,99506870525460,-0.3061911,-0.22657728,0.6436477
4,99506875397075,-0.5342301,-0.59228706,0.0561927
10,99506879986606,0.0056028366,0.03457451,0.4806671
4,99506883195929,-0.42663842,-0.6362292,-0.061519023
10,99506890334888,0.42610502,-0.05884075,0.13443041
4,99506895234992,-0.34301516,-0.65007764,-0.18109496
10,99506899844263,0.56664014,-0.46442413,0.13236856
4,99506904738898,-0.31185618,-0.669785,-0.2615224
10,99506909698690,0.557745,-0.77366066,0.28034925
4,99506913519471,-0.2593919,-0.6892261,-0.30306774
10,99506918449263,0.60669875,-0.9461765,0.4292984
4,99506923305981,-0.2330266,-0.67697555,-0.31292143
10,99506929914315,0.6657429,-1.037312,0.5485916
4,99506934805929,-0.17496969,-0.56485647,-0.27830034
10,99506938475200,0.72130895,-0.72591496,0.60044765
4,99506941738794,-0.1504686,-0.51798487,-0.25033715
10,99506949695512,0.75238967,-0.49822807,0.6336088
4,99506954598533,-0.08069378,-0.3768373,-0.18695392
10,99506959203273,0.9803078,-0.051529884,0.49599314
4,99506962448950,-0.0777643,-0.34461305,-0.18269286
10,99506969436398,0.9171026,0.0049962997,0.38531828
4,99506974461190,-0.09880328,-0.2724414,-0.170176
10,99506979067596,0.84399915,0.17187977,0.46491528
4,99506982322544,-0.079095885,-0.25326663,-0.16325177
10,99506989215356,0.8013799,0.35435295,0.54716253
4,99506994046606,0.02263687,-0.1685781,-0.11957593
10,99506998663325,0.7432864,0.4604063,0.5225601
4,99507003571398,0.043409526,-0.13954964,-0.092944324
10,99507008565408,0.66970444,0.47238016,0.5035863
2,99507012388533,-32.0,7.0,16.0
10,99507017240356,0.4349563,0.5215926,0.37416172
4,99507022084575,-7.9894834E-4,-0.042077947,0.03701794
10,99507028743898,0.39638996,0.55769205,0.36473656
4,99507033744523,-0.01917476,0.039947417,0.10466223
10,99507037449054,0.3626945,0.3910489,0.34789228
4,99507040691450,-0.02956109,0.06471482,0.12756541
10,99507048546815,0.35972643,0.30885935,0.2902174
4,99507053464315,-0.018642128,0.10546118,0.16325177
10,99507057162804,0.2731197,0.20968723,0.31413603
4,99507060409002,0.022104237,0.12809806,0.18615496
10,99507068321398,0.15932822,0.18426085,0.16368628
4,99507073177179,0.0479369,0.11424961,0.19680761
10,99507077760617,0.07282257,0.22076559,0.17910862
4,99507081012440,0.094009586,0.086020105,0.17097494
10,99507088102440,0.13467503,0.19616222,0.15503168
4,99507092980877,0.11504856,0.06764429,0.12170646
10,99507097596346,0.14738393,0.10970783,0.1522665
4,99507102367075,0.09081379,0.053263225,0.084155895
10,99507107287544,0.047149897,0.07582903,0.24025774
4,99507111093637,0.026897928,0.02396845,0.08442221
10,99507116670981,-0.20858645,-0.16489172,0.27855968
4,99507121519575,-0.040213734,0.013315806,0.09773801
10,99507127688325,-0.1751554,-0.3840742,0.4170003
4,99507132499210,-0.04181163,-0.009853696,0.07962852
10,99507136180877,-0.15950894,-0.44058514,0.5594001
4,99507139534731,0.00958738,-0.04314321,0.043942157
10,99507147446658,-0.18911314,-0.32430935,0.35741854
4,99507152273012,0.040480047,-0.064182185,0.027164243
10,99507155911606,-0.17138815,-0.15494633,0.16924763
4,99507159319731,0.026365295,-0.066312715,0.024767399
10,99507167224471,-0.13059044,0.1021204,0.11951542
4,99507171995773,0.020506341,-0.057790596,0.014647386
10,99507176609367,-0.07564449,0.19239378,0.18549919
4,99507179853794,-0.02263687,-0.056459017,0.012516857
10,99507187007856,-0.108585596,0.047785282,0.18333292
2,99507191788169,-33.0,9.0,16.0
10,99507196044887,-0.14144826,0.12834597,0.22164202
4,99507200922960,-0.08229168,-0.06498113,0.018109497
10,99507205983742,-0.16525245,0.32690668,0.17009401
4,99507209775669,-0.042077947,-0.05352954,0.018908445
10,99507214828950,-0.14490032,0.3539257,0.040150166
4,99507218643533,-0.049534798,-0.02743056,0.028495824
10,99507225228637,-0.19989872,0.29374075,0.04403162
4,99507229996919,-0.07163903,-0.0037284256,0.03781689
10,99507232444575,-0.31002402,0.159657,0.29062605
4,99507238459992,-0.088150635,-0.017044231,0.039947417
10,99507246437804,-0.4804833,0.016153812,0.35335684
4,99507250392804,-0.07376956,-0.02263687,0.035153728
4,99507252393221,-0.05566007,-0.021837922,0.033822145
4,99507259729106,-0.039947417,-0.009054748,0.034088463
10,99507267564627,-0.36882782,0.19167662,0.10231829
4,99507272345877,-0.024501082,0.018109497,0.041545313
10,99507276961710,-0.36449695,0.19492435,0.10344648
4,99507280615148,-0.029827405,0.02876214,0.035952676
10,99507286528846,-0.3574412,0.20588398,0.06900501
4,99507291320200,-0.055926383,0.018109497,0.012516857
10,99507295956867,-0.37866735,0.10264158,0.1820302
4,99507300743012,-0.06098639,0.018908445,-0.011185277
10,99507305762387,-0.3461206,0.11596823,0.23745346
4,99507309555408,-0.04234426,0.049534798,-0.01304949
10,99507311524575,-0.30063772,0.154284,0.19915628
4,99507319056606,-0.038083203,0.07350325,-7.9894834E-4
10,99507327032544,-0.25670886,0.17043686,0.16635895
4,99507331820617,-0.05006743,0.11957593,0.046339005
10,99507336447700,-0.24476838,0.1753912,0.16601181
4,99507339683950,-0.057257965,0.114782244,0.058056913
10,99507345623689,-0.25243902,0.10691166,0.27191162
4,99507350423533,-0.054062173,0.11851067,0.068176925
10,99507352502544,-0.23807645,0.13323927,0.20726442
4,99507358624367,-0.051931642,0.12010857,0.07669904
10,99507365181346,-0.2636218,0.17496395,0.16909838
2,99507369955096,-35.0,7.0,19.0
10,99507374241398,-0.21611881,0.18783092,0.21656036
4,99507377478325,-0.042077947,0.10333065,0.11132014
10,99507384964262,-0.11905861,0.16430998,0.29024124
4,99507389756085,-0.024767399,0.08229168,0.08655274
10,99507393448429,-0.12409568,-0.02246666,0.38809443
4,99507398279731,-0.022903185,0.07803062,0.077231675
10,99507403369366,-0.11858702,-0.10205221,0.4142046
4,99507407206919,-0.027164243,0.083090626,0.06924219
10,99507412985304,-0.13728142,-0.23193312,0.4954872
4,99507416422804,-0.025566347,0.09667275,0.075101145
10,99507424511398,-0.11437726,-0.25602865,0.48824787
4,99507429293689,-0.002130529,0.11424961,0.07643273
10,99507433002648,-0.12587905,-0.22572136,0.41522455
4,99507436251085,0.006924219,0.12250541,0.075101145
10,99507444294991,-0.09652686,-0.19684362,0.4366479
4,99507449077856,0.07163903,0.14221281,0.06231797
10,99507452832439,-0.07153225,-0.1207571,0.42167282
4,99507456043898,0.08868326,0.1486044,0.055127434
10,99507464070460,-0.11321783,-0.13618898,0.37764025
4,99507468861033,0.0628506,0.12969595,0.032756884
10,99507472490408,-0.17482877,0.16085482,0.28261852
4,99507475766866,0.049002163,0.118776985,0.024767399
10,99507483859523,-0.15812898,0.25271988,0.21575928
4,99507487800200,-2.663161E-4,0.08522116,-0.008522116
10,99507492111189,-0.056739092,0.30483198,0.23739004
4,99507496888533,-0.017576864,0.076166406,-0.017310547
10,99507502205929,-0.08934569,0.23728561,0.23810673
4,99507506126085,-0.022104237,0.083090626,-0.024767399
10,99507511872752,-0.08369756,0.012876511,0.460145
4,99507515316398,0.010386328,0.11424961,-0.026631612
10,99507523407179,-0.09990597,-0.13422155,0.6152663
4,99507528169002,0.075101145,0.14434333,-0.011984225
10,99507531824679,-0.23686838,-0.11975002,0.6269345
4,99507535064627,0.13928333,0.16990969,0.019441076
10,99507543177648,-0.2500565,-0.12286568,0.43319845
2,99507547985512,-37.0,7.0,19.0
10,99507552188950,-0.17687154,0.043680668,0.3606844
4,99507555399991,0.17470337,0.21358553,0.08628642
10,99507562964887,-0.1415379,0.2076912,0.19851637
4,99507567718950,0.16138756,0.22849922,0.11504856
10,99507571060408,-0.16498113,0.31505203,0.18438768
4,99507575241241,0.14647387,0.24261399,0.128897
10,99507582751814,-0.14343262,0.27538347,0.24036455
4,99507587524210,0.118776985,0.2514024,0.13954964
10,99507591144262,-0.23900962,0.12321758,0.32640457
4,99507596026033,0.092145376,0.25646242,0.14753912
10,99507601138898,-0.327677,0.014438152,0.43093824
4,99507605021606,0.09161274,0.24873926,0.15765914
10,99507610738637,-0.38695955,-0.071445465,0.38092756
4,99507614193585,0.11744541,0.24501082,0.17576863
10,99507622320512,-0.26228476,-0.08867836,0.32812023
4,99507627084991,0.15632756,0.24714136,0.18269286
10,99507630728273,-0.18548203,-0.0726099,0.3067236
4,99507634057543,0.18642128,0.24474451,0.18855181
10,99507642077439,-0.1732378,-0.080246925,0.21896076
4,99507646884783,0.17923075,0.23515713,0.20026971
10,99507650515200,-0.18704033,-0.028356552,0.25787878
4,99507653759314,0.1667139,0.21252026,0.18935075
10,99507661855148,-0.114813566,0.083432674,0.25948
4,99507666633273,0.16378441,0.20532973,0.16591494
10,99507670273898,-0.0027604103,0.13002491,0.26415396
4,99507673535564,0.15925704,0.21731395,0.1555286
10,99507681628377,0.020630598,-0.10500908,0.31042385
4,99507686456033,0.12330436,0.21917816,0.14434333
10,99507690095096,-0.036842346,-0.23462486,0.3180151
4,99507694996658,0.11265171,0.21704763,0.113983296
10,99507700084054,-0.12878966,-0.21950197,0.32450533
4,99507703909731,0.12197278,0.21997711,0.08495484
10,99507709638168,-0.13421464,-0.22179699,0.15636253
4,99507713089471,0.12623383,0.23462449,0.0743022
10,99507721189314,-0.07343793,-0.11727953,0.06437683
2,99507726031398,-37.0,6.0,21.0
10,99507730286137,-0.0840857,0.095721245,0.03801489
4,99507733503012,0.11345066,0.23568976,0.06258429
10,99507740959991,-0.100327015,0.35136366,-0.017142296
4,99507745881554,0.06178534,0.22503711,0.054062173
10,99507749495773,-0.15382051,0.6351018,-0.11587572
4,99507752741085,0.017044231,0.22050974,0.04926848
10,99507760752700,-0.18471777,0.8906641,-0.2336812
4,99507765615304,-0.19148129,0.21225394,0.041279
10,99507769221137,-0.20957625,1.2627854,-0.3964815
4,99507772472231,-0.29321405,0.20879184,0.036751624
10,99507780569314,-0.11962795,1.5883327,-0.47326183
4,99507785470512,-0.6641924,0.18695392,0.018642128
10,99507789114002,-0.110547304,1.6365199,-0.33388138
4,99507794033481,-0.784301,0.17896444,0.019441076
10,99507799207700,-0.19219363,1.2595105,0.014844418
4,99507803029575,-0.9845707,0.1323591,0.05139901
10,99507808515981,-0.27254045,0.49713278,0.5133233
4,99507811967908,-0.95447695,0.11824436,0.06924219
10,99507820037023,-0.34235835,0.010707855,0.6821327
4,99507824885356,-0.61865234,0.09986854,0.14088123
10,99507828525616,-0.79285336,-1.5646482,1.1509337
4,99507831792700,-0.43569317,0.09454222,0.16245283
10,99507839818012,-0.95790124,-1.8776107,1.4015064
4,99507844735825,0.21598236,0.07643273,0.17816548
10,99507849322595,-1.0665787,-1.9744339,1.1005454
4,99507852563377,0.3997405,0.08894958,0.15526229
10,99507859594262,-0.8829794,-1.2615142,0.58856297
4,99507864510252,0.6777745,0.11744541,0.024234766
10,99507868154835,-0.6164019,-0.5509486,0.03762579
4,99507871388429,0.6735135,0.12010857,-0.022104237
10,99507879373585,-0.45991826,-0.33557844,-0.23918486
4,99507884241085,0.43862265,0.099069595,-0.15899073
10,99507887857804,-0.10691607,0.3018484,-0.6068201
4,99507892611137,0.33742252,0.091080114,-0.20293288
10,99507897727752,-0.088556886,0.3907833,-0.5217414
2,99507901685460,-40.0,1.0,25.0
10,99507907521814,-0.12872124,0.43833303,-0.5408001
4,99507910869731,0.006924219,0.08468852,-0.2905509
10,99507918978845,-0.14726639,0.35138655,-0.3508091
4,99507923821814,-0.071106404,0.11158645,-0.30945933
10,99507927458116,-0.13632357,0.16001225,-0.019265652
4,99507930717700,-0.05832323,0.122771725,-0.3107909
10,99507938724210,-0.12845206,0.090528965,0.089328766
4,99507943591502,0.0015978967,0.1669802,-0.314253
10,99507947265512,-0.029624224,0.2134695,0.3211584
4,99507950474939,0.086020105,0.21518342,-0.3355583
10,99507958471033,-0.0035985708,0.32999134,0.3032403
4,99507963331293,0.16298546,0.272974,-0.37603834
10,99507966947387,-0.05695951,0.4589939,0.17586422
4,99507970211450,0.17337179,0.3222425,-0.4111921
10,99507978265252,-0.06719172,0.34132814,0.05950117
4,99507983164939,0.12543489,0.36645097,-0.42690474
10,99507986773168,-0.18224931,0.06300783,-0.07525349
4,99507991555512,0.1222391,0.36618465,-0.44528055
10,99507996678741,-0.24363136,-0.16425943,-0.22569466
4,99508000562439,0.13635385,0.36458677,-0.45220476
10,99508006288220,-0.30085468,-0.22647953,-0.28809452
4,99508011091918,0.11345066,0.37950045,-0.39388153
10,99508017815408,-0.50623417,-0.08466911,-0.36673975
4,99508022575512,0.039414786,0.38109836,-0.2905509
10,99508026196554,-0.5465553,0.22415113,-0.079123974
4,99508029509523,-0.011717909,0.34115094,-0.24847293
10,99508037592543,-0.42863023,0.3062725,0.20931482
4,99508042714106,-0.021571605,0.29507825,-0.2727077
10,99508046385564,-0.46484935,0.12772751,0.3336811
4,99508049627647,-0.023702133,0.2511361,-0.28815404
10,99508057386241,-0.66813207,-0.007870674,0.47517443
4,99508062180460,0.008788432,0.21092236,-0.27830034
10,99508065842439,-0.7706286,-0.009357452,0.5386596
4,99508069110877,0.043942157,0.17257284,-0.26019084
10,99508077203377,-0.73865056,-0.08778715,0.31748724
2,99508082030825,-40.0,-5.0,25.0
10,99508086312179,-0.63723266,-0.030988693,0.2630906
4,99508091081918,0.0127831735,0.12969595,-0.23249397
10,99508096335929,-0.5009788,0.1068244,0.32357645
4,99508100147335,0.039414786,0.1073254,-0.20399815
10,99508103366554,-0.41479278,0.05654955,0.38104248
4,99508110172075,0.08841695,0.09054748,-0.18269286
10,99508117989262,-0.332613,-0.03150177,0.6115575
4,99508121949470,0.1470065,0.06338324,-0.1768339
10,99508126281345,-0.33624947,-0.045711517,0.60083723
4,99508129535252,0.19520971,0.045007423,-0.15339808
10,99508136490200,-0.46416736,-0.20490313,0.4889102
4,99508141362075,0.25965822,0.049534798,-0.11717909
10,99508145066397,-0.36029363,-0.12259483,0.6381655
4,99508148308533,0.30120352,0.06018744,-0.09321064
10,99508156279887,-0.24183762,0.024100304,0.5459285
4,99508161123689,0.28229508,0.07749799,-0.09986854
10,99508164848012,-0.10941601,0.2486372,0.4621067
4,99508168088845,0.20692763,0.105727494,-0.12596752
10,99508176049366,-0.07420099,0.3361044,0.37382174
4,99508180886293,0.10892329,0.12170646,-0.15446335
10,99508184667856,-0.10727763,0.28406715,0.3796878
4,99508189479783,0.04314321,0.11797804,-0.19387813
10,99508194535877,-0.11159313,0.12670517,0.38519764
4,99508198371866,0.016511599,0.13635385,-0.20293288
10,99508202809679,0.010500908,0.009399891,0.36605215
4,99508208623272,0.019973708,0.14567491,-0.19893813
10,99508215417283,0.004490018,-0.11805582,0.3555689
4,99508220245460,0.06524745,0.16724652,-0.19121496
10,99508224039835,-0.03919828,-0.13140488,0.61660767
4,99508227304418,0.091080114,0.16271915,-0.19600865
10,99508235194210,-0.10586643,-0.16472864,0.53490114
4,99508240054470,0.14434333,0.15739283,-0.22343922
10,99508243739783,-0.14521873,-0.09426737,0.58454514
4,99508247065304,0.15579493,0.1587244,-0.22663501
10,99508254952856,-0.17068398,-0.045571804,0.51021004
2,99508259731710,-38.0,-8.0,23.0
10,99508264018324,0.049257874,0.18545818,0.3245306
4,99508267255408,0.17097494,0.165116,-0.24740767
10,99508274755929,0.10673189,0.29254532,0.36067677
4,99508279577439,0.14753912,0.14940333,-0.28842035
10,99508283348689,0.13264525,0.28104258,0.0848546
4,99508288164262,0.12623383,0.14327806,-0.2942793
10,99508293136085,0.07070923,0.18188429,-0.1017313
4,99508297217335,0.07243799,0.13475595,-0.28522456
10,99508303147752,0.039556503,0.15883255,-0.14364767
4,99508306415824,0.06498113,0.1272991,-0.2559298
10,99508314307699,0.038229227,0.21603441,0.018642426
4,99508319081397,0.109988555,0.12756541,-0.20186761
10,99508322792022,0.14580297,0.26959324,-0.10041523
4,99508326191554,0.112918034,0.13448964,-0.18615496
10,99508334109679,0.17120111,0.34801292,-0.13719273
4,99508338976397,0.101999074,0.14753912,-0.14434333
10,99508343573012,0.16101682,0.35540915,0.046227455
4,99508346810512,0.11451593,0.16431704,-0.1355549
10,99508353886918,0.22053647,0.2044425,0.24787855
4,99508358724366,0.18295917,0.2082592,-0.13369069
10,99508363342647,0.2731936,-0.41063738,0.47605705
4,99508366561918,0.272974,0.32463935,-0.11451593
10,99508373681397,0.083031654,-0.48246384,0.41039324
4,99508378467752,0.33502567,0.4878911,0.014647386
10,99508383099002,-0.38970947,-0.14678383,0.55409
4,99508387879314,0.35659727,0.61625546,0.22770028
10,99508392784679,-0.3187697,0.022747993,0.51729727
4,99508396623116,0.40373522,0.6924219,0.41864893
10,99508402134418,-0.19989586,0.33740568,0.40230322
4,99508405380199,0.47803742,0.6825682,0.58269966
10,99508413195408,-0.27140486,0.6207576,-0.07512808
4,99508418018793,0.6247776,0.55953014,0.6945524
10,99508422609262,-0.4696164,1.289412,-0.60622644
4,99508425845043,0.8612663,0.31318775,0.6309029
10,99508433002283,-0.2556318,2.9356477,1.0984659
2,99508437774470,-35.0,-10.0,23.0
10,99508442271866,-0.9799517,2.4375663,0.5534582
4,99508445523012,0.26205507,-0.24873926,0.0029294773
10,99508452781449,-2.2975845,1.7420504,0.829546
4,99508457633481,-0.36298886,-0.46498793,-0.06551377
10,99508462255095,-2.6044278,0.43387747,1.2029428
4,99508465488949,-0.5717807,-0.5613944,-0.075101145
10,99508472508897,-1.6583356,-1.2335577,1.008214
4,99508477303012,-0.3787015,-0.540888,-0.1123854
10,99508481917960,-1.1868789,-2.2423897,0.8855319
4,99508486721033,0.10013486,-0.49721217,-0.11531488
10,99508491661137,-1.4145207,-1.9958363,0.7858672
4,99508495456033,0.50333744,-0.51265854,-0.096939065
10,99508500916033,-1.339824,-0.5908246,0.27278662
4,99508504230147,0.49534798,-0.55606806,-0.14407702
10,99508512056449,-0.8227616,0.9148288,-1.0491123
4,99508516859418,0.17710021,-0.5526059,-0.2495382
10,99508521488793,-0.52597916,1.667187,-1.3763213
4,99508524718012,-0.27031085,-0.5539375,-0.30839407
10,99508531844054,-0.51930034,1.084115,-0.93224764
4,99508536627751,-0.5944176,-0.5816344,-0.3043993
10,99508541205929,-0.40587425,-0.045393944,-0.12718916
4,99508544561762,-0.6295713,-0.58722705,-0.3006709
10,99508551615512,-0.43272972,-0.78080845,0.37976885
4,99508556562439,-0.39840892,-0.5230448,-0.2761698
10,99508561142699,-0.47140396,-0.7900357,0.38843155
4,99508564451866,-0.098004326,-0.39707732,-0.17204021
10,99508571404210,-0.39962196,-0.406106,0.18388271
4,99508576223689,0.0892159,-0.27696875,-0.026631612
10,99508580805304,-0.33569193,0.18309689,-0.04194355
4,99508585624106,0.11957593,-0.20692763,0.07590009
10,99508590558429,-0.31955373,0.6835761,-0.27686405
4,99508594359991,0.010918961,-0.17923075,0.10626013
10,99508599643220,-0.2917744,1.1761713,-0.34247446
4,99508603066397,-0.13981596,-0.15233281,0.10705908
10,99508610946397,-0.37847018,1.5009613,-0.25374603
2,99508615847647,-34.0,-11.0,28.0
10,99508620069470,-0.506708,1.1157074,-0.31004572
4,99508623305147,-0.35286885,-0.11504856,0.15819177
10,99508630728689,-0.60829294,0.5736799,0.05428028
4,99508635618481,-0.32623723,-0.12037488,0.1717739
10,99508639295876,-0.8491994,0.2912612,0.46859026
4,99508642613324,-0.26525086,-0.13102753,0.180296
10,99508650503116,-1.0169936,0.037511826,0.60207987
4,99508655344418,-0.08735169,-0.18242654,0.22184132
10,99508659956606,-1.077684,-0.027704239,0.47873068
4,99508663157960,-0.035153728,-0.221575,0.24394555
10,99508670288012,-1.2128775,0.27663326,0.63336515
4,99508675111866,0.013315806,-0.27217507,0.2561961
10,99508678783533,-1.447355,0.33069944,0.57493114
4,99508683683897,0.009321064,-0.3075951,0.26045716
10,99508688625095,-1.5413475,0.27430105,0.51410055
4,99508692764522,-0.05219796,-0.39468047,0.2612561
10,99508698402387,-1.775869,0.43768263,0.3792057
4,99508703260147,-0.112918034,-0.4993427,0.2561961
10,99508709844626,-1.8218143,0.51681423,0.29518652
4,99508714690720,-0.18722023,-0.6354303,0.2761698
10,99508719294314,-1.8906784,0.6339388,-0.006372452
4,99508722547335,-0.21891184,-0.6745787,0.2926814
10,99508729609106,-1.9157877,0.83661175,-0.018603325
4,99508734495772,-0.2711098,-0.773382,0.36804888
10,99508739067960,-1.8617717,0.81070423,0.020689964
4,99508742272022,-0.29348037,-0.7949536,0.39814258
10,99508749403272,-1.7758846,0.7102299,-0.06572199
4,99508754306345,-0.39601207,-0.8396947,0.49055427
10,99508758909418,-1.1438593,0.37808514,-0.23610258
4,99508762146241,-0.4063984,-0.8495484,0.5182512
10,99508769171189,-0.8144498,0.2978778,-0.20627785
4,99508774022231,-0.36591834,-0.81545997,0.6000102
10,99508777676710,-0.03636861,-0.108484745,-8.9645386E-5
4,99508782546710,-0.345412,-0.8111989,0.6165218
10,99508787540147,-0.17193103,-0.11076546,0.1115756
2,99508791693220,-39.0,-1.0,25.0
10,99508796883533,-0.40226412,-0.17224789,0.13463593
4,99508801658481,-0.20293288,-0.8655274,0.60906494
10,99508808798689,-0.33394384,-0.2527995,-0.03148365
4,99508813688272,-0.13795175,-0.8476842,0.6040049
10,99508818263376,-0.10651231,-0.26841402,-0.2300086
4,99508821498272,-0.07483483,-0.8135957,0.613326
10,99508828535460,-0.021680117,-0.27181625,-0.2288475
4,99508833379678,-0.02743056,-0.8024104,0.62983763
10,99508837075824,0.7284007,-0.22683668,-0.11039686
4,99508840377074,0.017044231,-0.7685883,0.6250439
10,99508848307647,1.0122426,-0.20687532,-0.08979416
4,99508853253689,0.030360037,-0.6918893,0.588026
10,99508857862178,1.4009883,-0.21465874,-0.1953454
4,99508861114783,-0.005060006,-0.58056915,0.53982276
10,99508868121241,1.4367375,-0.18771458,-0.1845231
4,99508873020460,-0.04447479,-0.4596616,0.5044027
10,99508877614887,1.4502797,-0.08597851,0.042487144
4,99508882440147,-0.02263687,-0.31451932,0.4854943
10,99508887437387,1.7011983,-0.31116438,0.102110386
4,99508891254470,0.03435478,-0.11638014,0.5030711
10,99508896245199,1.755733,-0.70084095,-0.025214672
4,99508901062231,0.077231675,0.070041135,0.5563344
10,99508907632855,1.6896768,-0.5674219,0.0063257217
4,99508912456970,0.16085494,0.18961707,0.6178534
10,99508917072647,1.7477574,-0.22592115,-0.09134245
4,99508920321033,0.26391926,0.26977822,0.6492787
10,99508927416397,1.8951902,0.102133274,-0.1718297
4,99508932245147,0.34088463,0.32490566,0.6351639
10,99508936863272,1.7620435,0.39052343,-0.06000614
4,99508940099887,0.3435478,0.35926044,0.6135923
10,99508947189522,1.479054,0.53798676,-0.0060396194
4,99508951989991,0.24900557,0.43915528,0.556867
10,99508955736762,1.3549662,0.1569786,0.4482751
4,99508959056189,0.07856325,0.46845004,0.37417415
10,99508967016710,0.8038242,-1.1624002,1.4725914
2,99508971801137,-39.0,19.0,18.0
10,99508976053480,0.5684509,-1.461761,1.593668
4,99508980864626,-0.11744541,0.37151098,0.10439592
10,99508985874053,0.71527267,-1.5176334,2.1034865
4,99508989668533,0.091080114,0.38136467,-0.014913702
10,99508993197960,-0.16580296,-2.2741952,2.3596768
4,99509000098793,0.11771172,0.24181503,-0.12250541
10,99509007967335,0.19964623,-1.8557487,2.289791
4,99509012893116,0.27670243,0.1387507,-0.22210763
10,99509017513428,0.19422674,-1.8796406,2.2712097
4,99509020754262,0.34141725,0.10466223,-0.23542345
10,99509026657022,0.17363167,-1.496079,1.7565603
4,99509030719470,0.38802257,0.051132694,-0.18722023
10,99509033592595,0.22391558,-0.9573822,1.6344519
4,99509038524262,0.33848777,-0.01438107,-0.13954964
4,99509047541553,0.33848777,-0.01438107,-0.13954964
4,99509051499939,0.14274544,-0.04234426,-0.10759171
10,99509056380251,0.25780916,-0.594512,0.7237873
4,99509059625043,0.0,-0.030360037,-0.083090626
10,99509065851085,0.48942947,0.76251316,0.45985985
4,99509070668272,-0.05006743,-0.029028457,-0.038615838
10,99509072752751,0.18057299,0.52789116,0.1103096
4,99509079551762,-0.094808534,-0.04873585,-0.009054748
10,99509085909053,0.06948519,0.31509686,-0.18638277
4,99509090090980,-0.15845808,-0.095074855,-0.008255799
10,99509092197491,0.29214835,0.4300146,-0.40186548
4,99509099244262,-0.1206412,-0.086020105,-0.03435478
10,99509105646970,0.37769008,0.3495369,-0.65439653
4,99509110474158,0.019707393,0.004527374,-0.040213734
10,99509114189678,0.22557378,0.05017805,-0.8020663
4,99509117432491,0.04261058,0.03888215,-0.015180019
10,99509125384939,0.034282446,-0.17033911,-0.7246685
4,99509130166397,0.0974717,0.104928546,0.036751624
10,99509133883637,-0.021555185,-0.24375916,-0.6989093
4,99509137113897,0.11105382,0.11717909,0.028495824
10,99509145172855,-0.02410841,-0.14011288,-0.7120509
2,99509149999157,-34.0,19.0,19.0
10,99509154335043,-0.12637568,0.7155967,-1.1905107
4,99509157587803,0.12357068,0.13954964,-0.14221281
10,99509164944210,-0.20835471,1.2966242,-1.3975902
4,99509169777907,0.10466223,0.09187906,-0.37337518
10,99509173505616,-0.073889494,0.9443817,-0.51785994
4,99509178323689,0.071106404,0.081226416,-0.45726478
10,99509183457387,-0.12193251,0.5059581,-0.60219955
4,99509187257074,-0.011717909,0.042876896,-0.6295713
10,99509192954053,-0.05525136,-0.17531586,-0.08102131
4,99509196412907,0.017044231,0.007456851,-0.72491246
10,99509204513012,-0.32517576,-0.7142267,0.22338486
4,99509209341553,0.16831179,0.0077231675,-0.71159667
10,99509213123428,-0.5874506,-0.7850785,0.3506198
4,99509216369939,0.21172132,0.038615838,-0.68203557
10,99509224261762,-0.48538017,-0.56102467,0.41709614
4,99509229043585,0.26844665,0.18402444,-0.5683186
10,99509232744314,-0.3732841,0.26259804,0.46839952
4,99509235998168,0.2545982,0.21784659,-0.5363607
10,99509244067178,-0.4209597,0.40714836,0.3860941
4,99509248898949,0.13369069,0.27537087,-0.45193845
10,99509252552751,-0.35236263,0.7074895,0.3968935
4,99509255789210,0.103863284,0.29667616,-0.4261058
10,99509263814262,-0.36359978,0.7078352,0.38209105
4,99509268645876,0.08069378,0.3390204,-0.36085832
10,99509272324157,-0.7086458,0.5272455,-0.03793192
4,99509277182803,0.043942157,0.32463935,-0.28708878
10,99509282272439,-0.7492893,0.570488,-0.20594501
4,99509286097126,0.034088463,0.3110572,-0.23196134
10,99509290955251,-0.4410634,0.8023386,-0.28365946
4,99509295833012,0.06977482,0.34248254,-0.17789917
10,99509303386397,-0.27099252,0.9179716,-0.4112296
4,99509308164262,0.041279,0.36938044,-0.11717909
10,99509311842907,-0.39984107,0.9460435,-0.10705185
4,99509315116032,-0.014647386,0.35792887,-0.076965354
10,99509323139470,-0.60749733,0.75837326,0.3307743
2,99509327927491,-33.0,8.0,23.0
10,99509332150303,-0.906899,0.084023,0.30021048
4,99509335361032,-0.0777643,0.31025827,-0.008255799
10,99509342913376,-1.0013212,-0.4141655,0.33389282
4,99509347681501,0.023435818,0.31158987,0.0061252704
10,99509351307751,-0.75030506,-0.3979454,0.29007387
4,99509354579262,0.17923075,0.34487936,0.01917476
10,99509362740043,-0.47793114,-0.05673313,0.07876396
4,99509367589157,0.24687503,0.35979307,0.025300032
10,99509372169730,-0.3131404,0.3898511,0.003930092
4,99509375952855,0.20692763,0.34754252,0.008522116
10,99509382184470,-0.32907057,0.6034479,0.041606903
4,99509387031553,0.07483483,0.3355583,-0.0063915867
10,99509390659678,-0.51264787,0.4148159,-0.0018725395
4,99509394166918,-0.084155895,0.2972088,-0.021837922
10,99509402292751,-0.68599224,0.19675207,-0.056004047
4,99509407132803,-0.13182648,0.28495824,-0.023702133
10,99509410774626,-0.47711825,0.04206562,0.113212585
4,99509414078793,-0.07456851,0.30200246,-0.004261058
10,99509422025459,-0.23959279,-0.06906128,0.12783718
4,99509426791084,-0.005060006,0.304133,0.010120012
10,99509430399262,-0.123618364,0.023763657,0.31924582
4,99509433734418,0.01438107,0.28975195,0.008255799
10,99509441813116,-0.18998551,0.16839695,0.3120494
4,99509446634834,-0.02396845,0.2806972,0.009321064
10,99509450322022,-0.26348794,0.13966179,0.47116852
4,99509453574522,-0.07243799,0.3153183,0.021571605
10,99509461578897,-0.25514138,-0.061965942,0.72620296
4,99509466435147,-0.06018744,0.35286885,0.031158986
10,99509470049314,-0.44439566,-0.41388512,0.68029976
4,99509474872699,-0.018109497,0.37736994,0.042876896
10,99509479956866,-0.53458905,-0.46538687,0.50105906
4,99509483869157,0.06977482,0.39041942,0.066312715
10,99509489601137,-0.43915367,-0.39154816,0.5179734
4,99509493063845,0.12942964,0.39840892,0.09534117
10,99509501188324,-0.20283389,-0.09358549,0.23158407
2,99509506129366,-37.0,1.0,25.0
10,99509510343793,-0.020831466,0.46735048,0.025697231
4,99509513585459,0.15686019,0.38695732,0.050600063
10,99509520901084,-0.07349634,0.74265146,0.06486702
4,99509525750355,0.09720538,0.3552657,0.022104237
10,99509529412074,-0.23605227,0.5950823,0.19576836
4,99509532656866,0.058056913,0.33289513,0.0055926386
10,99509540716189,-0.44888353,0.20044184,0.4496703
4,99509545568116,0.002130529,0.2511361,-0.0396811
10,99509549174887,-0.6343086,-0.16891527,0.6833482
4,99509552416866,0.014647386,0.22743396,-0.049002163
10,99509560459834,-0.63768446,-0.29579258,0.6918225
4,99509565381501,0.12676647,0.18748654,-0.049801115
10,99509569038949,-0.5334718,-0.23127937,0.9875951
4,99509573896970,0.16777915,0.17816548,-0.04447479
10,99509579008532,-0.49723887,-0.17155552,0.9240222
4,99509582812126,0.21997711,0.128897,-0.048469532
10,99509588500824,-0.7262132,0.11668968,0.8874879
4,99509591951241,0.22716765,0.048469532,-0.06098639
10,99509600019626,-0.69089663,0.12121773,0.58806276
4,99509604918324,0.20026971,-0.03355583,-0.03169162
10,99509608557595,-0.2924192,0.2595501,0.2603302
4,99509611789522,0.216515,-0.051931642,-0.004527374
10,99509619771918,-0.14880991,0.1768403,0.25847006
4,99509624878897,0.38589206,-0.11957593,0.08522116
10,99509629169991,0.46339333,-0.09431505,0.58379936
4,99509632394418,0.47058058,-0.13848437,0.10626013
10,99509639604626,0.50277615,-0.083323,0.7337804
4,99509644550720,0.7595336,-0.18136127,0.12330436
10,99509648540511,0.42115688,0.011184692,0.74727297
4,99509651775928,0.8130631,-0.17496969,0.11824436
10,99509659358793,0.44105828,-0.053132534,0.5814214
4,99509664256293,0.829841,-0.05352954,0.028229509
10,99509667895459,0.69286215,0.044363976,0.6434269
4,99509672742386,0.8135957,-0.0061252704,-0.008522116
10,99509677913845,0.6336206,0.05603695,0.6287756
2,99509681754157,-37.0,-2.0,28.0
10,99509687580199,0.44895053,0.101558685,0.57376385
4,99509690858636,0.6612629,0.15526229,-0.103064336
10,99509698903480,-0.009504318,-0.08097744,0.36436367
4,99509703870928,0.52144694,0.22610238,-0.09267801
10,99509707516866,-0.30417275,-0.24526024,0.38092804
4,99509710760928,0.43436158,0.31505197,-0.08495484
10,99509718681084,-0.27798176,-0.19725037,0.32217693
4,99509723596397,0.43196473,0.38429415,-0.08948222
10,99509727237022,-0.35205984,-0.008223057,0.21943474
4,99509730484157,0.41278997,0.43116578,-0.0958738
10,99509738457647,-0.3730409,-0.02126646,0.020666122
4,99509743299939,0.32197618,0.4415521,-0.11957593
10,99509746912751,-0.43311667,0.0024523735,-0.08653641
4,99509750177022,0.23382555,0.41918156,-0.15339808
10,99509758281553,-0.44680226,-0.07912111,-0.104558945
4,99509763103897,0.19707392,0.3821636,-0.19760656
10,99509766751084,-0.5065994,-0.3419881,-0.1152153
4,99509771560407,0.18375812,0.3358246,-0.23089607
10,99509776651605,-0.76147443,-0.3497634,-0.16404724
4,99509780528584,0.19414444,0.3022688,-0.2463424
10,99509786274001,-0.834509,-0.15902424,0.02315998
4,99509789719105,0.20106867,0.26844665,-0.25566345
10,99509797798897,-0.93436086,-0.2213726,7.2574615E-4
4,99509802631657,0.15313177,0.22743396,-0.28016454
10,99509806291449,-0.98193127,-0.111308575,0.1363802
4,99509809546553,0.10466223,0.17230652,-0.314253
10,99509817618116,-1.007067,0.14454126,0.06859493
4,99509822390928,0.06870956,0.13422333,-0.32410672
10,99509826058897,-0.89006484,0.25717068,-0.049464226
4,99509829331084,0.011717909,0.12250541,-0.30280143
10,99509837358480,-0.80845535,0.40960693,-0.03363037
4,99509841373116,-0.034088463,0.09054748,-0.26871297
11,99509845488428,-0.256629,0.091059,-0.576977,0.77003,3.0
4,99509845488428,-0.05832323,0.058056913,-0.24714136
4,99509849398063,-0.088150635,0.036751624,-0.22716765
10,99509855741345,-1.1203146,0.5966239,0.14381409
2,99509859667022,-31.0,-4.0,31.0
10,99509862876605,-1.1945231,0.73310137,0.2659197
4,99509869263324,-0.1419465,-0.053795855,-0.14674018
10,99509876804991,-1.1287948,0.7257457,0.18105316
4,99509880704366,-0.13901702,-0.079095885,-0.10626013
10,99509882699574,-0.84628445,0.639554,0.056554794
4,99509882699574,-0.1307612,-0.08362326,-0.087085366
4,99509889959938,-0.1073254,-0.08442221,-0.06684534
10,99509897997595,-0.6782044,0.57186174,0.27410793
4,99509902860043,-0.058589544,-0.112119086,-0.017310547
10,99509906526501,-0.6833786,0.57396364,0.2763176
4,99509909766449,-0.038615838,-0.1486044,0.018375812
10,99509916469105,-0.881687,0.5113597,0.1566906
4,99509921255668,-0.047670584,-0.15925704,0.03169162
10,99509924995407,-0.88108057,0.5526118,0.08066559
4,99509928234886,-0.06258429,-0.14594123,0.043675844
10,99509936241397,-0.8476105,0.52913094,0.09187889
4,99509941023532,-0.095074855,-0.14780544,0.070307456
10,99509944826032,-0.9152239,0.43566704,0.02386856
4,99509948040147,-0.1520665,-0.16618125,0.091080114
10,99509956027074,-0.97878003,0.41432333,0.07396984
4,99509960837491,-0.1736381,-0.17789917,0.09161274
10,99509964565668,-0.99430287,0.23256207,0.060871124
4,99509969341293,-0.17976338,-0.17630127,0.092145376
10,99509975742543,-1.0412669,0.10582256,0.19583797
4,99509980520720,-0.16325177,-0.17496969,0.11424961
10,99509982642178,-1.2615465,0.08905172,0.34666824
4,99509988961970,-0.15659387,-0.19068234,0.123038046
10,99509995383168,-1.5379268,0.0087480545,0.34379864
4,99509999322699,-0.16644756,-0.24021713,0.1438107
10,99510003971970,-1.811235,-0.118448734,0.43241787
4,99510007246240,-0.1818939,-0.25699505,0.14753912
10,99510015162699,-2.0071595,-0.080842495,0.47906017
4,99510019948115,-0.20719394,-0.3472762,0.15659387
10,99510023722907,-2.395505,0.19683838,0.4952097
4,99510027045720,-0.22503711,-0.3787015,0.15792546
10,99510035088949,-2.4363284,0.31027222,0.40750885
2,99510039873584,-29.0,-1.0,29.0
10,99510044238740,-2.5139732,1.0452976,-0.14825916
4,99510047474782,-0.40772998,-0.5502091,0.14354439
10,99510054717543,-2.4292328,1.3905647,-0.30360174
4,99510059493428,-0.66871977,-0.69481874,0.17204021
10,99510063208480,-2.609824,1.4071429,-0.34009314
4,99510067972959,-0.7590009,-0.752343,0.20186761
10,99510073063636,-2.5968158,1.3065629,-0.2541175
4,99510077213428,-0.84581995,-0.8607337,0.25033715
10,99510083131136,-2.1599305,0.8199711,-0.42685795
4,99510086397438,-0.808802,-0.88949585,0.26764768
10,99510094259053,-1.1618403,0.25902224,-0.4268818
4,99510099028063,-0.63862604,-0.85966843,0.30519825
10,99510102742699,-0.136181,0.06263161,-0.44110727
4,99510106164365,-0.5635249,-0.8460863,0.31691617
10,99510114077126,0.034910798,0.09236288,-0.44726753
4,99510118861605,-0.45460162,-0.7552725,0.3190467
10,99510123484001,0.24990916,0.14620686,-0.38793802
4,99510126731032,-0.44874266,-0.7105314,0.314253
10,99510133833740,0.21714747,0.12514019,-0.38175058
4,99510138803636,-0.44208476,-0.619185,0.31957933
10,99510143419365,0.78569055,0.03454113,-0.5127015
4,99510146655720,-0.4359595,-0.5163869,0.32463935
10,99510153657386,0.99675703,0.0411973,-0.44360065
4,99510158414157,-0.381631,-0.4181163,0.32836777
10,99510163036188,1.2790968,-0.097148895,-0.3377509
4,99510167854105,-0.33529198,-0.3438141,0.3392867
10,99510172750199,1.2854643,-0.071362495,-0.36989594
4,99510176570251,-0.3190467,-0.29534456,0.340352
10,99510182080303,1.2870138,0.024019241,-0.35918474
4,99510185333480,-0.30786142,-0.2644519,0.32969934
10,99510193405251,1.3286672,0.020059586,-0.3471818
4,99510198223688,-0.28868666,-0.2197108,0.31851408
10,99510202818115,1.4247363,-0.036314487,-0.19339037
4,99510206027438,-0.27403927,-0.13928333,0.31957933
10,99510212992595,1.3007936,-0.049362183,0.0837369
2,99510217769886,-30.0,13.0,19.0
10,99510222243115,1.2240283,-0.17355967,0.49486637
4,99510225493011,-0.24554345,-0.077231675,0.32756883
10,99510232729001,1.3893597,-0.26567698,0.5793233
4,99510237522282,-0.17257284,-0.040746365,0.30360037
10,99510242153376,1.6400728,-0.37253857,0.6337023
4,99510245390876,-0.094009586,0.015180019,0.26844665
10,99510252498792,1.5704315,-0.37814665,0.63907385
4,99510257330720,-0.0053263223,0.049801115,0.24074976
10,99510261963897,1.4523778,-0.35263252,0.6094785
4,99510266811761,0.046072688,0.09081379,0.2495382
10,99510271746761,1.3121743,-0.52866507,0.43997383
4,99510275543428,0.0,0.12996227,0.26338664
10,99510281102542,1.1394064,-0.58309364,0.5409126
4,99510284404574,-0.034621093,0.14567491,0.2396845
10,99510292065772,1.0950158,-0.51630354,0.85097027
4,99510296855459,-0.020506341,0.14247912,0.20479709
10,99510300514730,0.96601725,-0.70266724,0.70211315
4,99510303931136,-0.01784318,0.118776985,0.16298546
10,99510311836397,0.85813165,-0.77455664,0.62075377
4,99510316614574,-0.0029294773,0.087085366,0.104928546
10,99510320298011,0.8973267,-0.77845,0.5160179
4,99510323718272,0.023702133,0.087085366,0.027696876
10,99510331656970,0.9405596,-0.6331582,0.4694171
4,99510336416449,0.05672533,0.10146644,-0.041545313
10,99510340992282,0.9014282,-0.5019269,0.47041035
4,99510344291188,0.06498113,0.101200126,-0.087618
10,99510351394626,0.8763652,-0.50929594,0.41776752
4,99510356157803,0.026897928,0.09241169,-0.120907515
10,99510359817751,0.8584204,-0.43419313,0.37864733
4,99510364686917,-2.663161E-4,0.083090626,-0.16431704
10,99510369741449,0.9272616,-0.2863798,0.33423853
4,99510373852022,-0.013315806,0.09347696,-0.18775286
10,99510379776240,0.82775044,-0.26469278,0.26912737
4,99510383018897,-0.014114754,0.11158645,-0.18002969
10,99510390937334,0.57629895,-0.25243998,0.3515606
2,99510395811292,-31.0,18.0,15.0
10,99510400000147,0.34792137,-0.13370514,0.41272497
4,99510403233792,0.04527374,0.12676647,-0.16245283
10,99510410712751,0.22152185,0.05833292,0.29845953
4,99510415569678,0.057790596,0.13662016,-0.1603223
10,99510419218792,0.11319399,0.21997547,0.19207191
4,99510422594626,0.0644485,0.15259913,-0.14993598
10,99510438057334,-0.17058682,0.3434081,0.10817528
4,99510443423272,0.016777916,0.1882855,-0.10626013
10,99510449985824,-0.55831707,0.33974266,0.10730076
4,99510454653897,-0.013582122,0.13688648,-0.11105382
10,99510458908115,-0.7886969,0.14516163,0.022845745
4,99510463603480,-0.03834952,0.116912775,-0.12037488
10,99510468590824,-0.83809733,0.14843702,0.13927412
4,99510474091188,-0.03222425,0.061252706,-0.15126756
10,99510478354626,-1.1544032,0.15635586,0.37917757
4,99510483007594,0.02609898,-0.004527374,-0.1587244
10,99510489593844,-1.2794952,0.108071804,0.40156126
4,99510494304365,0.054062173,-0.06791061,-0.12676647
10,99510498553115,-1.5461454,0.24463463,0.51830006
4,99510501692334,0.05912218,-0.07962852,-0.114782244
10,99510509315615,-1.6002324,0.3274355,0.4811039
4,99510513982803,0.07882957,-0.10839066,-0.08149273
10,99510518239574,-1.5380483,0.71285486,0.3209715
4,99510521489209,0.08841695,-0.11851067,-0.06924219
10,99510529101240,-1.5218229,0.745656,0.263412
4,99510533812334,0.09614012,-0.14727281,-0.036751624
10,99510538068792,-1.539309,0.79047966,0.26821327
4,99510541320772,0.100933805,-0.19148129,2.663161E-4
10,99510548861397,-1.6073377,0.81595945,0.21072197
4,99510553501240,0.12809806,-0.23835292,0.034088463
10,99510557755667,-1.7218803,0.8051195,0.12688303
4,99510562373844,0.14274544,-0.27989823,0.077231675
10,99510567529313,-1.6376064,0.7683735,0.058414936
2,99510572953428,-32.0,14.0,17.0
10,99510577002594,-1.3429558,0.73420954,0.08185387
4,99510581633636,0.16618125,-0.33662358,0.17390442
10,99510588428011,-1.004363,0.6974993,0.050580025
4,99510593109417,0.16484967,-0.36485308,0.20959078
10,99510597366084,-0.73584366,0.68182755,-0.042988777
4,99510600604313,0.12783173,-0.38109836,0.23089607
10,99510608207126,-0.43869066,0.6986575,-0.25021267
4,99510612840251,0.07350325,-0.340352,0.24048345
10,99510616378844,-0.1028626,0.6535554,-0.19089365
4,99510620378324,-0.0061252704,-0.267914,0.2644519
10,99510627681553,0.0012209415,0.56922054,-0.25823307
4,99510631473949,-0.06924219,-0.21544974,0.30280143
10,99510635591761,0.0026474,0.38748646,-0.06174898
4,99510641134522,-0.08282431,-0.17070863,0.34594464
10,99510648031449,0.26503134,0.17019987,0.094816685
4,99510652869990,-0.071106404,-0.12117383,0.37257624
10,99510657490042,0.290416,0.042735577,-0.16267204
4,99510662351292,-0.05539375,-0.06338324,0.37390783
10,99510667250094,0.36403775,0.055845737,-0.012038231
4,99510671047803,-0.057790596,-0.021038974,0.3472762
10,99510676228011,0.49757957,0.1632309,-0.030145645
4,99510681012907,-0.063116916,0.006657903,0.30786142
10,99510687595199,0.5546515,0.17156506,-0.15241241
4,99510692363167,-0.10626013,0.045007423,0.27696875
10,99510696982959,0.5181267,-0.06504965,-0.15951061
4,99510700205980,-0.1355549,0.08229168,0.26312032
10,99510707418688,0.3731904,-0.35715246,-0.056000233
4,99510712273219,-0.109988555,0.116912775,0.26525086
10,99510716895928,0.28241205,-0.4335289,0.07164097
4,99510720136449,-0.012250541,0.15765914,0.24847293
10,99510727146292,0.1975534,-0.51724434,0.50137806
4,99510731967021,0.04314321,0.18109496,0.19014971
10,99510735620771,-0.043848276,-0.9060898,0.5954213
4,99510739041969,-0.02263687,0.13901702,0.12117383
10,99510746909417,-0.19399631,-0.8634901,0.66786146
2,99510751731032,-34.0,21.0,17.0
10,99510756004261,-0.15035665,-0.685946,0.89894295
4,99510760817646,0.027963191,0.09853696,0.03435478
10,99510765771396,-0.114806294,-0.5794616,0.92659044
4,99510769566657,0.045007423,0.072171666,0.025300032
10,99510772615824,-0.078896046,-0.32326794,0.85956097
4,99510780013011,0.056459017,0.043409526,0.007456851
10,99510788071709,0.009336114,-0.1060462,0.7944956
4,99510792956657,0.045540057,0.011451593,-0.011185277
10,99510797584157,0.0077112913,-0.11244488,0.7898259
4,99510800822959,0.030360037,-0.010652645,-0.008788432
10,99510806704938,-0.05495763,0.2603407,0.67846155
4,99510811548167,0.025832662,-0.011984225,0.011984225
10,99510815290511,-0.008095741,0.37054014,0.7324395
4,99510819211917,0.023169503,-0.0029294773,0.05672533
10,99510826010303,-0.084293246,0.36393118,0.42857313
4,99510830788740,0.008788432,0.00958738,0.12676647
10,99510832958740,-0.07711184,0.6129103,0.1173172
4,99510839358271,0.029827405,0.0314253,0.15499598
10,99510847264053,-0.09183419,0.34051323,0.31853342
4,99510852106917,-0.01784318,0.03888215,0.14247912
10,99510856745459,-0.08174658,0.3487568,0.32243347
4,99510861520876,-0.09560748,2.663161E-4,0.087884314
10,99510866366188,-0.15163171,-0.4251728,0.44526958
4,99510870199365,-0.06098639,0.00958738,0.045007423
10,99510873509573,-0.15403187,-0.83457613,0.46921778
4,99510878314261,-0.050333746,0.024234766,0.038083203
10,99510885547959,-0.34767163,-0.8583498,0.47087955
4,99510890331396,-0.011185277,0.03355583,0.027963191
10,99510894071448,-0.35950005,-0.6755748,0.37960482
4,99510897317126,0.00958738,0.029294772,0.008788432
10,99510905333271,-0.26888466,-0.55181265,0.2979021
4,99510910152386,0.043409526,0.051931642,-0.04660532
10,99510913871865,-0.1008991,0.06499815,-0.040498257
4,99510917109001,0.041279,0.06018744,-0.053263225
10,99510925095251,-0.1324104,0.22428131,-0.06716061
2,99510929889782,-35.0,21.0,17.0
10,99510934304782,-0.15931535,0.4116125,0.011025906
4,99510937547490,0.009853696,0.022370555,-0.050600063
10,99510944888688,-0.15431929,0.5229535,0.15717459
4,99510949666917,0.03435478,0.017310547,-0.062051654
10,99510953388948,-0.27960396,0.48256445,0.2166729
4,99510958168532,0.029028457,0.023169503,-0.05752428
10,99510963261761,-0.30552995,0.45330954,0.23210907
4,99510967178428,0.017310547,0.026631612,-0.03888215
10,99510972925042,-0.3582263,0.45833254,0.35537767
4,99510977720459,0.022370555,0.027696876,-0.01784318
10,99510984433740,-0.45633423,0.32081175,0.36397362
4,99510989212438,0.017576864,0.0031957934,0.016777916
10,99510993046240,-0.5265651,0.19191122,0.3493681
4,99510996278740,0.01917476,0.0039947415,0.020240024
10,99511004220876,-0.5060948,0.15462446,0.34971523
4,99511009008480,0.0031957934,0.0061252704,0.019441076
10,99511012764417,-0.4331435,0.20658684,0.14713001
4,99511016002178,-0.008255799,5.326322E-4,0.01784318
10,99511024001188,-0.3854655,0.20282936,0.058797836
4,99511028741188,-0.03488741,-0.0063915867,0.018109497
10,99511032862490,-0.12701428,0.05272293,0.05173397
4,99511036091709,-0.059921127,0.0015978967,0.016511599
10,99511043412594,-0.06542373,-0.039532185,0.063785076
4,99511048187594,-0.051665325,0.008255799,0.013848438
10,99511051844521,-0.08915174,-0.18651009,0.21954584
4,99511056627438,-0.019707393,0.018375812,0.022903185
10,99511062125198,-0.1966548,-0.35176992,0.34474468
4,99511066061032,0.005060006,0.013582122,0.034621093
10,99511071822334,-0.28101528,-0.40891886,0.4487648
4,99511076644261,0.015978966,0.010652645,0.035153728
10,99511083327855,-0.31229842,-0.4524951,0.49459267
4,99511088199886,-0.0029294773,-0.002396845,0.04314321
10,99511091861292,-0.32003188,-0.53079176,0.5247221
654,99511095096813,-0.029827405,-0.024234766,0.026365295
4,99511101827334,-0.03568636,-0.0396811,0.006924219
2,99511105919730,-34.0,20.0,16.0
10,99511110220355,-0.16855311,-0.08031702,0.39713526
4,99511116042282,-0.07536746,-0.086020105,-0.054594804
10,99511122630615,-0.066871405,0.36451578,-0.13292074
4,99511127271709,-0.09454222,-0.14514229,-0.10865697
10,99511130741032,0.060494423,0.94519854,-1.2262921
4,99511135390094,-0.17470337,-0.19973709,-0.19307919
10,99511142491188,0.30375493,1.9518657,-2.3908553
4,99511147082125,-0.21278657,-0.25033715,-0.32730252
10,99511150548532,0.55113435,2.2149868,-3.2538304
4,99511155209313,-0.33981937,-0.24208134,-0.5052017
10,99511161037855,0.44329405,1.2343321,-2.677486
4,99511165731969,-0.57417756,-0.34301516,-0.64714813
10,99511170468219,-0.57331455,0.70248556,-0.53229094
4,99511175138480,-0.38775626,-0.6261092,-0.7850999
10,99511181970146,-0.78088737,-0.54567385,1.7548633
4,99511186590407,-0.033023197,-0.7640609,-0.9416938
10,99511190050146,-0.35525465,-3.0834332,2.5677981
4,99511194740198,0.03701794,-0.66658926,-0.96939063
10,99511201744678,-1.0360976,-3.0780907,3.1648545
4,99511206324730,0.19734024,-0.53076804,-0.84182525
10,99511209811292,-1.1876649,-1.5632844,2.739233
4,99511214556761,0.36671728,-0.39574575,-0.64821345
10,99511221591500,-0.25786018,-0.5474062,1.1368885
4,99511226224105,0.29134983,-0.22876555,-0.47271112
10,99511229685303,0.683913,0.61528397,0.3601818
4,99511234391865,0.1304949,-0.09161274,-0.345412
10,99511241320875,0.8187609,1.3245263,0.09216833
4,99511245112178,-0.10066749,-0.03488741,-0.24501082
10,99511249745719,0.50801873,1.4418383,-0.06513739
4,99511254456448,-0.34674358,-0.0063915867,-0.18482338
10,99511259925563,0.37465,1.3752103,-0.3078885
4,99511265025875,-0.44661212,0.05006743,-0.13795175
10,99511268543011,0.48403502,1.0657434,-0.30477762
4,99511273361813,-0.39068574,0.1323591,-0.05219796
10,99511280870198,0.48462176,0.6624327,-0.12686968
2,99511285516761,-36.0,14.0,18.0
10,99511289561917,0.2630186,0.34633303,0.33256578
4,99511292809209,-0.16831179,0.22583607,0.08282431
10,99511300332386,-0.15778041,0.05306053,0.6108961
4,99511304111240,0.020506341,0.18109496,0.112119086
10,99511308542438,-0.29870033,0.10586977,0.49469328
4,99511313643375,0.059388492,0.15819177,0.08495484
10,99511320699834,0.017608404,0.39320755,0.021745682
4,99511325570875,0.10146644,0.1784318,-0.009321064
10,99511329254625,0.05034423,0.3638215,-0.13400316
4,99511332500563,0.06578008,0.19094865,-0.019973708
10,99511340478584,-0.19852734,0.066401005,0.16320467
4,99511345338740,-0.08175905,0.17390442,-0.047404267
10,99511349033948,-0.34174085,-0.1862998,0.6643295
4,99511353939990,-0.104928546,0.16192019,-0.06524745
10,99511359034990,-0.3285253,-0.35126257,0.8029766
4,99511362836136,-0.10546118,0.17816548,-0.08841695
10,99511368462021,-0.37125134,-0.88154316,0.8940425
4,99511371917855,-0.08841695,0.2263687,-0.08282431
10,99511380014990,-0.3044896,-0.9247575,0.9450865
4,99511384873532,-0.0039947415,0.27057716,-0.11158645
10,99511388521917,0.02640009,-0.6006589,0.5917988
4,99511391762230,0.026365295,0.29694247,-0.13369069
10,99511399800563,0.07214737,-0.3880329,0.42270136
4,99511404704573,0.10546118,0.34088463,-0.16165388
10,99511409222490,-0.055398226,-0.115644455,0.29219532
4,99511412461552,0.11584751,0.34674358,-0.16165388
10,99511419582438,-0.086070776,-0.09442091,0.4085927
4,99511424483792,0.11158645,0.340352,-0.15792546
10,99511428129625,-0.17806888,-0.14009047,0.5009179
4,99511431352386,0.10066749,0.3400857,-0.15686019
10,99511439344000,-0.23320961,-0.106006145,0.52897406
4,99511444275146,0.068176925,0.35952675,-0.13608754
10,99511447962334,-0.3438022,0.2647748,0.3278036
4,99511452837334,0.06524745,0.3584615,-0.12703279
10,99511457989938,-0.35476446,0.36500216,0.05952692
2,99511461807073,-38.0,6.0,20.0
10,99511467413480,-0.110458136,0.5977106,-0.31833076
4,99511470812542,-0.02263687,0.4000068,-0.107858025
10,99511478906917,-0.02860117,0.64334345,-0.2724104
4,99511483758948,-0.0015978967,0.40852892,-0.087618
10,99511487406552,-0.44964957,0.09660292,0.4344492
4,99511490654573,0.04926848,0.35926044,-0.0743022
10,99511498677542,-0.5972065,0.013698101,0.40935993
4,99511503536917,0.09347696,0.31798145,-0.087618
10,99511507176552,-0.49852717,0.07449436,0.11121464
4,99511510417125,0.112119086,0.32330775,-0.11318435
10,99511518446969,-0.4517007,0.10806322,0.0020952225
4,99511523307125,0.11318435,0.34674358,-0.114782244
10,99511526919157,-0.35993695,0.14588594,-0.0050005913
4,99511530167177,0.11052119,0.3406183,-0.101999074
10,99511538219000,-0.31401563,-0.011664867,0.10857344
4,99511543135407,0.09054748,0.29161614,-0.1206412
10,99511546824782,-0.37830448,-0.15566254,0.27045965
4,99511551661552,0.07350325,0.2330266,-0.16325177
10,99511556734782,-0.47512066,-0.15387154,0.30960178
4,99511560557177,0.082025364,0.20213392,-0.180296
10,99511566249365,-0.30644536,-0.013554573,0.25646257
4,99511569697594,0.08841695,0.23062976,-0.16911073
10,99511577790927,-0.30801082,0.21889782,0.14427662
4,99511582631969,0.07962852,0.25406557,-0.14913702
10,99511586341396,-0.17170858,0.4295802,0.38827896
4,99511589578792,0.05832323,0.24314661,-0.14061491
10,99511597560407,-0.18374968,0.4943056,0.3110075
4,99511602434417,0.019707393,0.22184132,-0.13342437
10,99511606091344,-0.2141087,0.4473157,0.25586843
4,99511609338115,0.0026631611,0.22397186,-0.118776985
10,99511617365719,-0.1576705,0.6179614,0.20996523
4,99511622156969,0.029827405,0.2625877,-0.08948222
10,99511625815563,-0.102936506,0.7696228,0.1679287
4,99511629076032,0.046072688,0.29960564,-0.042077947
10,99511637119000,-0.16158223,0.8304162,0.24867916
2,99511641925146,-38.0,-1.0,21.0
10,99511646187907,-0.25322342,0.8576107,0.37832355
4,99511651069625,0.0053263223,0.3009372,0.029028457
10,99511656363532,-0.2892908,0.82651186,0.47969198
4,99511660158479,0.019441076,0.33316147,0.07137272
10,99511663582334,-0.44491148,0.52006006,0.7095394
4,99511669965302,0.04234426,0.37044573,0.14940333
10,99511677951500,-0.7223407,0.071472645,0.81895685
4,99511682785198,0.064182185,0.38242993,0.22264028
10,99511686451813,-0.672346,0.069711685,0.80409956
4,99511689700719,0.11584751,0.36432046,0.24154872
10,99511695662646,-1.0551388,-0.11436033,0.8424449
4,99511700450927,0.16271915,0.31265512,0.25353295
10,99511702559261,-1.3161049,-0.44236708,0.89272404
4,99511709562386,0.18002969,0.23036344,0.28575718
10,99511717488584,-1.3635707,-0.90751934,0.87024546
4,99511722271604,0.21012342,0.1520665,0.3022688
10,99511725985094,-1.3254347,-0.91433525,0.85582876
4,99511729213844,0.262854,0.12623383,0.29933932
10,99511736002282,-0.98563874,-0.77021027,0.85184383
4,99511740788532,0.30493194,0.12836437,0.26871297
10,99511742959000,-0.77973783,-0.051949978,0.39933825
4,99511749509104,0.3107909,0.1222391,0.24341293
10,99511755837386,-0.3395102,0.67040634,-0.19972324
4,99511760113479,0.27696875,0.11824436,0.16884442
10,99511762232854,-0.054614067,0.93376446,-0.352952
4,99511768898896,0.24074976,0.11265171,0.1470065
10,99511775377281,-0.09014416,0.7203846,-0.13597775
4,99511780198115,0.13502227,0.016245283,0.0644485
10,99511783926292,-0.21590376,0.36855984,0.2534151
4,99511787244729,0.11558119,-0.024234766,0.03089267
10,99511795197802,-0.26603198,0.16767502,0.28672552
4,99511799965823,0.11052119,-0.025832662,-0.020240024
10,99511803746240,-0.24377143,-0.12670183,0.18433571
4,99511807014052,0.12010857,7.9894834E-4,-0.006924219
10,99511814928323,-0.2454133,-0.17920732,0.14848757
2,99511819723167,-38.0,-3.0,24.0
10,99511824085042,-0.17389894,-0.05064726,0.005284786
4,99511827341500,0.1603223,0.049002163,0.090281166
10,99511834705250,-0.069033146,-0.04508257,-0.048067093
4,99511839461604,0.15606125,0.07643273,0.095074855
10,99511843155302,0.07186365,0.1036582,0.013158798
4,99511847955094,0.16112125,0.092944324,0.09560748
10,99511853053063,0.01656735,0.1626873,0.032347202
4,99511857164365,0.15499598,0.11531488,0.10839066
10,99511863110094,-0.194983,0.31721926,-0.038116455
4,99511866373375,0.11265171,0.105993815,0.12410331
10,99511874260667,-0.26177502,0.33368778,-0.15437031
4,99511879151500,0.024234766,0.123836994,0.08655274
10,99511882922594,-2.4020672E-4,0.43332577,-0.13070726
4,99511886182959,0.010918961,0.13369069,0.06764429
10,99511894034781,-0.05757475,0.37547922,-0.097653866
4,99511898855615,-0.013848438,0.13369069,0.054062173
10,99511903494365,-0.30257452,-0.033775806,0.109574795
4,99511906737854,-0.050600063,0.10519487,0.05539375
10,99511913813271,-0.3541329,-0.14960814,0.19748926
4,99511918689834,-0.027963191,0.07376956,0.042077947
10,99511922383167,-0.46468234,-0.5207038,0.18823671
4,99511925669209,0.014647386,0.066312715,0.032490566
10,99511933590875,-0.4411006,-0.5066252,0.17039013
4,99511938366604,0.07137272,0.086020105,0.02876214
10,99511942066240,-0.3957671,-0.07238293,0.25834656
4,99511946841761,0.12037488,0.09880328,0.03355583
10,99511951940511,-0.36596978,0.018277168,0.24601603
4,99511956049938,0.101200126,0.07856325,0.015978966
10,99511961992646,-0.3238418,0.09664917,0.16207933
4,99511965255979,0.030626353,0.05912218,-0.017310547
10,99511973143896,-0.39232802,0.04757023,0.2637086
4,99511977919000,-0.04447479,0.032756884,-0.03195793
10,99511981583636,-0.6433279,-0.068918705,0.19073868
4,99511985025302,-0.07536746,0.0029294773,-0.03089267
10,99511992961396,-0.58856916,-0.078914165,0.23583317
2,99511997770458,-37.0,-2.0,25.0
10,99512002167698,-0.4194572,0.054092884,0.3631606
4,99512005410875,0.021837922,-0.011451593,-0.055926383
10,99512012707906,-0.36472964,0.21952248,0.3262558
4,99512017487021,0.033289514,-0.022370555,-0.06338324
10,99512021134417,-0.33557332,0.29366302,0.26860285
4,99512024554365,-0.01304949,-0.0314253,-0.071106404
10,99512032163167,-0.30807424,0.34618187,0.27279663
4,99512037004938,-0.05566007,-0.025300032,-0.06524745
10,99512040733948,-0.31362176,0.24225807,0.36591482
4,99512046048583,-0.071106404,-0.024767399,-0.035952676
10,99512050984208,-0.42155302,0.06521225,0.3220625
4,99512054925563,-0.049534798,-0.034621093,-0.013582122
10,99512059840771,-0.37614536,0.017456532,0.26622248
4,99512064768479,0.0037284256,-0.03542004,-0.018109497
10,99512072042229,-0.22934115,0.18285656,0.26240396
4,99512076853427,0.06924219,-0.02876214,-0.023435818
10,99512080548792,-0.17641032,0.3278575,0.2208643
4,99512083904261,0.08282431,-0.03089267,-0.022104237
10,99512091814573,-0.14041054,0.38130808,0.2921791
4,99512096630875,0.040480047,-0.05006743,-0.02956109
10,99512100319729,-0.07539201,0.30595112,0.23909044
4,99512103682490,-0.007456851,-0.053263225,-0.041012682
10,99512111582438,-0.0051374435,0.19681549,0.18724775
4,99512116373479,-0.03195793,-0.03834952,-0.04527374
10,99512120083323,-0.013239503,0.18606234,0.17064619
4,99512123468688,-0.025300032,-0.023169503,-0.030626353
10,99512131354261,-0.012412429,0.19489479,0.0917511
4,99512136130615,-0.005060006,-0.021837922,-0.006924219
10,99512139778375,-0.014646888,0.14771223,0.119556904
4,99512144727229,0.015446335,-0.026897928,0.0018642128
10,99512149690875,0.047626257,0.06621933,0.11571026
4,99512153826656,0.04314321,-0.024234766,0.0031957934
10,99512159760198,0.033571005,0.08564997,0.093604565
4,99512163029625,0.06844324,-0.017044231,0.012516857
10,99512170901240,0.056022644,0.07674551,0.0843215
2,99512175778375,-35.0,-2.0,25.0
10,99512180040458,0.13206148,0.07521868,0.051039696
4,99512183284365,0.047404267,0.0026631611,0.042077947
10,99512190678427,0.13549328,0.03438139,0.097417355
4,99512195694990,0.020240024,0.012250541,0.03701794
10,99512200305927,0.028281808,-0.01893282,0.1495223
4,99512203550927,-0.0058589545,0.013848438,0.025566347
10,99512210462490,0.009578347,0.0493145,0.14549685
4,99512215377073,-0.0077231675,0.021571605,0.008788432
10,99512219984573,0.033067465,0.04620266,0.06537914
4,99512223195823,-0.021038974,0.03914847,-7.9894834E-4
10,99512230232750,-0.004720688,-0.015648842,0.04330969
4,99512235101552,-0.04181163,0.04314321,-0.0039947415
10,99512238808323,-0.105799556,-0.037745953,0.10099459
4,99512243779781,-0.04873585,0.039414786,-0.004261058
10,99512248685094,-0.120731115,-0.07520962,0.1237669
4,99512252717385,-0.047670584,0.043409526,-0.011717909
10,99512257544365,-0.118783474,-0.13944292,0.15339422
4,99512262398167,-0.033822145,0.057257965,-0.019707393
10,99512269789052,-0.12516153,-0.15179396,0.07206631
4,99512274634052,-0.020506341,0.095074855,-0.030360037
10,99512279216135,-0.028086782,-0.1514101,0.22649622
4,99512282467438,-0.013315806,0.104928546,-0.040480047
10,99512289567906,-0.028217793,-0.15407419,0.205482
4,99512294546448,-0.013848438,0.1438107,-0.066312715
10,99512299157958,-0.15320551,-0.11460161,0.248003
4,99512302369260,-0.01784318,0.15286545,-0.06950851
10,99512309484156,-0.24231434,-0.076450825,0.254889
4,99512314347229,-0.020240024,0.18109496,-0.061519023
10,99512318965042,-0.357849,-0.14085579,0.1730032
4,99512322198844,-0.019707393,0.19361182,-0.055926383
10,99512329120615,-0.4035443,-0.16937113,0.18391514
4,99512333971240,0.0127831735,0.2031992,-0.058589544
10,99512338587698,-0.3394339,-0.03321266,0.28860188
4,99512343505719,0.03888215,0.20399815,-0.07137272
10,99512348414000,-0.26798642,0.026125908,0.28245735
2,99512352226448,-36.0,-5.0,26.0
10,99512356104104,-0.20677447,0.07822895,0.22684336
4,99512362241865,0.08335695,0.21997711,-0.105727494
10,99512368681344,-0.17480707,0.1554451,0.2303462
4,99512373575458,0.08948222,0.22556975,-0.10945592
10,99512378182750,-0.11835468,0.16357803,0.22204971
4,99512381426656,0.07190535,0.2495382,-0.099069595
10,99512388454365,-0.1578157,0.118507385,0.2932067
4,99512392400406,0.056459017,0.26498455,-0.06950851
10,99512398454365,-0.35681927,-0.055852413,0.47120142
4,99512408975146,0.111852765,0.2543319,-0.05006743
10,99512417888635,-0.42998695,0.15056562,0.37838507
4,99512421096083,0.16271915,0.25379926,-0.056459017
10,99512425147594,-0.22497916,0.259861,0.103820324
4,99512431307750,0.15765914,0.25513083,-0.061252706
10,99512438085875,-0.10732269,0.54754734,0.20940876
4,99512441371760,0.13768543,0.2130529,-0.06657903
10,99512446569260,-0.20553148,0.56955194,0.32208395
4,99512451341656,0.090014845,0.17044231,-0.066312715
10,99512456436396,-0.3602438,0.43378544,0.4050374
4,99512459680562,0.030626353,0.13342437,-0.070307456
10,99512466112958,-0.42626143,0.24740458,0.5082536
4,99512470939573,0.028495824,0.12197278,-0.07989483
10,99512477625458,-0.38439715,0.06270504,0.5132308
4,99512480873323,0.07084008,0.13102753,-0.088150635
10,99512485578062,-0.17447793,0.066075325,0.5257578
4,99512490403219,0.116912775,0.14301175,-0.101200126
10,99512497416344,-0.022348523,0.009305477,0.3785038
4,99512500654469,0.13608754,0.15446335,-0.123038046
10,99512505848896,-0.020287752,0.0015969276,0.30931473
4,99512510675406,0.14061491,0.17949706,-0.12942964
10,99512517190615,-0.1422962,-0.030855179,0.34207726
4,99512520433219,0.15978967,0.24580978,-0.10466223
10,99512523414781,-0.020191908,-0.15056515,0.4402399
2,99512531049677,-35.0,-9.0,26.0
10,99512538756708,-0.20112717,-0.30487394,0.7241869
4,99512542015406,0.11558119,0.5787049,0.12836437
10,99512546595823,-0.13587582,-0.3104477,0.709816
4,99512551367281,0.14247912,0.6831008,0.32996565
10,99512556458323,-0.8153306,-0.90504646,1.4257536
4,99512559561552,0.22104238,0.6961503,0.52837116
10,99512563369937,-1.0619334,-0.60337687,1.1073246
4,99512570597594,0.350472,0.608266,0.660464
10,99512578199000,-0.95439225,0.77252865,0.4264431
4,99512581446187,0.5589975,0.3539341,0.50600064
10,99512585894469,-0.90223193,0.71837187,0.3846407
4,99512590670510,0.40080574,-0.018109497,0.090014845
10,99512596940771,-1.6253052,1.386344,0.46602345
4,99512600189625,-0.2130529,-0.32969934,-0.25832662
10,99512603025875,-1.8886673,1.8723669,0.3534956
4,99512610225510,-0.4926848,-0.4428837,-0.35153726
10,99512617823740,-1.3147479,1.6110022,-0.04981804
4,99512621056239,-0.551807,-0.48522797,-0.33529198
10,99512625605667,-1.370462,1.6503098,-0.01665306
4,99512630481812,-0.39840892,-0.5949502,-0.32117724
10,99512636830198,-0.83290553,0.15906715,-0.203197
4,99512640068271,-0.099069595,-0.7528756,-0.30120352
10,99512643002489,-0.90233743,-0.6190481,-0.2223506
4,99512650171448,0.082025364,-0.8434231,-0.23489082
10,99512656507854,-0.89721185,-0.050928116,-0.44071484
4,99512660703739,0.29667616,-0.7880294,-0.105727494
10,99512662872385,0.019767404,1.2156043,-0.25875568
4,99512669491656,0.39388153,-0.5520733,0.024234766
10,99512677106135,0.26531994,0.5793252,-0.25336504
4,99512680350979,0.13102753,-0.2593919,0.20373182
10,99512683247437,0.26531994,0.5793252,-0.25336504
4,99512688984937,0.034088463,-0.13422333,0.29800773
10,99512694616708,0.058265686,0.6933856,0.60387707
4,99512697822073,-0.025832662,0.055926383,0.43382895
10,99512703645198,0.44206262,0.3301201,-0.30457115
2,99512708410667,-30.0,-6.0,27.0
10,99512715070146,0.43382,0.40591955,-0.93368864
4,99512718477958,0.101200126,0.3637878,0.79921466
10,99512723597750,0.8005743,0.9878888,-1.2457294
4,99512728364364,0.23648871,0.36645097,0.83010733
10,99512734273062,0.8132113,0.5699625,-1.6752043
4,99512737530094,0.2841593,0.43249738,0.8178568
10,99512743220250,0.2536682,1.2140322,-1.8521018
4,99512748043479,0.1307612,0.484429,0.69748193
10,99512752965927,-0.08750415,1.2870483,-1.2801309
4,99512756352437,-0.10972224,0.39494678,0.40053943
10,99512763031500,-1.5598605,-0.5116067,-0.9534359
4,99512767818114,-0.52837116,0.19361182,0.0958738
10,99512774117021,-2.8361335,-2.6374884,1.1504545
4,99512777348896,-0.7952199,-0.070041135,-0.22050974
10,99512782807594,-3.2004454,-4.3817444,1.418952
4,99512787627542,-0.6562029,-0.2016013,-0.5052017
10,99512793893427,-1.9944866,-4.6991434,1.4692698
4,99512797108062,-0.175236,-0.1949434,-0.6375608
10,99512802575823,-1.0764867,-4.0015354,1.2622676
4,99512807384104,0.26391926,-0.26684874,-0.6942861
10,99512813707698,-0.28398532,-2.2174015,0.9327297
4,99512816911760,0.32517198,-0.39254996,-0.8072041
10,99512822307958,0.4280696,-0.42525434,0.1406126
4,99512827059469,0.108124346,-0.45566687,-0.9270464
10,99512833486760,0.61690366,0.60289526,0.27196407
4,99512836725198,-0.14327806,-0.46685216,-0.917459
10,99512842095927,0.36707294,0.8348212,0.6163664
4,99512846862177,-0.3520699,-0.46978164,-0.8476842
10,99512851793323,0.39570224,0.97386265,0.6788087
4,99512855232854,-0.42290998,-0.4498079,-0.7928231
10,99512861917802,0.5207082,1.2671452,0.88228655
4,99512866724625,-0.3438141,-0.39894155,-0.69135666
10,99512872997125,0.46997786,1.4335613,1.0601916
4,99512876231812,-0.20213392,-0.3552657,-0.49747851
10,99512881642281,0.35456657,1.3820505,0.89324
2,99512886417541,-30.0,-3.0,22.0
10,99512892958114,0.3237126,1.4855957,0.66543007
4,99512896189104,0.08149273,-0.26391926,-0.13795175
10,99512901421760,0.3907683,1.6833038,0.45552206
4,99512906203739,0.1520665,-0.19574234,-0.03888215
10,99512912586812,0.47720551,1.9443629,0.1053195
4,99512915831812,0.11132014,-0.1355549,0.04660532
10,99512921185094,0.5056052,2.2005556,-0.16614628
4,99512926203635,0.03089267,-0.087085366,0.12037488
10,99512932381969,0.584419,2.3127606,-0.259686
4,99512935613896,-0.044208474,-0.049534798,0.19387813
10,99512940963375,0.42289114,2.0298576,-0.29596043
4,99512945864521,-0.10759171,-0.02130529,0.2790993
10,99512950798323,0.26283646,1.6107535,-0.32744598
4,99512954129521,-0.10945592,0.0015978967,0.32384038
10,99512960484729,0.2498728,1.36273,-0.13040638
4,99512965359937,-0.041545313,0.02956109,0.33316147
10,99512971886291,0.22589374,0.99824095,-0.17937136
4,99512975128739,0.025832662,0.06764429,0.35127094
10,99512980518062,0.101667285,0.49510145,-0.21179771
4,99512985460823,0.07669904,0.11265171,0.38402784
10,99512991672229,-0.08468032,0.03179407,-0.14104414
4,99512994908479,0.15020229,0.14833808,0.41598576
10,99513000338166,-0.24979305,-0.3620038,-0.13792276
4,99513005218166,0.21598236,0.17763285,0.42690474
10,99513011443166,-0.31991947,-0.5018382,-0.047703266
4,99513014664521,0.2761698,0.20266657,0.4000068
10,99513020081448,-0.15115023,-0.31527233,-0.19141722
4,99513024972021,0.3089267,0.23462449,0.32783514
10,99513031201291,0.099846244,-0.10246897,-0.4188757
4,99513034635354,0.27803403,0.28202876,0.2647182
10,99513039845510,0.288934,0.05174303,-0.493268
4,99513044780927,0.19867182,0.3400857,0.23196134
10,99513049691187,0.24860227,0.19959545,-0.32641935
4,99513053014677,0.15686019,0.3653857,0.23036344
10,99513059657854,0.058683515,0.13270044,0.111367226
2,99513064484468,-30.0,-2.0,24.0
10,99513070241500,0.19071364,-0.57204247,0.4938097
4,99513073485875,5.326322E-4,0.66871977,0.4098605
10,99513079402229,-0.41567087,-1.458991,1.0292997
4,99513084323739,-0.027963191,0.7728494,0.67191553
10,99513090579104,-1.3324487,-1.9670424,1.5129709
4,99513093815510,0.092145376,0.76938725,0.97738016
10,99513099180666,-1.347348,-2.1433864,1.2620573
4,99513103177646,0.3797668,0.6892261,1.1033477
10,99513110361656,-0.9962175,-0.93148947,0.65154076
4,99513113574625,0.84422207,0.3818973,0.5933523
10,99513118956291,-1.112566,-1.0350723,1.6049194
4,99513123794833,0.68389976,0.13768543,0.21012342
10,99513130153114,-2.0492978,-0.7189503,0.8142128
4,99513133405614,-0.3864247,-0.38269624,-0.42051315
10,99513138736343,-1.8939497,-0.12863779,1.5847569
4,99513143598843,-0.49534798,-0.4346279,-0.4426174
10,99513148527489,-1.0842227,-1.447578,1.433197
4,99513151899729,-0.53502905,-0.53476274,-0.46898267
10,99513158242906,-0.73676455,-1.7756395,1.0154457
4,99513163076864,-0.33316147,-0.62584287,-0.54195327
10,99513169823896,-0.25410372,-1.1730876,0.222888
4,99513173062177,0.087085366,-0.64581656,-0.6085323
10,99513178298739,-0.17294586,0.33328152,-0.6079078
4,99513183220250,0.2905509,-0.60746706,-0.64075655
10,99513189429885,-0.3612405,0.6790128,-1.04182
4,99513192674052,0.043675844,-0.6468818,-0.6628608
10,99513197907177,-0.23319697,1.9562721,-1.0686402
4,99513202796604,-0.20559604,-0.68682927,-0.67484504
10,99513209212698,-0.14380217,1.8625128,-0.82572603
4,99513212457125,-0.3568636,-0.6532734,-0.6535397
10,99513217857958,-0.13167202,0.97772074,-0.04751587
4,99513222633062,-0.406931,-0.5701828,-0.5925534
10,99513228996083,-0.42813993,0.23304796,0.49179268
4,99513232238687,-0.32623723,-0.4924185,-0.49428272
10,99513237678010,-0.7963255,-0.04231596,0.6622734
2,99513242509781,-30.0,-2.0,23.0
10,99513247426448,-0.81426954,-0.008169174,0.55752325
4,99513250827541,0.04660532,-0.31718248,-0.2016013
10,99513257412593,-0.5614313,0.39902067,0.22135973
4,99513262267489,0.12703279,-0.22184132,-0.0793622
10,99513268598323,-0.26463842,1.1167374,-0.14480543
4,99513271830979,0.101200126,-0.14807177,0.007989483
10,99513277192437,-0.20848763,1.6185164,-0.55605936
4,99513282015614,-0.04660532,-0.1257012,0.07989483
10,99513288329781,-0.18241036,1.7835534,-1.0677428
4,99513291569625,-0.2181129,-0.11105382,0.11265171
10,99513297010198,-0.031079054,1.6144857,-1.032413
4,99513301836916,-0.29507825,-0.07829694,0.13688648
10,99513308131083,-0.027085304,1.2066531,-0.6713877
4,99513311371864,-0.26178873,-0.05566007,0.18216023
10,99513316744833,-0.12065613,0.7941265,-0.19581509
4,99513321541916,-0.18668759,-0.050600063,0.24101609
10,99513327893948,-0.12679839,0.58509207,-0.050011158
4,99513331123948,-0.12170646,-0.030360037,0.2905509
10,99513336521448,-0.05414927,0.48322105,0.14775419
4,99513341364312,-0.1107875,0.024767399,0.32943302
10,99513346301395,-0.015718222,0.29233694,0.08690071
4,99513349676708,-0.13608754,0.080960095,0.32996565
10,99513356088791,-0.075947165,0.2947502,-0.04542446
4,99513360862541,-0.13129385,0.13475595,0.32384038
10,99513367483687,-0.00882411,0.23226452,-0.07550335
4,99513370715510,-0.11824436,0.16964336,0.3291667
10,99513376098218,0.17438221,0.054335117,-0.03905058
4,99513380874677,-0.11424961,0.19787288,0.31611723
10,99513387215770,0.34215105,-0.06880379,0.14309788
4,99513390421968,-0.12037488,0.21411815,0.2892193
10,99513393386552,0.13146138,-0.21724415,0.25562525
4,99513401235302,-0.16165388,0.22050974,0.27643612
10,99513408894781,0.0065734386,-0.342484,0.3797269
4,99513412154677,-0.19041602,0.20532973,0.25060347
10,99513417015927,0.032710195,-0.32032967,0.39041567
2,99513421837437,-33.0,-1.0,23.0
10,99513428131604,0.32570398,-0.3116231,0.06447792
4,99513431402958,-0.11824436,0.19148129,0.16112125
10,99513436255927,0.47128272,-0.24325085,0.30093622
4,99513441078948,-0.029294772,0.16884442,0.13608754
10,99513446008895,0.24429047,-0.3645172,0.6565981
4,99513449103531,0.024767399,0.12197278,0.11451593
10,99513453321395,0.09823823,-0.24001646,0.83137417
4,99513460563948,0.041545313,0.101999074,0.0777643
10,99513468167073,0.18870616,-0.12270117,0.6992054
4,99513471399781,0.021571605,0.112918034,0.048203215
10,99513476277020,0.21662557,-0.04908943,0.6060667
4,99513481063427,-0.023435818,0.13156016,0.059921127
10,99513487223479,0.11208725,-0.27704668,0.58453655
4,99513490459677,-0.12250541,0.12836437,0.084155895
10,99513493345979,-0.057901025,-0.5332265,0.62763214
4,99513500145093,-0.16538231,0.11371698,0.063116916
10,99513507715302,-0.05713308,-0.61843824,0.6782856
4,99513510949729,-0.12916331,0.11105382,0.028229509
10,99513513861760,-0.002066493,-0.61843824,0.6232195
4,99513519584156,-0.054328486,0.11984225,0.015446335
10,99513525883114,0.07118738,-0.5447111,0.5797982
4,99513529130927,0.020240024,0.11584751,0.0077231675
10,99513534255197,0.010429859,-0.4872322,0.68467474
4,99513539062697,0.04181163,0.10865697,-5.326322E-4
10,99513544190822,-0.15370917,-0.45257187,0.72289515
4,99513547442125,0.071106404,0.08042747,-0.023435818
10,99513553931395,-0.18830621,-0.4159341,0.65888643
4,99513558700406,0.07643273,0.06870956,-0.04660532
10,99513565409625,-0.12069237,-0.24009466,0.6322546
4,99513568641500,0.087618,0.07483483,-0.06471482
10,99513573824156,-0.08765614,-0.24232292,0.6722064
4,99513578634104,0.08974853,0.06098639,-0.06977482
10,99513585186291,-0.15851367,-0.09927416,0.69501543
4,99513588431916,0.10705908,0.0063915867,-0.105993815
10,99513593606812,-0.12755525,0.03242922,0.58550787
2,99513598366291,-39.0,-5.0,24.0
10,99513604965562,-0.12284708,0.14311314,0.5186281
4,99513608209625,0.101999074,-0.014647386,-0.12144015
10,99513613379572,-0.22016692,0.26097345,0.35627794
4,99513618164364,0.088150635,-0.03355583,-0.10439592
10,99513624738062,-0.22162235,0.26286554,0.36012268
4,99513627980875,0.10759171,-0.051132694,-0.094808534
10,99513633149260,0.10693395,0.19041824,0.30697393
4,99513637946812,0.14434333,-0.050600063,-0.10705908
10,99513643077281,0.15795231,0.16098261,0.2740326
4,99513646347802,0.20719394,-0.033822145,-0.1041296
10,99513651874989,0.124105334,0.13448334,0.23064232
4,99513658344000,0.27004454,-0.011717909,-0.08042747
10,99513664631135,0.11217761,0.1534915,0.2192645
4,99513667870093,0.3158509,0.00958738,-0.071106404
10,99513672756656,0.19776917,0.27877522,0.0037798882
4,99513677535927,0.3336941,0.054328486,-0.073236935
10,99513684076395,0.24935544,0.36078262,-0.029421806
4,99513687306760,0.32037827,0.107858025,-0.062051654
10,99513692445979,0.26924896,0.54576874,-0.15185833
4,99513697262958,0.28469193,0.15393071,-0.03089267
10,99513703872229,0.22804463,0.4991889,-0.15105724
4,99513707109781,0.26178873,0.19014971,0.01784318
10,99513711892854,0.036241293,0.21917105,0.16457558
4,99513716910354,0.2825614,0.2181129,0.1025317
10,99513723835770,-0.43345845,-0.46640444,0.3586464
4,99513727055562,0.33076462,0.2479403,0.20080236
10,99513731964885,-0.6770888,-0.95776033,0.72109556
4,99513736798374,0.44394895,0.299073,0.28682247
10,99513741968947,-0.5777122,-1.2257171,0.9846115
4,99513745226916,0.5411543,0.37390783,0.37470677
10,99513751671864,-0.56863827,-1.1378899,1.0401258
4,99513756451864,0.6540724,0.44101948,0.46152583
10,99513763201656,-0.42602205,-0.7244563,0.83936596
4,99513766441031,0.8066715,0.40213734,0.41385525
10,99513771573687,-0.6725165,-0.18429565,1.250659
2,99513776432802,-37.0,-6.0,29.0
10,99513782976447,-1.0079232,-0.27220058,1.4477606
4,99513786211656,0.44528055,-0.07882957,-0.03435478
10,99513791194364,-0.91003287,-0.09678459,1.2753096
4,99513796188270,0.13662016,-0.24394555,-0.1834918
10,99513802738270,-1.1604718,-0.13651848,1.3555775
4,99513805949624,0.040213734,-0.3371562,-0.16884442
10,99513811077385,-1.00321,-0.6751323,1.2513018
4,99513815902177,0.15526229,-0.38029942,-0.14354439
10,99513822526499,-0.25304353,-0.7535095,0.48676872
4,99513825765197,0.35553202,-0.36272255,-0.18295917
10,99513830938635,0.1746664,-0.0037879944,-0.57218075
4,99513835843270,0.46472162,-0.29188246,-0.1965413
10,99513840941812,0.29444563,1.0942106,-1.5497231
4,99513844152020,0.39920786,-0.21172132,-0.18908444
10,99513850537437,0.3166964,2.0012124,-2.1649618
4,99513855403374,0.19760656,-0.18002969,-0.20932446
10,99513862145249,0.1609689,2.3367116,-2.4471374
4,99513865385093,-0.023435818,-0.090014845,-0.30120352
10,99513870513010,0.597816,1.9311283,-1.9063578
4,99513875330770,-0.29614353,0.01438107,-0.48043427
10,99513881899208,0.27270293,0.52226305,-1.4148426
4,99513885138947,-0.39121836,0.16005598,-0.50813115
10,99513890259052,-0.19861114,-0.030926228,-0.038238525
4,99513895242072,-0.12010857,0.26551718,-0.40959418
10,99513901683479,-0.5284718,-0.5592294,0.29185867
4,99513904931916,0.17976338,0.44927529,-0.27350664
10,99513909831864,-0.6110015,-1.2549047,-0.2241602
4,99513914710562,0.26418558,0.6844324,-0.083090626
10,99513921464729,-0.5589163,-0.15318918,-0.06699085
4,99513924710979,0.381631,0.8615326,0.11771172
10,99513929607072,-0.5336963,0.39581823,-0.35755014
4,99513934530822,0.30945933,0.9395633,0.36432046
10,99513939805979,-1.0197929,0.5174689,-0.21322823
4,99513942972489,0.26338664,0.9147959,0.48709217
10,99513949429676,-1.564697,1.0306625,0.8456211
2,99513954266239,-29.0,-7.0,29.0
10,99513960994520,-2.1933308,1.1016045,2.1873865
4,99513964300093,0.25060347,0.24687503,0.26764768
10,99513969201551,-2.815203,0.019393444,2.2981157
4,99513974094624,-0.44235107,-0.114782244,-0.11451593
10,99513980766343,-2.949604,0.40495586,2.4009142
4,99513984056656,-0.7880294,-0.30706248,-0.20293288
10,99513988985406,-2.479231,0.14720774,2.2207909
4,99513993907854,-0.7571367,-0.360592,-0.16618125
10,99514000502333,-1.3696864,-1.2948809,1.1037416
4,99514003716864,-0.37444046,-0.43089947,-0.13369069
10,99514008911395,-0.8410041,-1.0362358,-0.2765169
4,99514013858062,-0.23861924,-0.43888897,-0.15819177
10,99514020297437,-0.687804,0.23927927,-1.372859
4,99514023541499,-0.073236935,-0.46472162,-0.23888555
10,99514028689051,-0.49092102,1.1988373,-1.9812799
4,99514033636864,-0.18162759,-0.49055427,-0.28815404
10,99514038768479,-0.5766561,1.615726,-1.8420696
4,99514041888635,-0.45806372,-0.6002765,-0.39468047
10,99514048325458,-0.8719455,1.4584792,-1.6635017
4,99514053178635,-0.69508505,-0.69109035,-0.4561995
10,99514059851551,-0.7972712,0.9108348,-0.8956795
4,99514063086604,-0.61865234,-0.7307714,-0.45726478
10,99514068050093,-0.9092554,-0.0035171509,-0.109926224
4,99514072926031,-0.45699844,-0.7507451,-0.4394216
10,99514079658166,-1.0924026,-0.16659689,0.103242874
4,99514082899885,-0.33502567,-0.763262,-0.37017938
10,99514088079051,-1.231415,0.31445456,0.3208208
4,99514092964572,-0.24580978,-0.76459354,-0.2892193
10,99514099393010,-1.239553,0.54910994,0.28713894
4,99514102632176,-0.24660872,-0.73636407,-0.21678132
10,99514107604833,-1.1874,0.8857832,0.16060162
4,99514112428791,-0.33129725,-0.69535136,-0.14274544
10,99514119216239,-1.0191469,1.0131884,0.21148586
4,99514122429051,-0.43782368,-0.65886605,-0.07536746
10,99514127496708,-0.8671288,0.82321405,0.040714264
2,99514133235041,-29.0,-5.0,26.0
10,99514138390145,-0.7649517,0.7386532,-0.32347012
4,99514138390145,-0.6511429,-0.59841233,0.016511599
11,99514138390145,-0.29183,0.101997,-0.584824,0.749941,3.0
4,99514141559364,-0.6823019,-0.5800365,0.041279
10,99514146886760,-0.58963406,0.9367595,-0.20785761
4,99514151717958,-0.6383597,-0.5613944,0.066312715
10,99514158735562,-0.3111198,0.7569008,-0.23179674
4,99514161969468,-0.58429754,-0.5475459,0.071106404
10,99514167154103,0.038633347,0.45609522,-0.27414274
4,99514171946343,-0.57151437,-0.5238438,0.058056913
10,99514178540666,0.21711707,0.3945117,-0.06890917
4,99514181772020,-0.5278385,-0.50626695,0.066312715
10,99514186738999,0.22943902,0.16094875,0.17284203
4,99514191560197,-0.48070058,-0.49055427,0.1304949
10,99514198363010,0.1638627,-0.17670202,0.34334326
4,99514201590406,-0.42397526,-0.4775048,0.19068234
10,99514206630926,0.1322496,-0.116699696,0.20608091
4,99514211474885,-0.35153726,-0.4593953,0.1898834
10,99514218102072,0.25356674,0.16143894,-0.04367256
4,99514221352385,-0.2977414,-0.4181163,0.17097494
10,99514226330093,0.4023347,0.3634529,-0.14586306
4,99514231144156,-0.2977414,-0.3933489,0.17310548
10,99514236455926,0.54690456,0.37110472,0.046206474
4,99514239639885,-0.30040458,-0.40107206,0.16937704
10,99514246088791,0.71580863,0.40613985,0.24049282
4,99514250845353,-0.28309402,-0.40746364,0.15180019
10,99514257635353,0.7079232,0.25318098,0.2897992
4,99514260877385,-0.31718248,-0.38589206,0.16192019
10,99514263814364,0.5930016,-0.0053925514,0.23233843
4,99514271456864,-0.35979307,-0.34594464,0.19361182
10,99514279079937,0.42849398,-0.023129463,0.49551964
4,99514282306395,-0.34328148,-0.34887412,0.23462449
10,99514286761656,0.41179657,0.008005619,0.5257592
4,99514291569103,-0.29134983,-0.35792887,0.2615224
10,99514297868739,0.5132961,-0.14098692,0.075521946
4,99514301103687,-0.24234766,-0.31345406,0.25859293
10,99514304082072,0.7982061,-0.18168831,0.14016533
2,99514311165249,-36.0,2.0,21.0
10,99514318853531,0.7115972,-0.21556759,0.32819653
4,99514322080145,-0.15286545,-0.29534456,0.19734024
10,99514326659833,0.6930418,-0.2002883,0.34686184
4,99514331440197,-0.1323591,-0.272974,0.13741912
10,99514336572072,1.0298645,-0.56524324,0.62065697
4,99514339687333,-0.13315806,-0.16112125,0.105727494
10,99514342462958,1.0418355,-0.7160778,0.7212138
4,99514350558062,-0.13821806,-0.0061252704,0.12996227
10,99514358172281,0.9055126,-1.0384731,0.87240076
4,99514361431708,-0.16138756,0.116912775,0.18162759
10,99514364314624,0.9055126,-1.0384731,0.87240076
4,99514370053478,-0.10865697,0.22556975,0.19520971
10,99514377640926,1.0695758,-1.1888075,0.84933996
4,99514380928374,-0.006924219,0.32730252,0.15686019
10,99514383789051,1.1916802,-0.7698221,0.57879543
4,99514389940145,0.043675844,0.42264366,0.12463594
10,99514397565978,1.0456421,-0.39055157,0.02793789
4,99514400801291,0.03089267,0.49641323,0.109988555
10,99514403747697,0.99536395,-0.19662142,0.013572693
4,99514409542541,0.019973708,0.5190501,0.09321064
10,99514415680093,0.9632356,-0.14932394,0.11491299
4,99514418927905,0.06551377,0.54914385,-0.015180019
10,99514424297072,0.6989405,-0.08762169,0.022864819
4,99514429099780,0.105993815,0.5515407,-0.051931642
10,99514434027958,0.45251346,-0.2112379,0.1874876
4,99514437431395,0.1949434,0.5344964,-0.101200126
10,99514443758791,0.45688772,-0.31338787,0.3351059
4,99514448523843,0.27324033,0.52144694,-0.15259913
10,99514455267489,0.3884411,-0.3900156,0.60893726
4,99514458473947,0.32996565,0.5020059,-0.19920446
10,99514463850926,0.3739307,-0.3331833,0.6185975
4,99514468714468,0.3222425,0.50120693,-0.20852552
10,99514475012228,0.3558359,-0.28960943,0.5176859
4,99514478224103,0.29827404,0.5089301,-0.19627498
10,99514483628687,0.37735152,-0.31349993,0.5739007
2,99514488448999,-39.0,2.0,20.0
10,99514494980926,0.40437913,-0.42939186,0.51156855
4,99514498186239,0.2790993,0.51771855,-0.19973709
10,99514503407072,0.37833405,-0.1594553,0.485785
4,99514508228739,0.29614353,0.51718587,-0.2016013
10,99514514564364,0.40467572,-0.061298847,0.4181919
4,99514517772333,0.32091093,0.53263223,-0.18695392
10,99514523182020,0.44637418,0.1300025,0.38443136
4,99514527952072,0.32943302,0.5499428,-0.16405073
10,99514532888791,0.3243066,0.08187628,0.316422
4,99514536330353,0.3006709,0.54674697,-0.14247912
10,99514542961083,0.25471807,-0.0040302277,0.20253849
4,99514547793739,0.2761698,0.5355617,-0.13635385
10,99514554125041,0.21918154,-0.070628166,0.2775159
4,99514557372124,0.28229508,0.52837116,-0.12996227
10,99514562737541,0.08898902,-0.14410448,0.36229277
4,99514567523843,0.30466563,0.5118596,-0.11105382
10,99514573871916,-0.09921718,-0.14675951,0.3790965
4,99514577114416,0.34274885,0.4822985,-0.11345066
10,99514582515041,-0.20466197,0.007835865,0.3006978
4,99514587318062,0.36618465,0.45007423,-0.13901702
10,99514593658947,-0.3177662,0.08570337,0.17595053
4,99514596892176,0.35233623,0.41278997,-0.14780544
10,99514602282280,-0.3834957,0.061551094,0.02175188
4,99514607110510,0.3206446,0.37257624,-0.13768543
10,99514613432176,-0.4557854,0.025211811,0.17389917
4,99514616681239,0.32437304,0.33182988,-0.12996227
10,99514622104103,-0.60532665,-0.1158247,0.35084486
4,99514626950666,0.3472762,0.2892193,-0.14247912
10,99514631850822,-0.7166995,-0.12048292,0.58664465
4,99514635214468,0.3717773,0.24660872,-0.17310548
10,99514641849832,-0.7321974,-0.042058468,0.57487583
4,99514646644312,0.37630466,0.21172132,-0.21624869
10,99514652983739,-0.7217971,0.049022675,0.5249648
4,99514656221499,0.34647727,0.18056233,-0.24607609
10,99514661645770,-0.68045485,0.11242056,0.4004717
2,99514666454885,-37.0,-7.0,23.0
10,99514671687124,-0.6804198,0.29585695,0.4295535
4,99514675568947,0.26658243,0.10066749,-0.20639499
10,99514681550822,-0.6560743,0.43640184,0.34610605
4,99514686326395,0.2759035,0.05885586,-0.16804546
10,99514692570093,-0.5623244,0.5747709,0.11501646
4,99514695815197,0.28122982,0.044208474,-0.1304949
10,99514701158322,-0.32957494,0.81261253,-0.030007362
4,99514706133010,0.2828277,0.05965481,-0.09081379
10,99514712301499,-0.26930523,0.9801326,0.0011940002
4,99514715548478,0.29348037,0.07137272,-0.038615838
10,99514720952853,-0.32010472,1.0680919,0.076844215
4,99514725817905,0.3291667,0.14301175,0.056459017
10,99514730716239,-0.30692637,0.8359213,-0.02592659
4,99514734093478,0.35553202,0.34194988,0.2130529
10,99514739838947,-0.11988032,0.59805584,0.5345926
4,99514745726395,0.36938044,0.582167,0.37790257
10,99514751837020,-0.2650354,0.78974533,0.8540535
4,99514755086499,0.38908786,0.8133294,0.56432384
10,99514760543999,-0.34801316,0.6417885,0.6726246
4,99514765730301,0.35260254,1.0082728,0.8319715
10,99514771817593,-1.1997497,-0.5845051,0.465765
4,99514775072749,0.2942793,1.0431602,1.1827098
10,99514780322020,-2.5195756,-1.0976081,0.72738934
4,99514785138530,0.47510794,0.81945467,1.3062805
10,99514791411343,-2.6560771,-0.65354013,1.7155123
4,99514794628999,0.6889598,0.33848777,0.7171893
10,99514800099885,-3.5420504,-1.3633041,1.6775484
4,99514804991343,0.072171666,-0.1685781,0.02130529
10,99514811211916,-4.555516,-0.26230764,1.440217
4,99514814579520,-0.32117724,-0.49508166,-0.32170987
10,99514819876603,-3.2656667,-0.46855545,1.4780207
4,99514824730614,-0.45912898,-0.6692524,-0.5121259
10,99514829628062,-1.8185916,-1.6829262,0.59716606
4,99514832979207,-0.3749731,-0.73290193,-0.54887754
10,99514839651134,-1.4615178,-1.5608606,0.19555092
2,99514844525457,-31.0,-8.0,28.0
10,99514850801187,-0.3703162,0.36918068,-1.7992353
4,99514854103062,0.52597433,-0.8021441,-0.6111955
10,99514859386864,-0.86328566,1.7936292,-2.0249643
4,99514864356655,0.3584615,-0.8271778,-0.6412892
10,99514870539572,-0.69886696,3.0055578,-1.5913296
4,99514873772072,-0.2796319,-0.793622,-0.61226076
10,99514878634155,-0.81075764,2.3596957,-1.5138073
4,99514883479103,-0.5115933,-0.72251564,-0.56245965
10,99514890331134,-0.98070544,1.5162675,-0.7985163
4,99514893557437,-0.7704525,-0.5917544,-0.4111921
10,99514898944468,-0.408172,0.75357914,-0.45249748
4,99514903791395,-0.61598915,-0.50387007,-0.32330775
10,99514910114468,-0.25545025,0.33447504,-0.49522972
4,99514913344312,-0.34780884,-0.38083205,-0.20692763
10,99514918828166,-0.23359859,0.5053582,-0.4768176
4,99514923717124,-0.082558,-0.23995082,-0.039947417
10,99514928612541,-0.26701057,0.839488,-0.627604
4,99514931865770,0.021038974,-0.15100123,0.10839066
10,99514937559207,-0.26178324,1.5381773,-1.2619853
4,99514943726916,-0.07350325,-0.08175905,0.20026971
10,99514949811968,0.12457979,2.1053188,-1.5708032
4,99514953046551,-0.2330266,-0.028495824,0.25566345
10,99514958275301,-0.116550446,1.8319664,-1.2353845
4,99514963206395,-0.35579833,-0.026365295,0.29694247
10,99514969444832,-0.27047312,1.6120427,-0.994318
4,99514972678270,-0.39041942,-0.059388492,0.29987195
11,99514983602801,-0.284269,0.098601,-0.566657,0.767051,3.0
4,99514985469312,-0.3784352,-0.06764429,0.32197618
10,99514994050614,-0.23438632,0.5441103,-0.025430202
4,99514996004572,-0.34487936,-0.056991648,0.37710363
11,99515003372957,-0.286893,0.10127,-0.564351,0.767426,3.0
4,99515005326134,-0.33262882,-0.05752428,0.4383563
4,99515010326134,-0.3392867,-0.059388492,0.45193845
4,99515017361812,-0.34940675,-0.04660532,0.45220476
2,99515025796655,-30.0,-3.0,22.0
4,99515028152541,-0.34141725,-0.02609898,0.44501424
4,99515038150041,-0.3139867,-0.034088463,0.44394895
4,99515042749259,-0.30626354,-0.0479369,0.43516052
10,99515046405457,-0.082659245,-0.46114302,0.49610662
4,99515051188009,-0.30146983,-0.0743022,0.39468047
10,99515058586707,0.18562901,-0.3532033,0.46585798
4,99515063457176,-0.31851408,-0.07962852,0.36591834
10,99515067082384,0.20212972,-0.37166882,0.4427452
4,99515070353739,-0.38562572,-0.0777643,0.36565202
10,99515078379468,0.076450706,-0.57529116,0.5128317
4,99515083318739,-0.4460795,-0.112918034,0.35313517
10,99515086965926,-0.050685763,-0.5130267,0.38519764
4,99515090217280,-0.44554687,-0.18136127,0.2657835
10,99515098207176,0.18694901,-0.2689886,0.062282085
4,99515103048582,-0.41864893,-0.21198763,0.16937704
10,99515106722697,0.43643844,-0.24365664,-0.11046839
4,99515109975041,-0.41199103,-0.24660872,0.11265171
10,99515117948374,0.38160062,-0.27406263,0.21616316
4,99515122812697,-0.37284255,-0.3320962,0.06764429
10,99515126474989,0.29515767,-0.4244671,0.36352634
4,99515131350926,-0.36218992,-0.39041942,0.010918961
10,99515136481864,0.5479996,-0.6543164,0.51255226
4,99515140290405,-0.38136467,-0.3885552,-0.04314321
10,99515144515874,0.5862969,-0.769238,0.524528
4,99515150715457,-0.3581952,-0.36778256,-0.06338324
10,99515158823270,0.5579493,-0.71125174,0.5912552
4,99515163674311,-0.29827404,-0.35446674,-0.056459017
10,99515167295405,0.5190375,-0.689538,0.61723995
4,99515170536134,-0.23835292,-0.32410672,-0.066046394
10,99515177330093,0.8931292,-0.43523598,0.41947222
4,99515182172489,-0.22530343,-0.28469193,-0.09187906
10,99515185824155,0.829839,-0.26141214,0.37329388
4,99515189075770,-0.24501082,-0.2511361,-0.0958738
10,99515197084468,0.6365224,-0.19654322,0.46619892
2,99515201864051,-41.0,-1.0,20.0
10,99515206083947,0.5943055,-0.27723932,0.65483
4,99515209325093,-0.2580603,-0.18615496,-0.08841695
10,99515216849155,0.57020867,-0.3772993,0.76114607
4,99515221686395,-0.24847293,-0.15419704,-0.098004326
10,99515225325770,0.39419532,-0.5171747,0.9420562
4,99515230090197,-0.23462449,-0.14301175,-0.099069595
10,99515235191551,0.25245667,-0.5836668,1.1459532
4,99515239119572,-0.1571265,-0.1041296,-0.094808534
10,99515243798270,0.18541539,-0.51661015,1.2297611
4,99515248582280,-0.1222391,-0.088150635,-0.09560748
10,99515256194520,-0.0010877848,-0.41379976,1.1746092
4,99515260967072,-0.04447479,-0.05832323,-0.1073254
10,99515264741030,-0.15804577,-0.26315737,1.0571766
4,99515268087228,-0.03488741,-0.05672533,-0.11504856
10,99515276014103,-0.1565882,-0.17558765,1.023181
4,99515280777124,-0.011185277,-0.060453758,-0.16431704
10,99515284470561,-0.069342375,0.041497707,0.8085704
4,99515287872905,-0.010918961,-0.057790596,-0.18269286
10,99515295749468,-0.12790358,0.12301636,0.701067
4,99515300580613,-0.036218993,-0.058056913,-0.22370553
10,99515304266030,-0.19535959,0.33606482,0.5939374
4,99515307655197,-0.036218993,-0.05752428,-0.22716765
10,99515315527541,-0.19221604,0.300776,0.5475807
4,99515320418738,-0.00958738,-0.034621093,-0.21571605
10,99515324208947,-0.114489555,0.18646336,0.5682001
4,99515328955770,0.008522116,-0.02130529,-0.21518342
10,99515333886551,-0.118531704,0.19218016,0.5698285
4,99515338015874,0.06737798,0.008522116,-0.20639499
10,99515343950978,-0.18660033,0.26368952,0.46949053
4,99515347239884,0.1025317,0.024501082,-0.17896444
10,99515355083113,-0.22569525,0.24932289,0.30210495
4,99515359842957,0.105727494,0.03009372,-0.12543489
10,99515363570353,0.0050623417,0.29789352,0.15878582
4,99515368307124,0.11345066,0.028229509,-0.12170646
10,99515374877436,0.09671116,0.33199215,0.03942108
2,99515379704728,-40.0,-5.0,20.0
10,99515384046447,0.21926379,0.48266554,-0.073265076
4,99515387265926,0.09241169,0.066312715,-0.11424961
10,99515394658322,0.20466185,0.41705084,-0.08455801
4,99515399487957,0.06018744,0.07243799,-0.09667275
10,99515403229363,0.19024992,0.11294365,0.11444998
4,99515406513634,0.062051654,0.076965354,-0.08894958
10,99515414444051,0.17948675,-0.029004574,0.15171528
4,99515419240770,0.08442221,0.08442221,-0.07989483
10,99515422917228,0.019959688,-0.27586985,0.16002321
4,99515427744520,0.11025487,0.103064336,-0.06711166
10,99515432784624,-0.05490899,-0.23528767,0.20868444
4,99515436900145,0.1257012,0.105993815,-0.05539375
4,99515446280561,0.11105382,0.10839066,-0.048469532
10,99515452534468,-0.14031029,-0.13199806,0.07108641
4,99515456956863,0.06737798,0.10359697,-0.05566007
10,99515461520405,-0.1817522,-0.058255196,0.072896
4,99515466759155,0.06018744,0.09960223,-0.07243799
10,99515472977801,-0.37112427,-0.07454872,0.15673876
4,99515477567645,0.047404267,0.08335695,-0.07350325
10,99515481083790,-0.55308783,-0.13748407,0.10743618
4,99515486802124,0.023169503,0.06764429,-0.079095885
10,99515493270405,-0.6634674,-0.11270857,0.18392992
4,99515497945301,0.030360037,0.061252706,-0.087884314
10,99515502210145,-0.7074536,-0.07226133,0.3770504
4,99515505412593,0.04234426,0.045007423,-0.08575379
10,99515513043530,-0.88025594,-0.09946537,0.32055998
4,99515517647280,0.040480047,0.023702133,-0.07669904
10,99515521923061,-0.9008126,0.047373295,0.3786807
4,99515526527853,0.045007423,-0.0037284256,-0.075101145
10,99515531640561,-0.92072284,0.11016178,0.31976938
4,99515537127280,0.03195793,-0.019441076,-0.081226416
10,99515541393218,-0.9067899,0.18773031,0.1995163
4,99515546037853,-0.0013315806,-0.026365295,-0.082558
10,99515552606499,-0.820492,0.35754776,0.1645894
2,99515557223947,-39.0,-8.0,23.0
10,99515561315718,-0.74616516,0.3939867,0.20443535
4,99515565913374,-0.0031957934,-0.017310547,-0.06364955
10,99515572380249,-0.6833874,0.42056942,0.2367611
4,99515576983113,0.01917476,-0.024234766,-0.049534798
10,99515581361030,-0.6802939,0.48641825,0.22959423
4,99515584527124,0.04181163,-0.030360037,-0.025566347
10,99515592297228,-0.63131785,0.50078917,0.17108774
4,99515596074468,0.03834952,-0.025033714,0.0029294773
10,99515600788738,-0.60253954,0.61527824,0.17172384
4,99515605464780,0.01784318,-0.009853696,0.036218993
10,99515611937124,-0.6611972,0.5572958,0.16363478
4,99515616583165,-0.01917476,-0.0063915867,0.07057377
10,99515620845353,-0.72846806,0.4693365,0.2316451
4,99515625563947,-0.025832662,-0.010652645,0.08681905
10,99515630546603,-0.7559241,0.31452656,0.26059294
4,99515634668843,-0.0031957934,-0.013582122,0.095074855
10,99515640344311,-0.7992799,0.20220804,0.29841185
4,99515645060353,0.024767399,-0.01784318,0.094009586
10,99515651691238,-0.78556323,0.26240444,0.25794315
4,99515656557853,0.035952676,-0.028229509,0.08548747
10,99515661132697,-0.7542479,0.37584496,0.18055487
4,99515664546707,0.0058589545,-0.036751624,0.07856325
10,99515671529936,-0.6843647,0.46645498,0.10223007
4,99515676334468,-0.044208474,-0.037550572,0.076166406
10,99515679979572,-0.6322757,0.5624223,0.062449932
4,99515683412072,-0.06924219,-0.03568636,0.076965354
10,99515691331967,-0.5943258,0.52833414,0.023400784
4,99515696105665,-0.119043306,-0.027696876,0.09933591
10,99515700691811,-0.5836303,0.4254012,0.1252017
4,99515703987436,-0.12144015,-0.02956109,0.10865697
10,99515711058322,-0.5746019,0.38086653,0.19645023
4,99515716048947,-0.101999074,-0.026365295,0.11318435
10,99515720636342,-0.5414238,0.38269472,0.2832179
4,99515725523530,-0.08335695,-0.02876214,0.12250541
10,99515730445926,-0.5603583,0.4784007,0.28214836
2,99515734264363,-37.0,-5.0,22.0
10,99515738336915,-0.5026132,0.52998686,0.2946291
4,99515743168165,-0.07669904,-0.039947417,0.14993598
10,99515750607436,-0.44999087,0.52493,0.24561214
4,99515755427749,-0.10066749,-0.06258429,0.16591494
10,99515759081186,-0.44299722,0.49045944,0.25787878
4,99515762527645,-0.112119086,-0.07190535,0.16618125
10,99515770404259,-0.43262303,0.48157215,0.25988388
4,99515775262176,-0.11345066,-0.08548747,0.17443706
10,99515778967905,-0.41526854,0.29150248,0.26499653
4,99515782282540,-0.11105382,-0.0892159,0.17656758
10,99515789761915,-0.3965143,0.26879597,0.15289307
4,99515794613426,-0.105727494,-0.08841695,0.16937704
10,99515799206290,-0.27115393,0.20997906,0.17023659
4,99515802413270,-0.08149273,-0.09454222,0.16005598
10,99515809950926,-0.20515013,0.14555359,0.11561012
4,99515814778426,-0.047670584,-0.096939065,0.1587244
10,99515818476863,-0.096784234,-0.0015335083,-0.023631573
4,99515823410665,-0.0396811,-0.09347696,0.16112125
10,99515828332488,-0.057576895,0.02523756,-0.05833578
4,99515832452488,-0.030360037,-0.077231675,0.16138756
10,99515837321551,0.06559265,0.029996872,-0.052750587
4,99515842100665,-0.035952676,-0.057257965,0.16192019
10,99515849527905,0.20128071,-0.026740551,-0.07541084
4,99515854430405,-0.059921127,-0.046339005,0.1587244
10,99515859007124,0.21754658,-0.069205284,-0.18242311
4,99515862254572,-0.08175905,-0.035153728,0.15393071
10,99515869308895,0.14968419,-0.116054535,-0.21102762
4,99515874172072,-0.09640643,-0.023435818,0.15765914
10,99515878797592,-0.0020861626,-0.23688793,-0.13704872
4,99515882012072,-0.06870956,-0.025832662,0.15286545
10,99515889065040,-0.050118804,-0.36995173,-0.031294823
4,99515893949363,-0.012250541,-0.037550572,0.11717909
10,99515898567019,0.09358537,-0.5078001,0.07408762
4,99515901803999,0.014114754,-0.036751624,0.07483483
10,99515909008634,0.28184772,-0.39279222,0.096168995
2,99515913834728,-41.0,-5.0,20.0
10,99515918068269,0.37172616,-0.15395212,0.043534756
4,99515922957280,-0.010386328,-2.663161E-4,0.047404267
10,99515927882905,0.39571702,-0.14179611,0.0076026917
4,99515931685509,-0.07669904,0.0053263223,0.052464273
10,99515937300822,0.3087989,-0.17479658,-0.09388065
4,99515940579624,-0.112119086,0.0034621095,0.051132694
10,99515948424519,0.15070868,-0.21306801,-0.11250734
4,99515953260926,-0.1025317,0.012250541,0.03888215
10,99515957833894,0.11994338,-0.24121475,0.073129654
4,99515961043686,-0.07856325,0.0053263223,0.03542004
10,99515968172853,0.03662789,-0.29823208,0.22788191
4,99515973057488,-0.046871636,-0.011717909,0.02956109
10,99515976725353,0.02124989,-0.33654594,0.38303137
4,99515980078947,-0.033822145,-0.018642128,0.019441076
10,99515987931863,0.017073035,-0.23948574,0.41775322
4,99515992784884,-0.042077947,-0.013315806,0.01917476
10,99515996469415,-0.03172469,-0.16794348,0.4098425
4,99515999860665,-0.06791061,-0.0077231675,0.033023197
10,99516007738582,-0.08782709,-0.108579636,0.38404465
4,99516012550301,-0.083889574,-2.663161E-4,0.042876896
10,99516016207540,-0.17705047,-0.16694832,0.31673813
4,99516021026342,-0.09427591,-0.010120012,0.037284255
10,99516026085561,-0.13837671,-0.17259455,0.27858686
4,99516030221134,-0.07882957,-0.016777916,0.022104237
10,99516034714572,-0.09767437,-0.19654894,0.39589787
4,99516040513269,-0.033023197,-0.033023197,0.0026631611
10,99516048750509,-0.102180004,-0.25319386,0.49730968
4,99516053601811,0.011185277,-0.05139901,-0.023435818
10,99516058262853,-0.10884774,-0.25542974,0.49717665
4,99516061500197,0.01438107,-0.05486112,-0.04181163
10,99516067498322,-0.038079977,0.07921839,0.46096087
4,99516072276238,-0.016245283,-0.043675844,-0.055127434
10,99516075828322,-0.050701976,0.20573425,0.4962616
4,99516079781759,-0.05566007,-0.04474111,-0.048469532
10,99516086840874,-0.06714797,0.0456357,0.46452713
2,99516091636082,-42.0,1.0,18.0
4,99516098796967,-0.06977482,-0.043675844,-0.026631612
10,99516106942749,-0.047151208,0.10839701,0.66396904
4,99516110879519,0.008255799,-0.018642128,-0.002130529
10,99516113840769,-0.039969444,0.24487257,0.5418711
4,99516120266655,0.013848438,5.326322E-4,0.010652645
10,99516125215717,-0.058727264,0.40985203,0.44680166
4,99516129100457,-0.018109497,0.013315806,0.043675844
10,99516134595092,-0.03637564,0.539165,0.4445529
4,99516139238894,-0.025832662,0.006657903,0.047404267
10,99516146103999,-0.02297461,0.51203823,0.46503305
4,99516150743374,-0.029028457,0.0018642128,0.05832323
10,99516154291863,-0.23349154,0.21391869,0.5539088
4,99516158932749,-0.01784318,-0.0039947415,0.062051654
10,99516165887071,-0.28643072,0.13364887,0.65181684
4,99516170540926,0.03488741,-0.007190535,0.06897587
10,99516174073426,-0.38852954,0.015964508,0.60687685
4,99516178644207,0.050600063,-0.004261058,0.0743022
10,99516185666394,-0.34248292,0.0018877983,0.5198307
4,99516190312280,0.06578008,0.03195793,0.08282431
10,99516193921811,-0.17363477,0.12521791,0.46487904
4,99516198547853,0.06551377,0.041545313,0.08548747
10,99516205432228,-0.17563987,0.13530111,0.4783435
4,99516210012228,0.03834952,0.05273059,0.094808534
10,99516213593686,-0.23335195,0.1133976,0.32746935
4,99516218155249,0.026365295,0.056991648,0.092145376
10,99516224053634,-0.1905284,0.14136791,0.2549219
4,99516228569884,0.020772656,0.0777643,0.090014845
10,99516233789780,-0.17072237,0.14832497,0.32864475
4,99516238373426,0.03355583,0.0958738,0.09640643
10,99516245004519,-0.26334047,0.10489464,0.21250057
4,99516249585613,0.04234426,0.09773801,0.100933805
10,99516253201030,-0.24522948,0.11569166,0.19366837
4,99516257793582,0.05912218,0.09321064,0.09081379
10,99516264801082,-0.23274457,0.08252239,0.22940922
2,99516269447436,-42.0,2.0,17.0
10,99516273603374,-0.20498681,0.104904175,0.19449663
4,99516276718634,0.12463594,0.09667275,0.06338324
10,99516284553478,-0.1705252,0.107185364,0.27422476
4,99516289201655,0.15792546,0.098004326,0.051665325
10,99516292711811,-0.09878552,0.07987785,0.37304163
4,99516297270717,0.15419704,0.09960223,0.037550572
10,99516303227280,-0.13985538,0.011488438,0.38546228
4,99516307099363,0.13795175,0.1041296,0.029294772
10,99516312921394,-0.28044653,-0.03911829,0.44881582
4,99516317807488,0.13608754,0.103064336,0.034621093
10,99516322918269,-0.38634324,-0.08207035,0.5506129
4,99516326878946,0.15952335,0.099069595,0.036218993
10,99516332626863,-0.4317869,-0.13084173,0.5556879
4,99516336078478,0.18455707,0.090281166,0.028229509
10,99516344145457,-0.43040252,-0.012202263,0.5517492
4,99516348912488,0.18455707,0.06551377,0.011984225
10,99516352568113,-0.37254632,0.24814987,0.4537182
4,99516355839207,0.1685781,0.037550572,-0.007989483
10,99516363923790,-0.377972,0.36492872,0.39733028
4,99516368681551,0.12836437,0.0018642128,-0.0127831735
10,99516372350613,-0.4408083,0.24540281,0.4183464
4,99516375613426,0.08016115,-0.040213734,-0.016511599
10,99516383708009,-0.4751023,0.08228922,0.44591236
4,99516388490248,0.071106404,-0.08282431,-0.028495824
10,99516392170613,-0.48668444,-0.04335594,0.5666146
4,99516395434415,0.08522116,-0.118776985,-0.036218993
10,99516403513582,-0.48473167,-0.1192565,0.54880285
4,99516408278113,0.08841695,-0.14434333,-0.042876896
10,99516411978582,-0.47115362,-0.07841158,0.47374725
4,99516416751082,0.08229168,-0.16245283,-0.05273059
10,99516421854623,-0.39595366,0.022517204,0.31583357
4,99516425770769,0.06524745,-0.1685781,-0.062051654
10,99516431516446,-0.27101135,0.17923975,0.12335491
4,99516436302853,0.03781689,-0.1669802,-0.06950851
10,99516443031186,-0.22610855,0.28003407,0.023396492
2,99516447854936,-38.0,3.0,19.0
10,99516452075144,-0.25519395,0.2658615,-0.09621477
4,99516455293998,-0.014647386,-0.16271915,-0.06178534
10,99516462801446,-0.2219348,0.3136363,-0.13510561
4,99516467613946,-0.010386328,-0.15180019,-0.05885586
10,99516471301290,-0.23795438,0.29507256,-0.16406727
4,99516474580509,7.9894834E-4,-0.1323591,-0.041545313
10,99516482589467,-0.19240987,0.28582287,-0.2175889
4,99516487391290,0.00479369,-0.11664646,-0.024234766
10,99516491067280,-0.14501369,0.3022604,-0.13322544
4,99516494440457,0.015446335,-0.10279802,-0.017044231
10,99516502363842,-0.18886292,0.34188366,-0.13620186
4,99516507179363,0.0015978967,-0.09986854,-0.0063915867
10,99516510801134,-0.1864624,0.3442402,-0.2199192
4,99516515651238,-0.02876214,-0.08894958,-0.007456851
10,99516520739780,-0.1359005,0.37004662,-0.1704688
4,99516524657696,-0.033023197,-0.06844324,0.0
10,99516530390353,-0.1549418,0.25814104,-0.096707344
4,99516533855040,-0.036218993,-0.06231797,0.008255799
10,99516541921759,-0.22631717,0.14212656,0.07027006
4,99516546740248,-0.03701794,-0.06018744,0.011984225
10,99516550383686,-0.20434058,0.16261482,0.05771017
4,99516553646707,-0.02956109,-0.05965481,0.0061252704
10,99516561702280,-0.18539762,0.19619656,0.001200676
4,99516566465978,-0.007989483,-0.030360037,0.0018642128
10,99516570117280,-0.1415981,0.21879768,0.031885624
4,99516573375665,-0.0127831735,-0.023169503,0.006657903
10,99516581492332,-0.17712665,0.20826435,0.047965527
4,99516586280821,-0.02609898,-0.022104237,0.015180019
10,99516589928113,-0.19769037,0.29347897,0.15245867
4,99516593200040,-0.0314253,-0.019441076,0.010652645
10,99516601235353,-0.23207057,0.33582973,0.15404129
4,99516606174467,-0.038615838,-0.0015978967,0.02396845
10,99516609872280,-0.40241027,0.3187642,0.27730942
4,99516614779050,-0.04474111,-0.0029294773,0.03568636
10,99516619866446,-0.45785272,0.32943296,0.27180338
2,99516623689259,-37.0,5.0,20.0
10,99516629474988,-0.61838055,0.36234093,0.20933867
4,99516632721915,-0.050333746,-0.033289514,0.05672533
10,99516640800925,-0.6194707,0.36182117,0.20707464
4,99516645695561,-0.041012682,-0.033822145,0.07643273
10,99516649386342,-0.6240921,0.2654605,0.25469255
4,99516652626550,-0.039414786,-0.03488741,0.087085366
10,99516660569728,-0.63705146,0.21990538,0.24736404
4,99516665410717,-0.033023197,-0.046339005,0.10652645
10,99516668609415,-0.60236084,0.22695589,0.20173502
4,99516673466967,-0.0314253,-0.046072688,0.10759171
10,99516680356707,-0.5821364,0.25072813,0.14893341
4,99516685264415,-0.03701794,-0.037284255,0.13022858
10,99516688924728,-0.49641836,0.1487422,0.08966684
4,99516692155873,-0.04527374,-0.040213734,0.14247912
10,99516700174155,-0.4439845,0.08249855,0.09923363
4,99516705100925,-0.061519023,-0.05965481,0.14247912
10,99516708726759,-0.27169967,0.11940241,0.083231926
4,99516713586603,-0.057790596,-0.06258429,0.133957
10,99516718663165,-0.24440944,0.14626312,0.0744009
4,99516722494259,-0.056991648,-0.0561927,0.13262543
10,99516728176811,-0.26589715,0.04677534,0.06563234
4,99516731620613,-0.072171666,-0.055127434,0.14620754
10,99516739688009,-0.36772382,-0.011012554,0.15560818
4,99516744567019,-0.07137272,-0.05912218,0.15259913
10,99516748187905,-0.35914648,-0.02128601,0.24043846
4,99516751445665,-0.06551377,-0.054594804,0.1555286
10,99516759444571,-0.37575293,-0.019863605,0.2218008
4,99516764298165,-0.06364955,-0.044208474,0.16564862
10,99516767914675,-0.4081905,0.02878189,0.33168602
4,99516771153634,-0.06364955,-0.054328486,0.17124127
10,99516779220352,-0.3716104,0.04394579,0.40341043
4,99516784317384,-0.07403588,-0.06471482,0.16644756
10,99516787933269,-0.33689058,0.062149048,0.37802792
4,99516791139363,-0.083889574,-0.07590009,0.15393071
10,99516799015248,-0.3536421,0.09953451,0.3362236
2,99516803983269,-40.0,8.0,19.0
10,99516808293894,-0.35298932,0.018877506,0.43013477
4,99516813314207,-0.059921127,-0.063116916,0.1571265
10,99516818433425,-0.39166903,-0.097640514,0.38010025
4,99516822231082,-0.05006743,-0.06258429,0.14647387
10,99516826411290,-0.36249256,-0.17048931,0.54202175
4,99516831233946,-0.016511599,-0.058056913,0.12037488
10,99516838568946,-0.27039754,-0.07452822,0.4260168
4,99516843450405,0.022903185,-0.04926848,0.09720538
10,99516847093686,-0.26522624,0.018064499,0.3959136
4,99516850333009,0.033822145,-0.03488741,0.08841695
10,99516858345248,-0.20981562,0.1665864,0.4147997
4,99516863235977,0.0479369,-0.0396811,0.08522116
10,99516866842436,-0.25124872,0.29657602,0.2672553
4,99516870122175,0.08069378,-0.054594804,0.08229168
10,99516878116498,-0.2006576,0.4208765,0.35189438
4,99516882961550,0.13289174,-0.066312715,0.10146644
10,99516886580665,-0.24178052,0.3579793,0.4432974
4,99516889847019,0.17257284,-0.08362326,0.122771725
10,99516897944780,-0.34511912,0.20037174,0.37317753
4,99516902890509,0.16591494,-0.12037488,0.11371698
10,99516906543894,-0.29829478,0.29376364,0.37835836
4,99516911310717,0.15659387,-0.14274544,0.08894958
10,99516916406238,-0.0531106,0.35732126,0.20159388
4,99516920234675,0.12197278,-0.14088123,0.08628642
10,99516924493686,0.13124979,0.3429637,0.20159769
4,99516930625665,0.09374327,-0.1387507,0.10679276
10,99516938776811,0.14929688,0.24656725,0.09921074
4,99516943619207,0.06897587,-0.14727281,0.12676647
10,99516947309988,0.14287245,0.24528742,0.099778175
4,99516950559050,0.06684534,-0.15686019,0.13795175
10,99516957256707,0.14158463,-0.09774637,0.012196541
4,99516962128321,0.091080114,-0.14620754,0.1504686
10,99516965785613,0.1112448,-0.17621231,-0.13437366
4,99516969030092,0.108124346,-0.1307612,0.15686019
10,99516977050144,0.09445238,-0.17226267,-0.04785776
2,99516981835769,-39.0,15.0,19.0
10,99516983971394,0.17585576,-0.04296255,-0.26093388
4,99516990305717,0.13768543,-0.12516858,0.14780544
10,99516996631550,0.260095,0.09076166,-0.4963379
4,99517001385040,0.12756541,-0.13448964,0.09560748
10,99517005045300,0.26105487,0.15403175,-0.21672773
4,99517009861394,0.12117383,-0.13741912,0.087618
10,99517014997852,0.23490119,0.17661476,-0.2505312
4,99517019095457,0.11451593,-0.11345066,0.049002163
10,99517025035769,0.15932369,0.01487875,0.10334873
4,99517029781394,0.11025487,-0.11558119,0.035153728
10,99517036158113,0.07156873,-0.008461952,0.11693621
4,99517040415092,0.09827065,-0.13582122,0.040480047
10,99517045208269,0.12144399,0.15483713,0.13077784
4,99517048457279,0.111852765,-0.11531488,0.044208474
10,99517055977852,0.15907645,0.15894318,0.30415106
4,99517060828946,0.14301175,-0.0793622,0.07084008
10,99517065483946,0.12747908,0.60280466,0.27313375
4,99517068718373,0.1454086,-0.08868326,0.07190535
10,99517075729259,-0.03830993,0.8648801,0.14873552
4,99517080545144,0.13102753,-0.14594123,0.046339005
10,99517084301602,-0.105213284,0.74205685,-0.12074852
4,99517087579988,0.087085366,-0.15978967,0.035952676
10,99517095506342,-0.13074517,0.73532534,-0.15874434
4,99517100350457,0.02130529,-0.20799288,0.023169503
10,99517104077748,0.0045182705,0.7785163,0.016376019
4,99517108864259,0.018642128,-0.21038973,0.025832662
10,99517113866082,0.03728485,0.7028651,0.06827593
4,99517117979154,-0.010120012,-0.19467708,0.04474111
10,99517123913946,-0.05579853,0.39984417,0.37746906
4,99517127190717,0.0034621095,-0.16990969,0.08362326
10,99517135048321,-0.3356936,-0.25103474,0.53244686
4,99517139904467,0.017576864,-0.12330436,0.1371528
10,99517143750457,-0.5452924,-0.88758516,0.39744473
4,99517147003425,0.017310547,-0.07350325,0.18508969
10,99517154838738,-0.53053236,-0.74098253,0.21973753
2,99517159707332,-42.0,18.0,20.0
10,99517163994675,-0.27006912,-0.89992285,0.59108925
4,99517167239675,0.20559604,0.06737798,0.16911073
10,99517174612279,-0.47460747,-1.2265706,0.57120275
4,99517179399884,-0.0026631611,-0.049534798,0.037284255
10,99517183122436,-0.5446521,-1.1797695,1.1947546
4,99517186512540,-0.041279,-0.20080236,-0.14008227
10,99517194428529,-0.4730296,-1.6098576,1.5737476
4,99517199184363,-0.03834952,-0.26844665,-0.262854
10,99517202921967,-0.47119677,-2.1133385,1.7663574
4,99517207767436,-0.01438107,-0.25353295,-0.29481193
10,99517212713009,-0.17367446,-1.7646418,1.9375358
4,99517216881134,0.09614012,-0.19947077,-0.29507825
10,99517222833529,-0.080112934,-1.6055984,1.9008923
4,99517226116498,0.13209279,-0.1555286,-0.2231729
10,99517233952436,-0.24210656,-1.5716305,1.617909
4,99517238708894,0.10892329,-0.10839066,-0.109988555
10,99517243326967,-0.2479757,-1.2513375,1.8887229
4,99517246564936,0.1635181,-0.076965354,-0.007989483
10,99517253767384,-0.19609714,-1.3416204,1.4401703
4,99517258618842,0.14061491,-0.026897928,0.09054748
10,99517263140873,0.15588164,-1.004333,1.0893087
4,99517266368686,0.11957593,0.0055926386,0.1257012
10,99517273525509,0.44519424,-0.03311348,0.62015486
4,99517278321863,0.09427591,-0.03435478,0.035952676
10,99517281992384,0.8766768,1.0540018,0.019425392
4,99517285387852,0.048469532,-0.09560748,-0.14274544
10,99517293340300,1.0584357,1.6233659,-0.8041296
4,99517298114415,-0.048469532,-0.11158645,-0.3086604
10,99517302702800,1.0119457,1.5577064,-1.1271853
4,99517307466915,-0.12676647,-0.079095885,-0.35979307
10,99517312391706,0.7971895,1.2341127,-0.80140686
4,99517316194779,-0.05486112,-0.04181163,-0.32863408
10,99517321644727,0.61815953,0.90328646,-0.1562972
4,99517324938217,0.1587244,-0.046871636,-0.3323625
10,99517332905352,0.45187902,0.5553193,0.04707241
2,99517337716498,-36.0,16.0,21.0
10,99517341931446,0.83504415,0.53635836,-0.38093758
4,99517345150456,0.27190876,0.10839066,-0.46046057
10,99517352645404,0.5737672,0.079111576,-1.1151853
4,99517357455509,0.0892159,0.19121496,-0.4000068
10,99517362128425,0.565537,0.13461065,-0.23288393
4,99517365369727,0.21491711,0.23888555,-0.29481193
10,99517372421915,0.5284147,0.23594141,0.031200409
4,99517377306394,0.2892193,0.28708878,-0.32437304
10,99517381897071,0.26275468,-0.36781216,-0.36538267
4,99517385137279,0.2130529,0.32650355,-0.38935417
10,99517392194988,0.20254421,0.07022095,-0.34247303
4,99517396970509,0.2743056,0.38269624,-0.4135889
10,99517401585873,0.39103675,0.2010436,-0.49175882
4,99517406339363,0.27457193,0.46339005,-0.39095205
10,99517411383477,0.4090171,-0.10316515,-0.72147655
4,99517415251081,0.20426446,0.5363607,-0.37923414
10,99517420218998,0.32030916,-0.08260059,-0.45026636
4,99517425048373,0.17763285,0.5539375,-0.3864247
10,99517431758165,0.20908451,-0.0708065,-0.26868534
4,99517436545248,0.11531488,0.6079997,-0.42424157
10,99517441166811,0.078936815,-0.09234762,-0.21752882
4,99517444476394,0.09161274,0.649545,-0.41305628
10,99517451526498,-0.18628263,-0.2115426,-0.043884277
4,99517456309311,0.104928546,0.66845345,-0.37630466
10,99517460011811,-0.40204,-0.34429502,0.09507179
4,99517463381706,0.11584751,0.66365975,-0.36432046
10,99517471258061,-0.4528178,-0.33131027,0.1980629
4,99517476129883,0.21491711,0.6087986,-0.36724994
10,99517480707852,-0.5212319,-0.2870412,0.19349623
4,99517483974831,0.24660872,0.59841233,-0.3683152
10,99517491044467,-0.44650435,-0.20474863,0.08097029
4,99517495896915,0.30146983,0.5773733,-0.32037827
10,99517500511863,-0.5112541,0.062429428,0.25723648
4,99517505351758,0.3123888,0.5680523,-0.2942793
10,99517510293946,-0.5378717,0.18947077,0.3293562
2,99517514128269,-35.0,3.0,27.0
10,99517518031967,-0.6561179,0.318511,0.36447096
4,99517524133842,0.23009712,0.54461646,-0.25300032
10,99517530589415,-0.74950826,0.3886218,0.34624624
4,99517535407383,0.11957593,0.51026165,-0.23515713
10,99517539094779,-0.9748696,0.3698268,0.22783232
4,99517542503425,0.09374327,0.49667954,-0.21704763
10,99517550373217,-0.9371425,0.32198524,0.20619631
4,99517555193946,0.11851067,0.45593318,-0.18136127
10,99517559771238,-0.98555815,0.18767929,0.33298683
4,99517562985040,0.14114754,0.43329632,-0.1768339
10,99517570146446,-1.0384593,0.14798737,0.29044962
4,99517574094311,0.19307919,0.3768373,-0.18216023
4,99517579094311,0.2444782,0.32144356,-0.20399815
4,99517588962800,0.27670243,0.26764768,-0.21837921
4,99517587049311,0.27670243,0.26764768,-0.21837921
11,99517596344102,-0.292077,0.087978,-0.563108,0.768022,3.0
4,99517598271654,0.2761698,0.2545982,-0.21278657
4,99517596344102,0.2761698,0.2545982,-0.21278657
10,99517602278217,-0.98119205,0.83673286,0.19933748
4,99517605922956,0.23702134,0.2396845,-0.17230652
4,99517610922956,0.22450449,0.25086978,-0.14274544
4,99517618672227,0.24021713,0.29694247,-0.049801115
10,99517626349936,-1.023798,0.62397337,0.5059233
4,99517626349936,0.24021713,0.29694247,-0.049801115
4,99517628316602,0.25832662,0.33475935,0.029294772
4,99517638960040,0.27217507,0.381631,0.12836437
4,99517642201863,0.3406183,0.43862265,0.38429415
10,99517647970977,-1.3010603,0.20209503,0.802928
4,99517652786185,0.4679174,0.34621096,0.711863
10,99517659331238,-2.1173115,-0.7614589,0.7923441
4,99517662542540,0.6213155,0.08362326,1.1520835
10,99517667855300,-2.667828,-1.8624034,0.46625423
4,99517672647331,0.86472845,-0.23915187,1.5427692
10,99517679114675,-1.8321757,-1.1793251,0.5323305
4,99517682327383,1.4631407,-0.50999534,1.3299826
10,99517687644935,-1.3362979,-0.5459027,2.1708097
2,99517692443425,-34.0,-5.0,32.0
10,99517698996238,-1.9685026,-0.0097332,1.4587364
4,99517702212488,-0.0727043,-1.0610034,-0.2247708
10,99517707154623,-1.5857408,0.95063066,1.9316502
4,99517712901602,-0.6045376,-1.0676613,-0.42557314
10,99517718031810,-1.2406425,-1.2879696,2.0538044
4,99517721136498,-0.36618465,-0.97018963,-0.3254383
10,99517726845404,-0.40728462,-3.1849117,1.1348009
4,99517731639467,0.39814258,-0.7765778,-0.2146508
10,99517738439258,0.17919481,-1.418714,0.13337612
4,99517741687123,0.92331797,-0.5073322,-0.23116238
10,99517744628529,0.3204528,2.474258,-0.89134264
4,99517752316602,0.47031426,-0.2828277,-0.43089947
10,99517759877748,0.7194439,5.171576,-2.26784
4,99517763126654,-0.6354303,-0.17550232,-0.659665
10,99517767677748,0.6652734,5.209866,-2.232081
4,99517772451498,-1.4511565,-0.17283916,-0.63702816
10,99517778715040,-0.8508096,3.011385,-2.0337896
4,99517781951602,-1.6556873,-0.2066613,-0.4607269
10,99517784907852,-1.0303748,-0.941442,-0.74570894
4,99517792005821,-1.0972224,-0.17630127,-0.3153183
10,99517799585456,-0.8915398,-2.8781424,0.5743637
4,99517802804727,-0.12037488,-0.060720075,-0.23329292
10,99517807476810,-0.89648294,-2.8822322,0.5729933
4,99517812304154,0.5819007,0.06950851,-0.16990969
10,99517817431498,-1.1583073,0.23687506,-0.28925657
4,99517820534363,0.6468818,0.14647387,-0.10652645
10,99517824209102,-1.0218378,2.327013,-1.1008911
4,99517831545508,0.2609898,0.16085494,-0.07643273
10,99517839315456,-0.79648507,2.95593,-1.1887097
4,99517842547644,-0.23622239,0.11984225,-0.04580637
10,99517847079623,-0.7841579,2.980325,-1.1765008
4,99517851863894,-0.64555025,0.06551377,0.024234766
10,99517858219519,-1.1548636,0.9533167,-0.4113984
4,99517861488894,-0.7187872,0.018908445,0.05912218
10,99517864401498,-1.0207883,0.2135086,-0.011567116
2,99517871003321,-26.0,-1.0,27.0
10,99517878676290,-1.0723093,-0.20336246,0.33058643
4,99517881929102,-0.3043993,0.033023197,0.09454222
10,99517884851654,-1.0723152,-0.20336103,0.33058643
4,99517889639258,-0.1635181,0.063116916,0.12010857
10,99517896486602,-0.7802818,0.039122105,0.096604824
4,99517899706498,-0.1587244,0.046339005,0.14940333
10,99517905138425,-0.86707246,0.2066083,-0.24358416
4,99517909921706,-0.19787288,0.022370555,0.17070863
10,99517914804571,-0.5106368,0.43201542,-0.43282652
4,99517918271498,-0.3073288,-0.0015978967,0.20746025
10,99517924905925,-0.37081122,0.5633187,-0.3390317
4,99517929684206,-0.3637878,-0.006657903,0.22556975
10,99517936082904,-0.24804425,0.5410576,-0.08400297
4,99517939302019,-0.42850262,-0.045007423,0.24261399
10,99517944683477,-0.19816434,0.33621836,0.24374771
4,99517949483112,-0.44101948,-0.063116916,0.24660872
10,99517955825300,-0.23513126,0.09478998,0.27066183
4,99517959052540,-0.4631237,-0.09161274,0.24740767
10,99517964470144,-0.21100056,-0.03323698,0.02748537
4,99517969270092,-0.44900897,-0.107858025,0.24474451
10,99517975609206,-0.07366657,-0.0031108856,-0.029891968
4,99517978846342,-0.41412157,-0.08522116,0.25353295
10,99517984246446,0.48280323,0.15525818,0.15776587
4,99517989038477,-0.33182988,-0.061519023,0.26178873
10,99517995408269,0.48591375,0.18192482,0.29689598
4,99517998644571,-0.2612561,-0.08282431,0.26365295
10,99518004024467,0.37230504,0.053757668,0.42184258
4,99518008839362,-0.27031085,-0.10626013,0.2514024
10,99518013782748,0.3168646,0.073112965,0.46046257
4,99518017169154,-0.28975195,-0.12410331,0.2330266
10,99518023792435,0.2806555,0.047027588,0.3076539
4,99518028532487,-0.27510455,-0.11318435,0.20586236
10,99518035128321,0.5095546,-0.008888245,0.28422165
4,99518038351498,-0.2463424,-0.075101145,0.18775286
10,99518042829519,0.55812466,-0.18699455,0.59863424
2,99518048603633,-36.0,1.0,22.0
10,99518054912644,0.439703,-0.47566175,0.71875143
4,99518058154154,-0.15792546,-0.0743022,0.17097494
10,99518063353998,0.42569625,-0.606802,0.83700895
4,99518067298217,-0.1520665,-0.072970614,0.13981596
10,99518074522748,0.58780956,-0.6218872,0.73019314
4,99518077766446,-0.15632756,-0.026897928,0.1041296
10,99518083125717,0.6729404,-0.40906572,0.76810026
4,99518087962435,-0.15765914,0.02396845,0.1107875
10,99518094305925,0.5096364,-0.30501652,0.86136055
4,99518097542904,-0.19414444,0.0479369,0.13262543
10,99518102901289,0.4795133,-0.26739502,0.7213297
4,99518107762696,-0.20959078,0.05672533,0.092944324
10,99518112700769,0.6863693,-0.3880291,0.68658066
4,99518116062852,-0.18615496,0.07749799,0.02743056
10,99518122688008,0.6182258,-0.4553256,0.5840497
4,99518127459727,-0.12836437,0.07856325,-0.0026631611
10,99518133852071,0.48727763,-0.3222828,0.69527864
4,99518137091550,-0.07483483,0.06391586,-0.009054748
10,99518142466237,0.36061132,-0.1990223,0.6280041
4,99518147315977,-0.054062173,0.050333746,-0.01438107
10,99518153618737,0.33311224,-0.10419226,0.4948244
4,99518156863164,-0.05352954,0.06977482,-0.019973708
10,99518162238998,0.33035052,-0.04903555,0.63092375
4,99518167037279,-0.0396811,0.08335695,-0.0029294773
10,99518173399206,0.29606283,-0.035454273,0.6964054
4,99518176635300,-0.0015978967,0.10226539,0.017044231
10,99518182032592,0.20994163,0.019461155,0.5609684
4,99518186859831,0.014647386,0.1222391,0.027696876
10,99518193200925,0.18098462,0.08303642,0.38598776
4,99518196431602,0.027696876,0.15526229,0.02130529
10,99518201789102,0.26312304,0.1477871,0.25291538
4,99518206615560,0.034088463,0.17337179,0.0034621095
10,99518211538373,0.19596457,0.12868118,0.15054703
4,99518214936081,0.021571605,0.15792546,-0.017576864
10,99518221576654,0.106446624,-0.013931274,0.14014912
2,99518226439831,-40.0,3.0,20.0
10,99518232705039,0.13405848,-0.30760622,0.18475151
4,99518235944362,0.010120012,0.13741912,-0.054594804
10,99518241352644,0.057958007,-0.55687857,0.20422554
4,99518246152227,0.02396845,0.14460965,-0.07643273
10,99518252486394,0.02459383,-0.56797457,0.2539544
4,99518255736706,0.077231675,0.14780544,-0.1041296
10,99518261109519,0.09486556,-0.6021819,0.32738018
4,99518266029050,0.10918961,0.15126756,-0.13369069
10,99518272254310,0.115623355,-0.5208082,0.29745674
4,99518275500664,0.12756541,0.1486044,-0.18748654
10,99518280886810,0.040694594,-0.3228221,0.28248644
4,99518285778269,0.14647387,0.12010857,-0.2428803
10,99518292087123,-0.14334643,-0.41108608,0.09266329
4,99518295319987,0.13289174,0.08495484,-0.27084348
10,99518300663164,-0.24485719,-0.38484478,0.11893177
4,99518305593373,0.1387507,0.05965481,-0.28229508
10,99518310482748,-0.14918005,-0.18071985,0.19999552
4,99518313832175,0.15073492,0.05006743,-0.28336033
10,99518320451446,-0.18371332,0.03935814,0.26932478
4,99518325374727,0.13741912,0.054328486,-0.27137613
10,99518331598998,-0.28379798,0.1567626,0.2332201
4,99518334818998,0.07829694,0.05273059,-0.25752768
10,99518340228269,-0.41331315,0.3607993,0.34972906
4,99518345103894,0.05912218,0.048203215,-0.25033715
10,99518351377904,-0.4468627,0.5690055,0.3622198
4,99518354592487,0.0743022,0.01917476,-0.22716765
10,99518360007956,-0.5022718,0.4474926,0.25563335
4,99518364983425,0.09054748,0.020772656,-0.20266657
10,99518371137904,-0.4652698,0.28874922,0.49427414
4,99518374441758,0.11717909,0.1571265,-0.058589544
10,99518379829675,-0.49839318,0.30237675,1.1753812
4,99518384696394,0.11424961,0.23675503,0.013848438
10,99518390927696,-0.9590936,0.2528963,1.2594414
4,99518394220248,0.058056913,0.41731736,0.20932446
10,99518399606289,-1.1996148,0.017636776,1.368473
2,99518404486706,-39.0,3.0,23.0
10,99518409393685,-1.1215732,-0.10821104,1.5466514
4,99518412830612,-0.11797804,0.649545,0.675644
10,99518419508998,-1.2525153,-0.29091692,1.3934765
4,99518424389258,-0.070041135,0.55979645,0.8064052
10,99518430505456,-1.1412854,0.31112814,0.5464921
4,99518433741498,0.05832323,0.33981937,0.64847976
10,99518439162019,-0.9699654,0.7489643,1.1719837
4,99518444018425,-0.11984225,0.010120012,0.1784318
10,99518450266237,-1.3123244,0.54968405,0.74100447
4,99518453503841,-0.7054714,-0.3073288,-0.24900557
10,99518458959050,-1.7653059,0.76754093,0.75089025
4,99518463998581,-0.9787117,-0.44101948,-0.38748994
10,99518470094675,-1.5716394,0.10571432,1.0585594
4,99518473327591,-0.92731273,-0.45220476,-0.30253512
10,99518478671185,-1.0146574,-0.7410407,0.76026535
4,99518483640300,-0.59415126,-0.4660532,-0.23435818
10,99518489836862,-0.4755875,-0.35893583,0.38517237
4,99518493068425,-0.040213734,-0.5049353,-0.272974
10,99518498472331,-0.39714825,0.30526066,-0.3943019
4,99518503347852,0.26631612,-0.5403554,-0.30626354
10,99518508227071,-0.8118485,0.99808216,-0.8898487
4,99518511593269,0.22370553,-0.67005134,-0.27350664
10,99518517149414,-1.3719313,1.3064299,-0.9586549
4,99518523645143,0.07669904,-0.7850999,-0.1438107
10,99518529728477,-0.5390029,2.3357952,-0.8604522
4,99518532965977,0.11824436,-0.77125144,-0.08149273
10,99518538162279,-0.08358741,2.1045723,-1.2946334
4,99518542995873,-0.048203215,-0.71585774,-0.0314253
10,99518549197852,-0.22364652,1.6576834,-1.185308
4,99518552408685,-0.22050974,-0.7326356,0.04181163
10,99518557781602,-0.07330084,1.613244,-0.4909253
4,99518562558060,-0.20799288,-0.74461985,0.09081379
10,99518568945300,0.28834176,0.7150073,-0.3501382
4,99518572179571,-0.21704763,-0.6530071,0.12596752
10,99518577558373,0.31570363,-0.25016546,-0.23981857
2,99518582323998,-33.0,7.0,23.0
10,99518588885091,0.031677485,-0.64267445,0.115722656
4,99518592118789,-0.03888215,-0.37337518,0.22077605
10,99518597371706,-0.07462621,-0.74692154,0.13788557
4,99518602166550,0.16165388,-0.24900557,0.30919302
10,99518607120664,0.16816759,-0.7141533,-0.41774845
4,99518610493737,0.26551718,-0.10519487,0.38269624
10,99518616774935,0.46564603,-0.30006886,-0.58717537
4,99518621615612,0.23489082,-0.005060006,0.3933489
10,99518628274310,0.4351139,0.15015316,-0.5794363
4,99518631507591,0.0974717,0.016777916,0.3422162
10,99518634537435,0.14062715,0.21719074,-0.6057725
4,99518642283529,-0.051931642,-5.326322E-4,0.25379926
10,99518649890091,0.015696526,-0.0990963,-0.35513592
4,99518653125664,-0.1257012,0.014114754,0.17390442
10,99518658092696,0.02603364,-0.07957029,-0.34228992
4,99518663019623,-0.109988555,0.05752428,0.12756541
10,99518669128060,-0.061583757,-1.1376486,0.17291498
4,99518672372487,-0.037550572,0.06578008,0.105727494
10,99518677238946,-0.11259222,-1.253458,0.49756622
4,99518682038529,0.0628506,0.06764429,0.068176925
10,99518688199258,-0.02109456,-0.95715714,0.4134345
4,99518691442435,0.105993815,0.08495484,0.020772656
10,99518693585977,-0.01869917,-0.4639454,0.26978254
4,99518701992435,0.09427591,0.10652645,-0.0039947415
10,99518708386341,0.0047056675,-0.20419359,0.29112673
4,99518712623633,0.02130529,0.09773801,-0.01438107
10,99518717249831,0.07687926,-0.09513283,0.4091649
4,99518722029987,-0.035952676,0.064182185,-0.040213734
10,99518728326810,0.12519646,-0.057831287,0.45157433
4,99518731544727,-0.043942157,0.036218993,-0.06977482
10,99518734460248,0.18026304,-0.067408085,0.45396852
4,99518741243529,-0.025832662,0.023169503,-0.0727043
10,99518748922331,0.12428236,0.019186974,0.46692038
4,99518752161550,-0.005060006,0.022370555,-0.049002163
10,99518755108268,0.12428236,0.019186974,0.46692038
2,99518759893425,-36.0,13.0,23.0
10,99518766896550,0.16107225,0.21782064,0.5665927
4,99518770118685,-0.007190535,0.0013315806,-0.008522116
10,99518775328008,0.13888359,0.21962118,0.6296749
4,99518780133112,-0.025832662,-0.0029294773,-0.0013315806
10,99518786679050,0.14767504,0.08383083,0.66511536
4,99518789897800,-0.040480047,-5.326322E-4,0.012516857
10,99518794939102,0.104426146,-0.0018429756,0.65910053
4,99518799728060,-0.041545313,0.004527374,0.018908445
10,99518805036862,7.266998E-4,-0.01881218,0.560554
4,99518808255716,-0.026897928,0.0055926386,0.02956109
10,99518814705925,-0.024869204,-0.026173592,0.531024
4,99518819531654,-0.017310547,0.00479369,0.02743056
10,99518826204987,-0.057204723,-0.07474089,0.5201082
4,99518829444623,-0.0077231675,-0.016777916,-0.007989483
10,99518834345300,0.0065124035,-0.13807774,0.42807865
4,99518839138633,-0.0077231675,-0.023702133,-0.02876214
10,99518846005143,0.049635887,-0.12293959,0.34391737
4,99518849242383,-7.9894834E-4,-0.025832662,-0.06684534
10,99518854582591,0.041415453,0.06808472,0.22860432
4,99518859553320,0.0053263223,-0.012516857,-0.087085366
10,99518865839883,-4.7063828E-4,0.14443064,0.28635645
4,99518869062383,0.026897928,-0.0061252704,-0.0958738
10,99518873350925,-0.17742419,0.07766628,0.4355588
4,99518879451341,0.032490566,-0.016245283,-0.10626013
10,99518885704883,-0.21102619,0.06772709,0.4239297
4,99518888913164,0.051132694,-0.02130529,-0.11451593
10,99518893804362,-0.17886615,0.15263224,0.34250546
4,99518899552435,0.09187906,-0.007456851,-0.105727494
10,99518904655925,-0.15848827,0.19376612,0.2896633
4,99518907762956,0.12623383,0.018109497,-0.079095885
10,99518913696966,-0.19468951,0.35880995,0.24061632
4,99518918489310,0.1304949,0.03009372,-0.05352954
10,99518925124206,-0.30413413,0.5256176,0.13021469
4,99518928363216,0.10892329,0.027696876,-0.030360037
10,99518933495091,-0.2762277,0.64083195,0.10186863
2,99518938289935,-36.0,11.0,22.0
10,99518944904310,-0.23382688,0.7976308,0.021548271
4,99518948140925,0.13022858,0.012250541,0.0063915867
10,99518953323685,-0.22248578,0.8385353,-0.11700964
4,99518958108789,0.12330436,0.00958738,0.032490566
10,99518964705768,-0.25040245,0.83903503,-0.1336236
4,99518967952539,0.10945592,-0.01438107,0.051132694
10,99518972884518,-0.26856637,0.70774984,-0.08139992
4,99518977661393,0.10759171,-0.012516857,0.07350325
10,99518984480352,-0.21905923,0.5109997,-0.052037716
4,99518987730820,0.12144015,-0.00479369,0.10972224
10,99518992944050,-0.3093915,0.3632965,-0.058778763
4,99518997779102,0.18402444,0.05672533,0.15952335
10,99519002892747,-0.076818705,0.24821758,0.1388588
4,99519006334518,0.2396845,0.17443706,0.21012342
10,99519011629622,-0.011343241,0.072861195,0.21404696
4,99519017899831,0.25033715,0.3304983,0.30493194
10,99519024189622,-0.27459133,-0.34893274,0.14479399
4,99519027418060,0.114782244,0.5028048,0.4889564
10,99519031136706,-0.49287307,-0.9677639,0.38095617
4,99519037838060,-0.052996907,0.6151902,0.70147663
10,99519043967591,-0.66274154,-1.3099566,0.62535906
4,99519047181237,-0.04261058,0.6306366,0.89615375
10,99519052037487,-0.34221792,-0.9374213,0.11615229
4,99519057000977,0.24394555,0.5544701,0.90281165
10,99519063589727,0.4299351,0.5587902,-0.29546976
4,99519066828581,0.6447513,0.40852892,0.500408
10,99519072013164,0.1538186,0.07819986,0.44321632
4,99519076820768,0.18295917,0.082558,-0.007989483
10,99519083338737,-1.2676158,-0.8810477,0.094297886
4,99519086549050,-0.43436158,-0.24847293,-0.29933932
10,99519091737747,-1.1828253,-0.51448774,1.0035944
4,99519096520716,-0.4412858,-0.32996565,-0.360592
10,99519101681758,-0.6409303,-1.5447674,1.0666838
4,99519104920091,-0.23462449,-0.2926814,-0.2972088
10,99519111364987,-0.19166791,-2.094921,0.81948376
2,99519116165143,-36.0,12.0,25.0
10,99519122934362,0.188725,-1.3626127,0.484509
4,99519126176706,0.2761698,-0.35766253,-0.4295679
10,99519131370352,0.12079346,-0.37593412,-0.11283016
4,99519136129258,0.24208134,-0.32410672,-0.49960902
10,99519142703320,0.23817074,0.35912037,-0.4098897
4,99519145951341,7.9894834E-4,-0.30173615,-0.5107943
10,99519151168529,0.3466816,0.5839081,-0.6517639
4,99519156124987,-0.15925704,-0.22556975,-0.45806372
10,99519162470820,0.5887399,0.31466484,-0.07024956
4,99519165734883,-0.17337179,-0.1387507,-0.43862265
10,99519170883893,0.43755698,-0.042912006,0.42146778
4,99519175784831,-0.082025364,-0.07163903,-0.45806372
10,99519182258633,0.28519273,-0.35233545,0.44128895
4,99519185504570,0.03701794,0.019441076,-0.4183826
10,99519190624883,0.30505466,0.0033330917,0.484787
4,99519195466862,0.20453078,0.13901702,-0.3222425
10,99519200629258,0.35195303,0.30915594,0.33603048
4,99519203807174,0.26045716,0.19414444,-0.2657835
10,99519210239935,0.32666397,0.38873148,0.1714096
4,99519215076654,0.25832662,0.29348037,-0.1555286
10,99519221805924,0.31059313,0.7635355,0.021587372
4,99519225022331,0.20532973,0.345412,-0.14993598
10,99519230199206,0.3468008,0.8355217,0.038661003
4,99519235048477,0.18668759,0.3832289,-0.1504686
10,99519241619935,0.32663465,0.8100457,0.07331753
4,99519244869206,0.14913702,0.48948902,-0.12436963
10,99519249755299,0.1285553,0.5820966,0.18721771
4,99519254663893,0.14274544,0.5121259,-0.11265171
10,99519261331654,-0.05359173,0.25264978,0.14441204
4,99519264542591,0.12969595,0.5406217,-0.10652645
10,99519269715352,0.05242753,0.14517546,0.042996407
4,99519274688112,0.14114754,0.5651228,-0.11584751
10,99519281128581,0.07517362,0.09578419,0.05218172
4,99519284436862,0.18775286,0.6221144,-0.13369069
10,99519289358112,-0.13462126,-0.035555363,0.42693233
2,99519294273685,-34.0,4.0,25.0
10,99519299451393,-0.29969656,-0.16443825,0.4544549
4,99519302667852,0.19467708,0.5787049,-0.19547603
10,99519309343581,-0.51369274,-0.44649172,0.3808484
4,99519313314831,0.18482338,0.56432384,-0.26684874
10,99519320671185,-0.38586867,-0.42304754,0.3679614
4,99519323966497,0.20586236,0.5704491,-0.3086604
10,99519329092747,-0.30057323,-0.18305731,0.30512905
4,99519333986445,0.23489082,0.5749765,-0.31505197
10,99519340486185,-0.28372777,-0.1225853,0.17650318
4,99519343721445,0.23489082,0.54461646,-0.32836777
10,99519348876393,-0.2311045,0.14249992,0.11058855
4,99519353807018,0.2263687,0.509729,-0.34328148
10,99519360208424,-0.07773745,0.36428738,-0.08827162
4,99519363462643,0.19600865,0.48629323,-0.3400857
10,99519368640195,0.005262971,0.63417625,0.0031080246
4,99519373541602,0.19361182,0.46711847,-0.32277513
10,99519379104883,-0.03377092,0.88479567,0.049066067
4,99519382324987,0.1834918,0.43729106,-0.304133
10,99519388239674,-0.14502811,0.9068589,-0.028326988
4,99519393135091,0.17896444,0.42264366,-0.27803403
10,99519398348685,-0.10695207,0.7492156,0.15271568
4,99519401581393,0.221575,0.42184472,-0.24501082
10,99519408028529,-0.0943954,0.5691414,0.41953945
4,99519412892331,0.28842035,0.4327637,-0.22237396
10,99519419550351,-0.18183458,0.4236927,0.47751808
4,99519422789258,0.31318775,0.44075316,-0.21118867
10,99519428017435,-0.30734682,0.46927166,0.4462757
4,99519432855456,0.3155846,0.4593953,-0.18136127
10,99519439317591,-0.420076,0.21790743,0.26888752
4,99519442523424,0.26338664,0.49215218,-0.094808534
10,99519447807174,-0.5235449,-0.050362587,0.35635757
4,99519452645976,0.23409186,0.5704491,0.025033714
10,99519459116081,-0.44448626,-0.1317482,0.91456985
4,99519462351393,0.2905509,0.67298084,0.13475595
10,99519467330508,-0.7497152,-0.51114655,1.1986618
2,99519472120664,-34.0,-6.0,29.0
10,99519478918112,-0.9975625,-1.0728655,0.9951315
4,99519482147799,0.29987195,0.9243832,0.4812332
10,99519487141393,-1.5241183,-1.6519804,1.5376339
4,99519492920456,0.1949434,0.912399,0.77897465
10,99519498051081,-2.4623785,-1.5170999,1.6363325
4,99519501162747,0.4167847,0.6045376,0.9752496
10,99519505136341,-3.3745668,-0.054237366,2.5509176
4,99519512512747,0.9488843,0.10439592,0.7419567
10,99519520073424,-3.691286,-0.8180442,3.7771559
4,99519523334726,0.19228023,-0.32969934,-0.035153728
10,99519527867226,-3.687826,-0.81768465,3.7769861
4,99519532788268,-0.566987,-0.60533655,-0.43089947
10,99519539095872,-5.1222696,-0.016463757,2.3739405
4,99519542301810,-0.30386668,-0.716923,-0.32623723
10,99519545213216,-2.4407616,-1.7953501,0.50167465
4,99519552064310,0.31931302,-0.6783071,-0.35473305
10,99519559672591,-0.7443224,-1.9267182,-1.2116575
4,99519562923112,0.77924097,-0.5898902,-0.51292485
10,99519567494570,-0.81693757,-1.9872828,-1.2396469
4,99519572259726,0.39920786,-0.6314355,-0.768322
10,99519578516966,-1.6693405,2.314377,-3.3435726
4,99519581751081,-0.32676986,-0.74302197,-0.92970955
10,99519584752174,-1.331758,3.0182722,-2.9988074
4,99519592024101,-0.8631305,-0.71532506,-0.9691243
10,99519598400143,-0.8758104,1.7188592,-2.0646248
4,99519602604362,-1.0388992,-0.57577544,-0.90707266
10,99519606257070,-1.4098694,0.22448301,-1.1138778
4,99519611089466,-0.7459514,-0.47830373,-0.77151775
10,99519617460612,-1.7438393,-0.1491723,-0.52678776
4,99519620696393,-0.22290659,-0.40080574,-0.62717444
10,99519623641601,-1.2314801,0.43980122,-0.8500047
4,99519631169466,0.11771172,-0.28682247,-0.51505536
10,99519638860091,-0.71725297,1.5219705,-1.5614419
4,99519642116549,0.16058862,-0.17976338,-0.42850262
10,99519644402643,-0.71725297,1.5219705,-1.5614419
2,99519650970299,-24.0,1.0,22.0
10,99519658672278,0.3798263,2.7814336,-2.069868
4,99519661902747,-0.25007084,-0.061519023,-0.25193503
10,99519664764101,0.37982464,2.7814279,-2.069868
4,99519669612539,-0.3651194,-0.041279,-0.21997711
10,99519676482747,0.9278147,1.7796078,-1.8943887
4,99519679719987,-0.47564057,0.02956109,-0.13928333
10,99519685105247,1.0513452,1.2860799,-1.3798542
4,99519689953997,-0.44581318,0.06498113,-0.10040118
10,99519694833320,1.199265,0.945333,-0.8751254
4,99519698264101,-0.37151098,0.14327806,-0.022104237
10,99519704892747,1.2802751,0.92625093,-0.40786076
4,99519709674570,-0.2809635,0.2146508,0.041279
10,99519716084674,1.2712877,0.83283854,0.15740919
4,99519719305091,-0.21012342,0.26631612,0.10865697
10,99519724670403,1.0522991,0.32049417,0.6763916
4,99519729431914,-0.19361182,0.31372038,0.22077605
10,99519735823528,1.0493056,0.23039675,0.678884
4,99519739058216,-0.18322548,0.38429415,0.3472762
10,99519744486914,1.2536634,0.5404663,0.74859905
4,99519749294883,-0.16058862,0.4673848,0.4679174
10,99519755600976,1.418046,0.6223264,0.6193347
4,99519758835456,-0.20532973,0.5877597,0.5877597
10,99519764219674,1.4964693,0.45051003,0.58870363
4,99519769056862,-0.32304144,0.6897587,0.71479243
10,99519775423997,1.096646,0.35395718,0.71024275
4,99519778653372,-0.35659727,0.72198296,0.809601
10,99519784009153,0.76544225,-0.13854694,0.81932735
4,99519788764831,-0.3392867,0.6801714,0.8586032
10,99519793667226,0.50331986,-0.3167653,0.93650866
4,99519797141289,-0.1685781,0.5747102,0.8082694
10,99519803776497,0.3383783,-0.122611046,1.6843462
4,99519808606289,-0.03888215,0.3174488,0.5566007
10,99519814954206,-0.13952363,-0.17536211,2.6387477
4,99519818193945,-0.21544974,-0.056991648,0.20532973
10,99519823555247,-1.1765269,-0.7668915,2.294989
2,99519828323893,-35.0,1.0,13.0
10,99519834874883,-1.1512187,-0.9867282,3.2294278
4,99519838118580,-0.87831056,-0.58269966,-0.25699505
10,99519843333580,-0.9998019,-1.9236512,3.321415
4,99519848100872,-0.7352988,-0.70467246,-0.23116238
10,99519853048945,-0.86344063,-2.0672379,2.5010595
4,99519857763060,-0.38908786,-0.76725674,-0.16138756
10,99519863138112,-0.4381045,-0.92446375,1.269094
4,99519867997174,-0.1323591,-0.79894835,-0.14514229
11,99519874443789,-0.29919,0.128105,-0.578572,0.747882,3.0
4,99519877651237,-0.14753912,-0.92118746,-0.10759171
10,99519882876966,-0.973096,1.2955422,0.091703415
4,99519887637435,-0.29028457,-1.1520835,0.007989483
10,99519892592955,-0.5960045,2.502924,-0.06389952
4,99519896014310,-0.25539714,-1.2937636,0.06684534
10,99519902368841,-0.09340906,2.110431,-0.32468414
4,99519907148320,-0.3371562,-1.2705942,0.14727281
10,99519913797070,-0.3807181,1.1971183,-0.028790474
4,99519917007903,-0.39760995,-1.2306467,0.30599722
10,99519922481966,-0.60006785,0.8603897,0.64994
4,99519927324518,-0.26418558,-1.2016183,0.4596616
10,99519933577278,-0.18784034,0.560781,0.90555
4,99519936811289,-0.03701794,-1.0865698,0.59148806
10,99519942258008,0.19836974,0.39282417,0.89056015
4,99519946237174,0.2000034,-0.89535475,0.7233146
10,99519953375716,0.1653924,0.08997488,0.6923332
4,99519956612330,0.32304144,-0.71958613,0.8495484
10,99519961992487,-0.054969072,-0.19876337,0.27061367
4,99519966794414,0.3787015,-0.5904228,0.9358348
10,99519973206653,-0.06288409,-0.34213877,-0.04840517
4,99519976445403,0.43888897,-0.4673848,0.99548966
10,99519981769987,0.2998011,-0.28237724,-0.3314047
4,99519986588893,0.47857004,-0.32037827,1.0423613
10,99519991551601,0.44453526,-0.118077755,-0.5195589
4,99519994919205,0.43569317,-0.1784318,1.0538129
10,99520001589310,0.55760956,-0.033099174,-0.19132853
2,99520006373685,-35.0,8.0,20.0
10,99520012676914,0.57491803,-0.5491314,-0.3361106
4,99520015931393,0.17763285,0.103064336,0.8452873
10,99520021327278,0.24530244,-1.2605257,0.12671041
4,99520026071237,0.12809806,0.26977822,0.80587256
10,99520031692591,0.05885923,-1.8204384,0.54587793
4,99520034976289,0.20559604,0.44315,0.7779094
10,99520041094414,0.3675512,-1.8247643,0.562418
4,99520046028424,0.35553202,0.6085323,0.6508766
10,99520052270247,0.8448106,-1.1314654,-0.37915802
4,99520055490976,0.4958806,0.5944176,0.35926044
10,99520060917278,0.36602902,-0.5171666,-0.7949724
4,99520065818476,0.505468,0.30972564,-0.022104237
10,99520072024518,-0.29702926,-1.3599482,-0.082579136
4,99520075248580,0.10759171,-0.10226539,-0.30786142
10,99520080691757,-0.50859976,-1.9938521,0.31011343
4,99520085711445,-0.079095885,-0.31318775,-0.40932786
10,99520090621497,-0.3075112,-2.0516295,1.3511386
4,99520093774101,0.02609898,-0.34754252,-0.3818973
10,99520100488164,-0.4858272,-2.1350322,1.4699426
4,99520105301862,0.4213121,-0.33449304,-0.2548645
10,99520111569674,0.27912486,-1.4023623,0.419899
4,99520114776445,0.78749675,-0.24847293,-0.2657835
10,99520120191810,0.80556476,0.052369118,-0.9857826
4,99520125172070,0.7661915,-0.20586236,-0.3054646
10,99520131346445,0.6953373,1.4722786,-1.7996216
4,99520134558007,0.5403554,-0.1587244,-0.3581952
10,99520140014205,0.72019017,2.5362508,-1.8008175
4,99520144945976,0.2298308,-0.12942964,-0.45007423
10,99520151127695,0.98321843,2.7340689,-1.5287986
4,99520154427695,-0.027696876,-0.08894958,-0.7251788
10,99520159800924,0.6949898,0.28914928,-1.3743248
4,99520164647278,-0.30652985,0.007989483,-0.9491506
10,99520170912903,0.25924778,-0.43974543,-0.73325014
4,99520174216862,-0.25513083,0.07536746,-0.9472864
10,99520180097955,-0.41008115,-1.4737525,0.4674301
2,99520185183007,-32.0,11.0,23.0
10,99520189960924,-0.32731044,-1.4097157,0.36111164
4,99520193100768,0.44554687,0.35073832,-0.66525763
10,99520197976080,-0.19443941,-0.9539852,0.32387304
4,99520203331653,0.6130597,0.577107,-0.4261058
10,99520209107799,0.0355649,0.35571766,0.09037876
4,99520212479205,0.5542038,0.75420725,-0.19787288
10,99520217729570,0.18641162,1.2910776,-0.015508175
4,99520223073424,0.34115094,0.8522116,0.021038974
10,99520230222799,0.15315652,1.9000916,0.15622044
4,99520233459622,0.23196134,0.84155893,0.24873926
10,99520238873164,0.0050901175,2.0130568,0.3266821
4,99520243871028,0.2412824,0.83277047,0.47377637
10,99520249994674,0.007533908,1.0999331,0.15500212
4,99520253228580,0.15526229,0.82078624,0.65726817
10,99520258638893,-0.32620966,1.0404506,0.4544897
4,99520263511549,0.16405073,0.6945524,0.6165218
10,99520269825403,-0.62619567,1.0443654,1.4421034
4,99520273057591,0.019973708,0.3920173,0.3110572
10,99520278416132,-1.1113275,-0.4599042,1.6891985
4,99520283288528,-0.45167214,0.035153728,-0.120907515
10,99520288240351,-0.66167897,-1.2538977,1.8433428
4,99520292258007,-0.5834986,-0.13262543,-0.43436158
10,99520298243580,-0.52483404,-2.426363,2.4863563
4,99520303139987,-0.3089267,-0.23276028,-0.4676511
10,99520309378007,-0.60116947,-3.418056,2.5546546
4,99520312591132,0.23515713,-0.29987195,-0.39760995
10,99520317990351,0.22326386,-2.6279697,1.3504186
4,99520322831289,0.7374293,-0.21944448,-0.4048005
10,99520329184414,0.5186794,-0.4095416,-0.016957283
4,99520332385455,0.85354316,-0.10918961,-0.4101268
10,99520337758737,0.21441281,1.3046546,-1.0708685
4,99520342558945,0.5251754,-0.026365295,-0.34940675
10,99520348963580,0.2978158,2.5512016,-1.2067175
4,99520352191289,0.034621093,0.054328486,-0.3336941
10,99520357537591,0.5271976,2.3638415,-1.1029048
2,99520362331862,-33.0,3.0,26.0
10,99520368861184,0.2380389,0.81476974,-0.99526834
4,99520372068841,-0.49721217,0.25699505,-0.22423817
10,99520374999101,0.0058014393,0.3359294,-0.14293242
4,99520383113737,-0.026365295,0.30493194,-0.049002163
10,99520389491653,0.11972475,0.08314514,-0.2185564
4,99520393907278,0.47670585,0.42663842,0.092145376
10,99520398515403,0.07675326,0.16968203,-0.78095007
4,99520403454570,0.6676545,0.577107,0.2330266
10,99520409533216,-0.28525078,1.1054373,-0.66312456
4,99520412776497,0.6607303,0.6498113,0.3965447
10,99520417726705,-0.915386,1.3308268,-0.4767232
4,99520422502799,0.3920173,0.6399576,0.566987
10,99520428561601,-1.5232451,1.0127802,-0.41115713
4,99520431766445,0.15526229,0.6383597,0.67697555
10,99520434668424,-2.0523636,1.0486932,-0.33693695
4,99520442058164,0.19441076,0.64155555,0.65061027
10,99520456593789,-3.127767,0.21457863,0.7579241
74,99520460703684,-0.13954964,0.13901702,0.08522116
10,99520467357487,-3.7016864,-0.7271657,1.3408146
4,99520470545716,-0.561927,-0.19600865,-0.23915187
10,99520474657487,-3.5604286,-0.93546104,1.4461594
4,99520481731184,-0.6085323,-0.34967306,-0.36245623
10,99520488025507,-2.7962594,-0.9978223,1.454917
4,99520492108528,-0.3334278,-0.40293628,-0.36618465
10,99520494082799,-1.8002715,-1.1318974,0.5858221
4,99520494082799,-0.3334278,-0.40293628,-0.36618465
4,99520501126289,-0.082025364,-0.43196473,-0.3520699
10,99520508479622,-1.1691697,-0.23241377,-0.33418703
4,99520511554986,0.03568636,-0.45593318,-0.3257046
10,99520514267122,-1.1212835,0.9192023,-1.0356884
4,99520520903997,-0.054594804,-0.5044027,-0.30120352
10,99520526869361,-0.9720787,1.5726655,-1.3029056
4,99520529955507,-0.38056573,-0.51452273,-0.28895298
10,99520535090247,-0.73283905,1.5355451,-1.7269077
2,99520540470559,-34.0,-1.0,32.0
10,99520546645716,-0.8155311,1.3773494,-0.90057945
4,99520549730664,-0.7355651,-0.4460795,-0.15899073
10,99520554869466,-1.02679,0.4053216,0.0043878555
4,99520560281289,-0.6878945,-0.4463458,-0.14247912
10,99520566379882,-0.9529842,-0.5458708,0.44465637
4,99520569462226,-0.5137238,-0.41891524,-0.13768543
10,99520574786757,-0.8496187,-0.5017686,0.53133345
4,99520580565768,-0.3320962,-0.345412,-0.109988555
10,99520585550976,-0.96231943,-0.12029505,0.42829227
4,99520588512434,-0.18322548,-0.28549087,-0.043409526
10,99520594431393,-0.9668763,0.51752424,-0.018749237
4,99520599113059,-0.15419704,-0.25353295,0.029294772
10,99520605955195,-0.6186137,0.7728586,-0.36874485
4,99520609048528,-0.23648871,-0.23355924,0.05486112
10,99520614213632,-0.15541959,0.691442,-0.43938017
4,99520619592695,-0.3584615,-0.23409186,0.04314321
10,99520625728372,-0.0042198896,0.47587347,-0.22528791
4,99520628823268,-0.4663195,-0.25326663,0.06364955
10,99520634033893,-0.19854665,0.11779451,-0.10422945
4,99520638634101,-0.53076804,-0.29188246,0.10066749
10,99520645523945,-0.22554648,-0.047691822,-0.21861649
4,99520648610820,-0.5174522,-0.31345406,0.08841695
10,99520652571393,0.037306786,0.060010433,-0.4534135
4,99520659181601,-0.464189,-0.30466563,0.03781689
10,99520665620924,0.26468062,0.10758209,-0.41034698
4,99520668858580,-0.4250405,-0.31984565,-0.0063915867
10,99520673755039,0.45878065,0.056931496,-0.32151747
4,99520679516445,-0.41039312,-0.35100463,-0.050866377
10,99520684654674,0.5571747,0.014448643,0.04611063
4,99520687761549,-0.3797668,-0.3933489,-0.08735169
10,99520693650091,0.49534428,-0.1554575,0.3077135
4,99520698451861,-0.36938044,-0.39947417,-0.08016115
10,99520705098007,0.25072038,-0.4434805,0.53764105
4,99520708322174,-0.36591834,-0.39228365,-0.043675844
10,99520713455403,0.03255129,-0.58711004,0.72660875
2,99520718290924,-38.0,-1.0,25.0
10,99520725135559,0.20998669,-0.3417964,0.5089121
4,99520728349830,-0.22237396,-0.34514567,-0.10945592
10,99520733253372,0.53951,-0.069833755,0.46474552
4,99520738073945,-0.16058862,-0.29987195,-0.13981596
10,99520744694205,0.4713726,0.12474632,0.62227726
4,99520747935611,-0.11638014,-0.3155846,-0.14966966
10,99520752911757,0.39885688,0.123301506,0.8266187
4,99520757688059,-0.101200126,-0.35313517,-0.17923075
10,99520764450299,0.47252893,-0.033102512,0.803658
4,99520767692122,-0.14833808,-0.34940675,-0.2016013
10,99520772824205,0.32750893,-0.036859035,0.8448949
4,99520777676341,-0.16484967,-0.34408042,-0.17896444
10,99520782821497,0.21093845,0.12629461,0.83925295
4,99520786012903,-0.15126756,-0.31052458,-0.13022858
10,99520791528893,0.53844166,0.15799284,0.6206083
4,99520798064518,-0.15792546,-0.20692763,-0.07350325
10,99520804370403,0.77079463,0.20957184,0.64219475
4,99520807620038,-0.13954964,-0.101999074,-0.015978966
10,99520812481341,0.7806153,0.171906,0.9924226
4,99520817255507,-0.10173275,-0.05273059,0.04873585
10,99520823797018,0.68736553,0.16891766,1.0490518
4,99520827046236,-0.050866377,0.007190535,0.08735169
10,99520832183684,0.9338212,0.19187021,1.0349793
4,99520837085611,-0.017576864,0.1323591,0.10705908
10,99520843568528,1.0545533,0.15270758,0.98293304
4,99520846821288,-0.013848438,0.27670243,0.14567491
10,99520851959205,0.9872956,0.18914366,1.2180686
4,99520856747486,-0.016511599,0.36298886,0.21997711
10,99520863341913,0.72056437,0.15442753,0.9631243
4,99520866598372,0.0034621095,0.4101268,0.26551718
10,99520871069986,0.72470784,0.26867104,0.8501148
4,99520877177226,0.09161274,0.43249738,0.25832662
10,99520882275143,0.7191355,0.37500095,0.7561407
4,99520885383372,0.221575,0.4183826,0.23675503
10,99520891456966,0.6315224,0.25226593,0.7153959
2,99520896272278,-40.0,3.0,20.0
10,99520902843476,0.5652113,0.07336235,0.8098521
4,99520906069882,0.30040458,0.36565202,0.19121496
10,99520911204570,0.40921736,-0.15303326,1.0206556
4,99520916125507,0.30999196,0.33475935,0.1520665
10,99520922639101,0.084480286,-0.42756844,1.1241479
4,99520925890924,0.3086604,0.30333406,0.12703279
10,99520931024934,-0.0041742325,-0.6196685,0.9590955
4,99520935978111,0.31478566,0.28788772,0.09134643
10,99520942422330,0.25573492,-0.77801275,0.8486638
4,99520945673893,0.32863408,0.30280143,0.06258429
10,99520950784205,0.3626765,-0.70626545,0.8067627
4,99520955607070,0.33848777,0.30466563,0.05539375
10,99520962220820,0.35122907,-0.4579878,0.69118786
4,99520965467018,0.39707732,0.26232138,0.04314321
10,99520970588632,0.42446077,-0.22079849,0.48526812
4,99520975445611,0.40187103,0.252734,0.041279
10,99520980588840,0.4118936,-0.1184845,0.26751518
4,99520984090143,0.39707732,0.24394555,0.057257965
10,99520990230351,0.319991,-0.16010809,0.13007069
4,99520995126549,0.36458677,0.2330266,0.09134643
10,99521001782278,0.26891327,0.1377163,-0.015383244
4,99521005032174,0.36964676,0.22583607,0.09853696
10,99521010205299,0.43841732,0.38416243,-0.22319889
4,99521015074257,0.38722363,0.23222765,0.08868326
10,99521021559934,0.4237113,0.40149784,-0.35305357
4,99521024778736,0.40932786,0.24394555,0.087085366
10,99521029954465,0.58389854,-0.11527538,-0.5912695
4,99521034952018,0.40586576,0.26232138,0.1123854
10,99521041350715,0.5789213,-0.371377,-0.6732888
4,99521044592747,0.4860269,0.26312032,0.14141385
10,99521049752330,0.009933829,-0.8235941,-0.18679094
4,99521054603840,0.6351639,0.2545982,0.19520971
10,99521061102486,-0.17526436,-0.70535135,-0.2303977
4,99521064401445,0.7848336,0.24314661,0.2463424
10,99521069300820,-0.90547734,-0.06515598,-0.19194698
2,99521074194465,-38.0,3.0,26.0
10,99521079441340,-1.1349013,-0.089056015,-0.3817687
4,99521082679882,0.70440614,0.20479709,0.3155846
10,99521089162330,-1.5496008,0.10747957,-0.0760134,99521093490768,0.5432849,0.1965413,0.30839407
11,99521099316809,-0.282978,0.092367,-0.541241,0.786415,3.0
4,99521102731965,0.44394895,0.21571605,0.22370553
10,99521107756705,-1.5267142,0.40677595,0.34813118
4,99521114132903,0.32410672,0.21118867,0.08548747
10,99521120204830,-2.1442113,0.041229248,1.3872452
4,99521123286497,0.2016013,0.104928546,-0.082025364
10,99521128415559,-2.2159233,-0.36773205,1.8556366
4,99521133145768,0.14514229,0.073236935,-0.22210763
10,99521139938528,-1.561702,-0.15874338,1.2883949
4,99521143014257,0.20293288,0.021571605,-0.25566345
10,99521148182330,-2.4421449,0.048767567,0.84537315
4,99521152901913,0.43542686,-0.1933455,-0.0777643
10,99521159747903,-2.44429,0.32410145,1.1500349
4,99521162821445,0.55313855,-0.40213734,0.008255799
10,99521167959778,-1.2625282,0.7544365,0.054291725
4,99521174064570,0.44048685,-0.44394895,-0.05566007
10,99521179074726,-1.6049145,1.3961895,-0.4371767
4,99521182022226,0.10013486,-0.4362258,0.076965354
10,99521187737903,-1.7586644,1.780519,-1.0035806
4,99521193309309,-0.3355583,-0.42876893,0.2146508
10,99521199273528,-1.2651765,1.8130212,-1.6615453
4,99521202346080,-0.66392606,-0.4263721,0.18482338
10,99521207514882,-1.4436308,1.4045799,-1.8848052
4,99521212883424,-0.8588695,-0.47164583,0.0892159
10,99521219032434,-2.0227458,0.4883399,-1.5687761
4,99521222112538,-0.82824314,-0.59148806,0.05273059
10,99521227298528,-2.6436768,-0.25619125,-0.5115957
4,99521232666236,-0.55100805,-0.6330334,0.09720538
10,99521238855820,-1.4122447,0.04102564,-0.5988655
4,99521241932695,-0.26232138,-0.54807854,-0.006924219
10,99521245863215,-0.9238275,0.048208237,-0.9101119
2,99521252698215,-31.0,7.0,28.0
10,99521259915038,-0.84971625,0.57448053,-0.72566557
4,99521263014570,-0.37444046,-0.47723848,-0.050866377
10,99521265781392,-0.05962968,1.2855587,-0.78552055
4,99521272868528,-0.56459016,-0.35260254,-0.09667275
10,99521279202590,0.22429764,1.0851712,-0.89545965
4,99521283367851,-0.7771104,-0.22663501,-0.14647387
10,99521286864205,-0.0012767315,0.28299665,-0.92041826
4,99521291604830,-0.85540736,-0.16138756,-0.14966966
10,99521297852226,0.52170026,-0.5464678,-0.77852917
4,99521300941080,-0.69508505,-0.064182185,-0.11744541
10,99521304351705,1.3453056,-0.99657774,-0.45291758
4,99521312326705,-0.34434673,0.08149273,-0.026365295
10,99521320038007,1.545954,-0.8496671,-0.15183544
4,99521323266392,-0.047137953,0.18455707,0.09614012
10,99521327732278,1.5509423,-0.84453964,-0.14926958
4,99521332576288,0.070307456,0.27031085,0.11744541
10,99521338938320,1.7633812,0.28947496,-0.5267639
4,99521342180976,0.06924219,0.3653857,0.06231797
10,99521345113945,1.8399956,0.67015314,-0.38550615
4,99521351927486,0.016777916,0.4263721,0.0314253
10,99521359495455,1.6185476,0.492033,-0.18157864
4,99521362749882,-0.052996907,0.42317632,0.03222425
10,99521365664830,1.6185476,0.492033,-0.18157864
4,99521371811913,-0.06737798,0.43036684,0.038083203
10,99521378191965,1.435095,-0.2896862,0.71427155
4,99521382452486,-0.005060006,0.4708469,0.07084008
10,99521384558528,1.1765212,-0.42615604,1.0231237
4,99521391356392,0.03834952,0.5073322,0.11451593
10,99521399097069,0.7218622,-0.5798435,1.2512121
4,99521402364049,0.12543489,0.5403554,0.2809635
10,99521405280611,0.7218622,-0.5798435,1.2512121
4,99521410050872,0.1587244,0.5139901,0.29374668
10,99521416909257,0.19358969,-0.9357834,1.7105651
4,99521420144049,0.29188246,0.40426785,0.19707392
10,99521425560976,0.23084283,-0.7550082,1.5946107
2,99521430424153,-39.0,8.0,24.0
10,99521436732174,0.31213713,-0.45424747,1.4218621
4,99521439978372,0.3406183,0.3850931,0.11265171
10,99521445289101,0.08796346,-0.20117474,1.4480033
4,99521450069726,0.2860235,0.38029942,0.11584751
10,99521456439674,-0.09566784,-0.19322824,1.4774952
4,99521459658632,0.16458336,0.34647727,0.1717739
10,99521465086444,-0.31547678,-0.337914,1.4470978
4,99521469912538,0.09054748,0.33609092,0.24394555
10,99521474856549,-0.33824444,-0.333488,1.5727816
4,99521478215351,0.13608754,0.34834146,0.37790257
10,99521484865247,-0.6291279,-0.32904482,1.7209625
4,99521489643944,0.21118867,0.34434673,0.60959756
10,99521496026444,-1.2688682,-0.75944424,1.3141322
4,99521499265715,0.18455707,0.3139867,0.7850999
10,99521504632955,-1.3171375,0.057793617,0.7150464
4,99521509458267,0.23861924,0.12516858,0.54834485
10,99521515803997,-1.3525792,0.8965297,0.77357864
4,99521519043997,0.021038974,-0.15153387,0.051665325
10,99521524410247,-1.5749422,0.29271603,-0.3886733
4,99521529250819,-0.57604176,-0.33502567,-0.27989823
10,99521535588736,-1.6539452,0.45298624,-0.24201822
4,99521538829778,-0.7257114,-0.41438788,-0.35792887
10,99521544199361,-1.2770346,-0.19456625,0.08454466
4,99521549007226,-0.53502905,-0.4564658,-0.40187103
10,99521555329674,-1.0494604,-0.6922364,-0.5844183
4,99521558579309,-0.2247708,-0.53502905,-0.45673212
10,99521564017903,-1.6967996,0.14115,-0.8738451
4,99521568862226,0.109988555,-0.6583334,-0.4426174
10,99521573765872,-1.8483684,1.5145602,-1.0427332
4,99521577108476,0.21624869,-0.8253136,-0.5121259
10,99521583751392,-1.4872963,2.1327302,-1.7933512
4,99521588524986,0.03781689,-0.9286443,-0.6111955
10,99521594920246,-1.434798,1.9364865,-1.7255397
4,99521598150871,-0.21758026,-0.99522334,-0.58296597
10,99521603521809,-1.1022141,1.6243949,-0.69836235
2,99521608313944,-34.0,8.0,26.0
10,99521614619517,-0.60031307,0.23359823,0.24190712
4,99521617842121,-0.29640985,-0.77125144,-0.41518682
10,99521623350299,-0.691952,-0.7790332,0.45806265
4,99521628145090,-0.170176,-0.5294364,-0.18216023
10,99521634421028,-0.49668634,-0.99402046,0.65228796
4,99521637642069,0.118776985,-0.22956449,0.103863284
10,99521643127174,0.22572803,-0.7398672,0.6635804
4,99521647956080,0.34887412,0.05539375,0.32863408
10,99521654238163,0.4950726,-0.22585201,-0.099102974
4,99521657471705,0.37603834,0.27856666,0.49774483
10,99521662904361,0.7131872,0.23194075,-0.69590855
4,99521667772226,0.18642128,0.43063316,0.64155555
10,99521672685038,1.0710349,0.8274627,-0.9297004
4,99521675996549,0.03488741,0.5659217,0.7302388
10,99521682637590,1.4658535,1.3259354,-0.6699338
4,99521687468736,-0.12809806,0.6846987,0.793622
10,99521693839830,1.1401134,1.0599313,-0.59973955
4,99521697069309,-0.34967306,0.72464615,0.82344943
10,99521702427486,0.9000231,0.6301427,-0.19929457
4,99521707253371,-0.3320962,0.5680523,0.6069344
10,99521713589674,0.80789924,-0.337862,1.5148826
4,99521716819517,-0.27510455,0.20985709,0.16325177
10,99521722183007,0.016361594,-2.0049472,1.9722042
4,99521727037017,-0.3834952,-0.114782244,-0.22849922
10,99521733357226,-0.4037218,-2.3494253,2.4063258
4,99521736591601,-0.24474451,-0.26764768,-0.36618465
10,99521741960351,-0.32890964,-2.3591528,2.8312807
4,99521746787590,0.14753912,-0.33955306,-0.3584615
10,99521753152226,0.24766028,-2.5981302,2.171215
4,99521756390299,0.42530683,-0.3800331,-0.3640541
10,99521761749726,0.5645827,-1.8419352,1.063499
4,99521766602903,0.5526059,-0.38136467,-0.36778256
10,99521771542434,0.45499146,-0.24656534,0.020057201
4,99521774882851,0.5656554,-0.36804888,-0.3616573
10,99521781526392,0.59353185,0.96547556,-0.54432344
2,99521786297486,-35.0,13.0,22.0
10,99521792873892,0.70575345,1.4324045,-0.9976392
4,99521796110403,0.09134643,-0.2213087,-0.55340487
10,99521801348476,0.98844004,1.2801619,-1.2239327
4,99521806128476,-0.33262882,-0.14966966,-0.7584683
10,99521812469986,0.50501347,7.46727E-4,-1.45434
4,99521815706757,-0.5768407,-0.038083203,-0.78989357
10,99521821153007,0.5027194,-0.5378461,-0.1454463
4,99521826135194,-0.27403927,0.1403486,-0.65886605
10,99521832258892,0.73104453,-0.77505684,0.35550547
4,99521835497017,0.14061491,0.37151098,-0.51292485
10,99521840892642,0.33926773,-1.1368289,0.08480644
4,99521845818788,0.25246766,0.4673848,-0.4295679
10,99521852030142,0.107545614,-0.17448473,0.23194218
4,99521855255142,0.44581318,0.7344999,-0.15686019
10,99521860617278,0.32287788,0.7331939,0.09968138
4,99521865462278,0.45833004,0.82824314,-0.05672533
10,99521870464569,0.40878463,1.4345355,-0.36151457
4,99521873777226,0.38376153,0.9853696,0.14274544
10,99521879319517,0.43486285,1.7109685,-0.45523453
4,99521885696444,0.26205507,1.0836402,0.33182988
10,99521891634413,-0.033461094,1.762315,-0.43553782
4,99521895000663,0.12516858,1.0644655,0.5944176
10,99521900205819,-1.636538,1.6845675,1.0206709
4,99521905143892,0.2034655,0.85061365,0.82877576
10,99521911344986,-1.7109555,1.8551438,1.9994359
4,99521914576757,0.37577203,0.4812332,0.6740461
10,99521919946809,-1.9643843,0.92572975,3.0091314
4,99521925252069,-0.14327806,0.054062173,0.14168017
10,99521931383267,-2.6591704,0.5388651,2.01518
4,99521934618944,-0.7307714,-0.21065605,-0.26738137
10,99521939750715,-2.3044438,0.34421015,2.3403378
4,99521944596861,-0.8852348,-0.3304983,-0.34647727
10,99521950874621,-1.5375457,-1.437943,1.7117925
4,99521954173319,-0.7241135,-0.41438788,-0.32756883
10,99521959542538,-0.62120306,-1.9707036,0.46414042
2,99521964418736,-33.0,6.0,21.0
10,99521969359153,-0.31089878,-0.69001913,-0.5567131
11,99521969359153,-0.304194,0.092726,-0.506658,0.801351,3.0
4,99521972737590,0.10626013,-0.4628574,-0.37630466
10,99521979498059,-0.6272496,0.6076598,-1.4932551
4,99521984375403,0.20532973,-0.50653327,-0.41305628
10,99521990460142,-0.7585115,1.1194115,-1.3816171
4,99521993698736,7.9894834E-4,-0.6511429,-0.50333744
10,99521999056601,-0.64949656,1.3378506,-1.626163
4,99522003920923,-0.1073254,-0.7616641,-0.5744439
10,99522010249465,-0.48370445,1.3455148,-1.1886373
4,99522013479100,-0.0628506,-0.7414241,-0.5563344
10,99522018860975,-0.47665584,0.6668792,-0.14997911
4,99522023971340,-0.039947417,-0.6346313,-0.45726478
10,99522030022642,-0.7654531,-0.052126884,0.2806077
4,99522033257642,-0.041279,-0.500408,-0.32597092
10,99522038662955,-1.1453497,-0.21978378,0.56350565
4,99522043524621,0.02609898,-0.37550572,-0.18136127
10,99522049765246,-1.0403255,0.06692076,0.62068176
4,99522053000559,0.1520665,-0.24394555,-0.02396845
10,99522058390923,-0.8165655,0.442626,0.05105877
4,99522063252538,0.20932446,-0.13369069,0.1041296
10,99522068235194,-0.681674,1.1078138,-0.5403266
4,99522071547642,0.14966966,-0.058589544,0.17630127
10,99522078179100,-0.5445987,1.7204003,-0.9152379
4,99522083060507,-0.027963191,-0.01571265,0.21278657
10,99522089358632,-0.48230922,1.7442975,-0.94381046
4,99522092601132,-0.27377295,-0.008522116,0.24234766
10,99522097956444,-0.34424043,1.3939996,-0.5284667
4,99522102894725,-0.40746364,-0.009321064,0.2743056
10,99522109106496,-0.18829548,0.92491627,-0.06554413
4,99522112353788,-0.39760995,0.0029294773,0.3320962
10,99522115304413,-0.32955337,0.19947338,0.027829647
4,99522123128059,-0.32117724,0.009054748,0.40187103
10,99522130685975,-0.3655237,-0.10030985,0.042187214
4,99522134022850,-0.1635181,0.021571605,0.40959418
10,99522138933215,-0.34284294,-0.08113527,0.050601482
2,99522143797955,-31.0,7.0,22.0
10,99522150116444,-0.018669963,0.0779562,-0.15432167
4,99522153393111,0.087884314,0.051665325,0.32623723
10,99522158282434,-0.02781558,0.18527317,0.019929886
4,99522163187069,0.09534117,0.0314253,0.28229508
10,99522168105663,0.041727066,-0.048092365,-0.009120941
4,99522171205819,0.024501082,0.018908445,0.23036344
10,99522175188111,0.16143727,-0.24920511,0.1919918
4,99522182457850,-0.004527374,0.01304949,0.19707392
10,99522190040403,0.10824525,-0.31009722,0.35054922
4,99522193295819,0.023702133,0.007190535,0.18775286
10,99522198252590,0.1151613,-0.30517483,0.3525195
4,99522203069413,0.018375812,0.02743056,0.1635181
10,99522209222121,0.40398383,-0.30250406,0.18537045
4,99522212489725,0.017310547,0.041279,0.12330436
10,99522215424309,0.28906226,-0.20673609,0.42718458
4,99522222078684,0.0031957934,0.008788432,0.087085366
10,99522229696600,0.18126333,-0.31820393,0.5668826
4,99522232945142,-0.011984225,-0.038615838,0.04926848
10,99522235823892,0.18126333,-0.31820393,0.5668826
4,99522240624882,-2.663161E-4,-0.07803062,0.012250541
10,99522247739882,0.20065081,-0.15169287,0.7294078
4,99522250972902,0.049534798,-0.104928546,0.008522116
10,99522256044465,0.25368464,-0.03855276,0.8237295
4,99522260888371,0.076965354,-0.10652645,0.018908445
10,99522266135455,0.2645049,0.18207598,0.6105828
4,99522269311548,0.1206412,-0.12756541,0.0396811
10,99522275763111,0.35017657,0.31135893,0.765141
4,99522280600350,0.1403486,-0.12863068,0.048469532
10,99522287301340,0.46633303,0.73457384,0.8075633
4,99522290550402,0.12357068,-0.05752428,0.08495484
10,99522295520298,0.53465116,0.84354305,0.60476875
4,99522300315455,0.10439592,0.004527374,0.119043306
10,99522307083163,0.63593185,0.7443304,0.6200743
4,99522310291861,0.016777916,0.28202876,0.34487936
10,99522315562225,0.2636863,0.31758118,1.0071902
2,99522320341080,-37.0,9.0,21.0
10,99522326965507,0.07342219,0.18087578,1.188694
4,99522330198684,0.04873585,0.45140582,0.6783071
10,99522335139882,0.042982936,-0.6147065,1.2915168
4,99522339946288,0.15499598,0.45513424,0.71346086
10,99522346687277,0.07544088,-1.0567384,1.0867271
4,99522349898319,0.12809806,0.41944787,0.6540724
10,99522354958840,-0.5895587,-1.071898,0.7636666
4,99522359743684,0.15100123,0.3009372,0.531567
10,99522364973944,-0.66120875,-1.0038376,1.4881177
4,99522368216132,0.23435818,0.084155895,0.21624869
10,99522374705038,-1.065337,-2.6533155,2.3190222
4,99522379486288,-0.2213087,-0.2612561,-0.16458336
10,99522386160507,-1.1991471,-2.8740811,2.094893
4,99522389410871,-0.45087317,-0.47990164,-0.4000068
10,99522394600819,-0.43394196,-1.8642693,2.414956
4,99522399371027,-0.2892193,-0.49375007,-0.40400153
10,99522405948840,-0.30070138,-1.9895978,1.7569938
4,99522409196757,-0.1041296,-0.49135324,-0.32463935
10,99522414392850,0.03336084,-1.2445865,0.44099617
4,99522419211444,0.10439592,-0.54195327,-0.3549994
10,99522425782538,0.2542833,0.38758326,-0.64137554
4,99522429021236,0.28815404,-0.5355617,-0.4245079
10,99522434161809,0.18207908,1.2196541,-1.3558092
4,99522438152590,0.13741912,-0.45566687,-0.4878911
10,99522445527017,0.115983605,1.2627158,-1.5883708
4,99522448769309,-0.29507825,-0.4316984,-0.5792375
10,99522453933475,-0.1168623,0.82488966,-1.2264504
4,99522458736757,-0.48709217,-0.3997405,-0.577107
10,99522463868736,-0.19300663,0.16556072,-0.39211226
4,99522467095663,-0.3683152,-0.3222425,-0.51052797
10,99522472589777,-0.36856794,-0.4075327,-0.11538553
4,99522479182434,-0.072970614,-0.21491711,-0.4295679
10,99522485465611,-0.5682813,-0.53190756,-0.13619328
4,99522488710402,0.23196134,-0.133957,-0.3584615
10,99522493274204,-0.66325676,-0.064637184,-0.26682186
2,99522498063475,-31.0,9.0,25.0
10,99522504851027,-0.6597425,0.46056032,-0.7200551
4,99522508102069,0.31851408,-0.06551377,-0.30599722
10,99522513229829,-0.6681067,1.0876212,-0.9184036
4,99522518015350,0.12969595,-0.03701794,-0.3155846
10,99522524660923,-0.7435235,1.2857103,-0.99842024
4,99522527868111,-0.08069378,-0.01571265,-0.3107909
10,99522533084100,-0.6386845,1.1937308,-0.9824748
4,99522537858319,-0.2050634,0.028495824,-0.29374668
10,99522544417225,-0.48513925,1.0003114,-0.54734707
4,99522547653840,-0.22077605,0.061252706,-0.24367924
10,99522552852902,-0.71638215,0.6027937,-0.5884676
4,99522557685975,-0.21172132,0.06498113,-0.19201392
10,99522562816079,-0.7970668,0.49439764,-0.60082436
4,99522565961861,-0.133957,0.050866377,-0.18242654
10,99522571484361,-0.7362639,0.46966457,-0.36554193
4,99522577946757,-0.039414786,0.025033714,-0.19254655
10,99522584247017,-0.71317494,0.3842306,-0.17169476
4,99522587506965,-0.01784318,-0.021571605,-0.20479709
10,99522592400507,-0.65131164,0.58811474,-0.042667866
4,99522597309725,-0.050600063,-0.070307456,-0.21518342
10,99522603735246,-0.5234467,0.8300829,-0.050837994
4,99522606983371,-0.10865697,-0.076965354,-0.20985709
10,99522611940819,-0.3270135,1.0216155,0.041905403
4,99522616792329,-0.17204021,-0.049801115,-0.15659387
10,99522623511236,-0.3174932,0.7809973,0.31493998
4,99522626718527,-0.24900557,-0.038083203,-0.06897587
10,99522631918215,-0.6098603,0.29214525,0.41571236
4,99522636766861,-0.2841593,-0.06498113,-0.03089267
10,99522643297746,-0.6483352,0.09677744,0.49413538
4,99522646523632,-0.2034655,-0.063116916,-0.068176925
10,99522651660975,-0.42017388,0.102567196,0.48884296
4,99522656484517,-0.087085366,-0.031158986,-0.09827065
10,99522661657694,-0.31709123,0.093286514,0.60276127
4,99522664869882,-0.048469532,-0.025832662,-0.10226539
10,99522671358527,-0.20737505,0.12729979,0.68993855
2,99522676214829,-31.0,7.0,23.0
10,99522682861392,-0.16480184,0.004415989,0.62851524
4,99522686097902,-0.05965481,-0.0777643,-0.15952335
10,99522691227850,-0.2802384,-0.28513288,0.76676893
4,99522696083840,-0.08628642,-0.090281166,-0.165116
10,99522702630611,-0.2663684,-0.5122347,0.7636237
4,99522705841965,-0.13342437,-0.082558,-0.14647387
10,99522711031236,-0.1399889,-0.40217543,0.71895885
4,99522715949100,-0.13102753,-0.06471482,-0.13688648
10,99522722434986,0.057266712,-0.06866884,0.59360456
4,99522725671392,-0.10040118,-0.025566347,-0.10759171
10,99522730592486,0.120088816,0.09831762,0.39236736
4,99522735439256,-0.103863284,-0.033822145,-0.10226539
10,99522740763267,0.14078975,0.15876484,0.4349041
4,99522740763267,-0.10759171,-0.05486112,-0.105993815
4,99522744249256,-0.105993815,-0.08016115,-0.11717909
10,99522749019934,0.20745254,0.22231865,0.6236806
4,99522749019934,-0.094009586,-0.0974717,-0.13315806
4,99522754992902,-0.081226416,-0.101999074,-0.14647387
10,99522760592694,0.15579963,0.20392704,0.73872614
4,99522763793527,-0.05219796,-0.087618,-0.14008227
10,99522768822121,-0.049444437,0.2789421,0.8145437
4,99522774401704,-0.032756884,-0.058589544,-0.087618
10,99522780355663,-0.18509817,0.3833108,0.8843703
4,99522785234100,-0.02956109,-0.057790596,-0.047137953
10,99522788878788,-0.1501646,0.40700006,0.715147
4,99522795635611,-0.012250541,-0.046339005,-0.029294772
10,99522801930194,-0.0032134056,0.4589696,0.4300089
4,99522805176079,5.326322E-4,-0.0053263223,0.010918961
10,99522809830350,-0.14617324,0.63307095,0.31964064
4,99522814757017,0.014647386,0.039414786,0.07962852
10,99522821355819,-0.16516018,0.65925264,0.28877926
4,99522824573840,0.016245283,0.08894958,0.11957593
10,99522829724621,-0.033304453,0.68088055,0.33306742
4,99522834568215,0.017044231,0.15632756,0.11717909
10,99522841077954,-0.02953124,0.65869,0.27607584
4,99522844367850,0.017310547,0.20772657,0.116912775
10,99522849516652,-0.20323491,0.3118868,0.08616924
2,99522854374569,-32.0,7.0,21.0
10,99522859540506,-0.14216304,0.05265808,0.080364704
4,99522863968319,-0.008788432,0.24927188,0.1587244
10,99522868887173,-0.1028738,-0.124904156,0.007110119
4,99522873833475,0.0314253,0.25220135,0.16564862
10,99522880624413,-0.19907069,-0.23991919,-0.08474159
4,99522883931236,0.057257965,0.24181503,0.18935075
10,99522889062277,-0.16863537,-0.22217464,-0.09123087
4,99522893915819,0.057790596,0.25033715,0.20399815
10,99522900413371,-0.005836487,-0.0044255257,-0.1322012
4,99522903655819,0.03914847,0.2727077,0.19893813
10,99522908859881,-0.09915662,0.08637571,-0.21750164
4,99522913769152,-0.0061252704,0.28549087,0.19760656
10,99522920169881,-0.1632297,-0.07063484,-0.051060677
4,99522923416756,-0.032756884,0.28309402,0.165116
10,99522928539204,-0.010896206,-0.2899232,0.15978193
4,99522933461600,0.0034621095,0.2790993,0.08681905
10,99522939974308,0.08758712,-0.344306,0.11481142
4,99522943208840,0.06178534,0.28842035,0.025566347
10,99522947861913,0.20060062,-0.24324322,-0.029043198
4,99522954014152,0.06737798,0.31851408,0.017044231
10,99522959130611,0.1743288,-0.09723616,-0.13793802
4,99522962529777,0.041279,0.3222425,0.019707393
10,99522966261913,0.0426476,-0.063717365,-0.051746845
4,99522973552017,-0.002130529,0.2908172,0.02263687
10,99522981176131,-0.005303383,-0.15118647,0.12507534
4,99522984514569,0.004527374,0.2545982,0.017576864
10,99522988938944,0.013186216,-0.14980125,0.120794296
4,99522993796756,0.050866377,0.2181129,0.007989483
10,99523000086548,-0.10984516,-0.25104475,0.23597431
4,99523003317277,0.100933805,0.19201392,0.0077231675
10,99523006199829,-0.09069157,-0.09542179,0.2886467
4,99523013125715,0.11930962,0.1768339,0.0026631611
10,99523020676861,1.9359589E-4,0.09118652,0.21619797
4,99523023979100,0.1041296,0.1717739,-0.006924219
10,99523028469465,0.009978533,0.082037926,0.20643377
2,99523033443215,-35.0,6.0,21.0
10,99523039818788,0.05349374,0.30593443,0.24218798
4,99523043059100,0.023435818,0.18881813,0.007456851
10,99523045970506,0.09658933,0.32508802,0.45048332
4,99523053064048,0.011451593,0.25992453,0.029294772
10,99523059408058,0.23035622,0.40163565,0.5770354
4,99523062514517,-0.0127831735,0.36218992,0.084155895
10,99523064456444,-0.056947947,0.48782682,0.45014238
4,99523072438215,-0.033822145,0.49161956,0.20133498
10,99523080050350,-0.03385651,0.26906967,0.48411894
4,99523083300819,-0.0026631611,0.61385864,0.3637878
10,99523086299048,-0.03385651,0.26906967,0.48411894
4,99523091062173,0.12250541,0.6641924,0.588026
10,99523097966183,-0.3170632,0.07659435,1.1672897
4,99523101217225,0.32384038,0.6844324,0.8625979
10,99523106638215,-0.21218598,0.031968594,0.92424583
4,99523111404048,0.46392268,0.70627034,1.0687265
10,99523117751288,-0.22461987,0.52755785,0.7640939
4,99523120995506,0.6002765,0.58030283,1.046356
10,99523126382017,-0.5151439,1.7752428,0.5064249
4,99523131143996,0.706004,0.46232477,0.88443583
10,99523137569048,-1.0263852,0.71611404,1.7817187
4,99523140811548,0.16751283,-0.08042747,0.07084008
10,99523146160871,-1.914787,-0.9751296,1.3660302
4,99523150931652,-0.30812773,-0.2561961,-0.1504686
10,99523155918579,-1.4587096,-0.7226176,2.133832
4,99523159303996,-0.6878945,-0.44474792,-0.39361522
10,99523165937954,-1.0266862,-1.0014639,2.2889452
4,99523170726965,-0.4676511,-0.45007423,-0.39867523
10,99523177114777,-0.31044555,-2.3409562,1.7337799
4,99523180323527,-0.16112125,-0.42583945,-0.32756883
10,99523185705558,0.42475986,-1.5303407,0.33446598
4,99523190468267,0.13901702,-0.41199103,-0.3339604
10,99523196919569,0.40153742,-0.50851774,-0.112416744
4,99523200154569,0.38562572,-0.3584615,-0.3470099
10,99523205480663,0.40874076,1.6065035,-1.6875782
2,99523210445090,-36.0,5.0,24.0
10,99523216760663,0.38332975,2.0112746,-1.9735713
4,99523219998267,-0.11664646,-0.1984055,-0.30253512
10,99523225304517,0.22148418,2.1639876,-1.4277954
4,99523230079933,-0.48176584,-0.2615224,-0.2828277
10,99523236415871,-0.28810465,1.6111546,-0.92389107
4,99523239665975,-0.52863747,-0.32437304,-0.24154872
10,99523245048996,0.030216575,1.3823643,-0.3626995
4,99523249804985,-0.35579833,-0.26738137,-0.22184132
10,99523254732590,-0.06785953,0.4968667,-0.51027346
4,99523258194048,-0.33262882,-0.19148129,-0.17283916
10,99523264529100,-0.64003825,-0.04749489,-0.3220873
4,99523269342017,-0.30839407,-0.19707392,-0.108124346
10,99523276010194,-0.8363857,0.014960289,0.07896328
4,99523279248006,-0.18642128,-0.21411815,-0.10146644
10,99523284614725,-0.6395372,-0.20423079,0.040069103
4,99523289373371,-0.09720538,-0.17443706,-0.098004326
10,99523295746756,-0.6629919,-0.46271467,-0.099559784
4,99523298979829,-0.04580637,-0.13342437,-0.06551377
10,99523304411913,-0.8212557,-0.5471821,-0.06131935
4,99523309201548,-0.018109497,-0.113983296,-0.036751624
10,99523315531131,-0.770082,-0.6883631,-0.06358099
4,99523318764829,-0.020506341,-0.09773801,-0.041279
10,99523324168631,-0.60675716,-0.49780464,-0.068936825
4,99523328937902,-0.0029294773,-0.06950851,-0.068176925
10,99523335312381,-0.44486654,-0.23138666,-0.14338446
4,99523338543215,-0.043409526,-0.02609898,-0.094009586
10,99523343936340,-0.3399589,-0.039278507,-0.12225056
4,99523348738215,-0.14460965,0.0053263223,-0.10466223
10,99523353681027,-0.38106728,-0.028187752,0.036794186
4,99523357085454,-0.23355924,0.0037284256,-0.10892329
10,99523363724152,-0.5706868,-0.16762877,0.17477608
4,99523368472329,-0.25353295,-0.016777916,-0.11717909
10,99523374863892,-0.6606494,-0.24662304,0.30344868
4,99523378101079,-0.18402444,-0.016245283,-0.1272991
10,99523383500246,-0.5753708,-0.18862057,0.28809118
2,99523388283840,-35.0,2.0,29.0
10,99523394794673,-0.4360615,0.017884731,0.47074795
4,99523398033110,-0.006924219,0.054328486,-0.09773801
10,99523403323215,-0.5268239,0.31930637,0.5787182
4,99523408152017,0.010918961,0.043409526,-0.07856325
10,99523414418319,-0.59196305,0.5593324,0.73817444
4,99523417626756,-0.011984225,0.023702133,-0.06977482
10,99523423048110,-0.61269,0.61165047,0.5997939
4,99523427827850,-0.07989483,0.027696876,-0.04447479
10,99523434193423,-0.75551856,0.5711069,0.5894613
4,99523437442433,-0.11984225,0.020240024,-0.0058589545
10,99523442825090,-0.7578093,0.5528941,0.41069984
4,99523447667485,-0.09321064,0.022370555,0.021571605
10,99523452595715,-0.5236218,0.5086212,0.2634406
4,99523455969100,-0.04234426,0.04873585,0.031158986
10,99523462611287,-0.38848948,0.5226574,0.4071417
4,99523467386079,0.007456851,0.051931642,0.03169162
10,99523473750975,-0.43146288,0.57284737,0.5085263
4,99523476992850,0.02876214,0.032756884,0.035952676
10,99523482388579,-0.5011027,0.5040574,0.47701025
4,99523487164152,0.0015978967,0.026897928,0.050866377
10,99523493533423,-0.57735133,0.36856508,0.368505
4,99523496738058,-0.037550572,0.034621093,0.06950851
10,99523502154725,-0.5068197,0.3161378,0.24866104
4,99523506941079,-0.044208474,0.04314321,0.08335695
10,99523513302069,-0.37136853,0.3755312,0.09417486
4,99523516547017,-0.033023197,0.026631612,0.075101145
10,99523521942642,-0.20767915,0.39446592,-0.19340944
4,99523526797485,-0.03888215,0.013315806,0.06844324
10,99523533105402,0.06916046,0.3014226,-0.31423903
4,99523536324256,-0.016245283,0.013848438,0.06391586
10,99523541729777,0.108953476,0.02864933,-0.13591528
4,99523546570246,0.011717909,0.010120012,0.06711166
10,99523551496704,0.07717109,-0.17122793,-0.09039354
4,99523554856027,0.02263687,-5.326322E-4,0.07190535
10,99523561498735,0.11332357,-0.21647549,-0.16975546
2,99523566285610,-35.0,2.0,28.0
10,99523572835142,0.29449904,-0.22687864,-0.22336292
4,99523576069204,0.03914847,0.018375812,0.034621093
10,99523581327537,0.51626515,-0.14988518,-0.22457838
4,99523586139412,0.029028457,0.026365295,0.013582122
10,99523592444204,0.61842036,-0.08703184,-0.20344925
4,99523595689100,-0.052464273,0.029294772,-0.043675844
10,99523601042485,0.5822251,-0.19728994,-0.21687222
4,99523605995454,-0.09560748,0.028495824,-0.056459017
10,99523612204100,0.5357208,-0.3321185,-0.119484425
4,99523615446392,-0.15899073,0.026897928,-0.06711166
10,99523620840298,0.4284594,-0.72920465,0.21259356
4,99523625711444,-0.13901702,0.049801115,-0.0644485
10,99523631975350,0.35400772,-0.8243542,0.27375078
4,99523635214881,-0.06578008,0.07456851,-0.046871636
10,99523640588058,0.16604614,-0.76742935,0.34345293
4,99523645443475,0.011984225,0.108124346,-0.028495824
10,99523650393892,0.120780945,-0.6258302,0.28011417
4,99523653753892,0.050600063,0.13608754,-0.017310547
10,99523659326912,0.05202937,-0.36723328,0.28564262
4,99523665573996,0.033289514,0.15126756,-0.00958738
10,99523671657798,-0.012572527,-0.2581544,0.36359358
4,99523674901444,-0.0031957934,0.1438107,-0.016245283
10,99523680152902,-0.14616406,-0.25287485,0.60071087
4,99523684124985,-0.017044231,0.12410331,-0.032756884
10,99523691327537,-0.30700648,-0.33144855,0.79493856
4,99523694576444,-0.0077231675,0.10066749,-0.049534798
10,99523699929204,-0.4168284,-0.29670095,0.86623096
4,99523704863006,0.0061252704,0.09134643,-0.059388492
10,99523711099308,-0.4867561,-0.24657965,0.931829
4,99523714424829,0.018375812,0.079095885,-0.05273059
10,99523719844829,-0.5049379,-0.14518785,0.8624778
4,99523724699569,0.0314253,0.07590009,-0.05219796
10,99523730827329,-0.47787774,-0.025625706,0.7852216
4,99523734133683,0.048203215,0.075101145,-0.048469532
10,99523739484777,-0.45606112,0.10344887,0.6079626
2,99523744328423,-38.0,2.0,29.0
10,99523749253319,-0.46936202,0.26463127,0.6844621
4,99523752728006,0.054062173,0.08149273,-0.011451593
10,99523759394621,-0.65930486,0.2479229,0.7123928
4,99523764307121,0.10892329,0.051665325,0.0015978967
10,99523770413266,-0.55744874,0.23639297,0.6561227
4,99523773640037,0.17789917,0.039414786,-0.006924219
10,99523779041600,-0.4789201,0.3960042,0.48782778
4,99523783898683,0.23169503,0.051132694,-0.0029294773
10,99523790184204,-0.44246995,0.51779985,0.2891059
4,99523793421027,0.17949706,0.05752428,0.01438107
10,99523798818839,-0.44676006,0.6663699,0.11853981
4,99523803862277,0.07989483,0.042077947,0.023435818
10,99523809946756,-0.3709935,0.6464138,0.11554575
4,99523813153579,-0.0061252704,0.02263687,0.022370555
10,99523818641652,-0.2543397,0.53221464,0.062998295
4,99523823564464,-0.043675844,0.037284255,0.022104237
10,99523829729985,-0.22135568,0.4417572,0.119280815
4,99523832937485,-0.024234766,0.066046394,0.048469532
10,99523836852225,-0.26445138,0.27416277,0.23420238
4,99523844163891,0.043409526,0.08042747,0.0777643
10,99523850528319,-0.32060814,0.094572544,0.20031023
4,99523855010714,0.103064336,0.090281166,0.09427591
10,99523859621964,-0.29086733,0.066913605,0.18989706
4,99523864461027,0.13502227,0.10519487,0.091080114
10,99523870575610,-0.29856312,0.1472621,0.045965195
4,99523873828058,0.14434333,0.11851067,0.083889574
10,99523878662485,-0.287421,0.15589046,-0.011565685
4,99523883509725,0.12623383,0.120907515,0.06844324
10,99523889570454,-0.20153415,0.14399147,-0.08936119
4,99523892789673,0.095074855,0.12543489,0.046339005
10,99523895714621,-0.08661246,0.16075087,-0.01514101
4,99523903093527,0.05752428,0.13369069,0.019707393
10,99523910635610,-0.034354806,0.17654943,0.060226917
4,99523913947433,0.0396811,0.13848437,0.0077231675
10,99523918828371,-0.02483964,0.17448378,0.05636263
2,99523923733579,-36.0,2.0,27.0
10,99523929988266,-0.07179654,0.025606155,0.20730925
4,99523933262589,0.06791061,0.15819177,0.010386328
10,99523936171287,-0.09813273,0.102220535,0.31025982
4,99523941686704,0.113983296,0.16138756,0.017044231
10,99523949783787,-0.06705892,0.19990683,0.3105297
4,99523953035923,0.14940333,0.1635181,0.027164243
10,99523955886756,-0.13409662,0.33637667,0.3105297
4,99523962483319,0.14913702,0.16484967,0.039414786
10,99523969039256,-0.18559647,0.38067913,0.25860834
4,99523972446027,0.11451593,0.15899073,0.057790596
10,99523975464516,-0.17123127,0.33279514,0.3926835
4,99523982276079,0.076166406,0.15419704,0.076965354
10,99523989835818,-0.19794738,0.31838512,0.40589905
4,99523993089516,0.06178534,0.13582122,0.080960095
10,99523996025558,-0.19795322,0.31838703,0.40589905
4,99524000875662,0.05885586,0.12809806,0.08069378
10,99524007919204,-0.11239767,0.23742533,0.20562029
4,99524011158527,0.039414786,0.11584751,0.07803062
10,99524016357746,-0.14943075,0.0980978,0.28672314
4,99524021155871,0.037284255,0.10945592,0.07243799
10,99524027686391,-0.26609886,0.036465168,0.40232754
4,99524030924100,0.06791061,0.06791061,0.048203215
10,99524035948527,-0.35039365,-0.111792564,0.4316821
4,99524040805610,0.08149273,0.06098639,0.04447479
10,99524046049100,-0.3983879,-0.19449091,0.41009474
4,99524049302746,0.09427591,0.057257965,0.046072688
10,99524055738943,-0.41583323,-0.18734026,0.32793522
4,99524060543475,0.09853696,0.0628506,0.045007423
10,99524067273839,-0.33575714,-0.016469479,0.34058762
4,99524070512277,0.09640643,0.081226416,0.04261058
10,99524075499204,-0.24609292,0.09151411,0.22349024
4,99524080298527,0.05566007,0.08628642,0.032490566
10,99524087024673,-0.25404787,0.043949604,0.2996869
4,99524090242954,0.0029294773,0.06764429,0.016511599
10,99524095450193,-0.4298489,-0.030759335,0.45315552
2,99524100269516,-35.0,-1.0,28.0
10,99524106882225,-0.44535983,-0.05053997,0.25928974
4,99524110130610,0.025832662,0.030360037,-0.015180019
10,99524115022589,-0.3659351,0.051339626,0.24353838
4,99524119798891,0.07243799,0.032756884,-0.021837922
10,99524126586912,-0.2997675,0.14713812,0.11515999
4,99524129819464,0.0777643,0.02609898,-0.034088463
10,99524134965975,-0.23248148,0.18612385,0.14376068
4,99524139809516,0.047670584,0.006657903,-0.05912218
10,99524145076391,-0.16597486,0.18744993,0.28604507
4,99524148195923,0.03435478,0.006657903,-0.08069378
10,99524154628683,-0.070822716,0.07074118,0.2960205
4,99524159480662,0.044208474,0.025300032,-0.0793622
10,99524166143527,-0.12985599,-0.00730896,0.26286554
4,99524169361027,0.07243799,0.04527374,-0.06364955
10,99524174488475,-0.16712785,0.07292366,0.25392723
4,99524179266079,0.10146644,0.06498113,-0.050333746
10,99524185916912,-0.10944605,0.19148684,0.14953327
4,99524189165298,0.11611383,0.07882957,-0.04873585
10,99524194280975,-0.11501527,0.2414136,0.10831928
4,99524199095193,0.08868326,0.081226416,-0.053795855
10,99524205698735,-0.17247021,0.2519307,0.09425974
4,99524208912277,0.05273059,0.077231675,-0.06364955
10,99524214086339,-0.15414643,0.21478271,0.15174198
4,99524218867225,0.04181163,0.072171666,-0.063116916
10,99524225490558,-0.10551369,0.10743523,0.25608826
4,99524228724100,0.06764429,0.06764429,-0.06098639
10,99524233903995,-0.13319886,0.032437325,0.31881952
4,99524238734204,0.09054748,0.054594804,-0.062051654
10,99524243828579,-0.18995571,0.020365715,0.28698826
4,99524247070089,0.075101145,0.03834952,-0.06764429
10,99524252536756,-0.285913,0.03735447,0.25320196
4,99524259172589,0.037284255,0.026365295,-0.07590009
10,99524265431548,-0.37999737,0.1305461,0.27604818
4,99524268678266,0.0063915867,0.004527374,-0.08362326
10,99524273362068,-0.4941448,0.085319996,0.27243137
2,99524278191339,-35.0,-2.0,29.0
10,99524284813110,-0.58390355,0.010079861,0.19995594
4,99524288063579,-0.0561927,-0.04580637,-0.112119086
10,99524293179620,-0.5710578,-0.055791378,0.25893068
4,99524297995818,-0.05965481,-0.06258429,-0.1257012
10,99524304598527,-0.5961766,0.028935432,0.27747393
4,99524307831548,-0.055926383,-0.08016115,-0.13129385
10,99524312489568,-0.6372255,0.11553049,0.2169609
4,99524317331652,-0.06524745,-0.09960223,-0.13502227
10,99524324373370,-0.71786624,0.23356056,0.05880642
4,99524327609881,-0.094009586,-0.11451593,-0.14008227
10,99524332788839,-0.69744146,0.30763388,0.021906853
4,99524337601964,-0.12650016,-0.11132014,-0.14008227
10,99524342769048,-0.5636109,0.3455739,0.0013346672
4,99524345936079,-0.13821806,-0.095074855,-0.12197278
10,99524352404464,-0.55967546,0.28975916,-0.006131649
4,99524357245141,-0.14727281,-0.084155895,-0.100933805
10,99524363928058,-0.6628108,0.1784873,-0.074980736
4,99524367142745,-0.13741912,-0.083090626,-0.08735169
10,99524372313006,-0.68795323,0.13236427,-0.11021042
4,99524377150089,-0.09134643,-0.06231797,-0.083090626
10,99524383699985,-0.5667614,0.08843994,-0.14260244
4,99524386960766,-0.042077947,-0.024234766,-0.07350325
10,99524391824204,-0.33657956,0.10501814,-0.15918827
4,99524396732277,-0.017310547,0.0053263223,-0.06364955
10,99524403483370,-0.18590248,0.25066137,-0.28109455
4,99524406720766,-0.008255799,0.025033714,-0.057790596
10,99524411860089,-0.09610069,0.17541885,-0.23138475
4,99524416694308,-0.04261058,0.04261058,-0.02956109
10,99524423258943,-0.3080896,-0.12086105,-0.28505516
4,99524426502277,-0.07590009,0.040746365,5.326322E-4
10,99524431634152,-0.49233365,-0.1788392,-0.13810349
4,99524436417902,-0.06231797,0.037550572,0.0061252704
10,99524441607120,-0.44940078,-0.15068054,0.019056797
4,99524444843370,-0.009321064,0.025566347,-0.0013315806
10,99524450418683,-0.3143592,-0.17146492,0.03079462
2,99524456769985,-34.0,-2.0,29.0
10,99524463056235,0.14705777,-0.12522793,0.07034397
4,99524466290870,-0.0314253,0.037284255,-0.058589544
10,99524471234464,0.25486565,-0.08069372,0.26163006
4,99524476117329,-0.052996907,0.03488741,-0.06364955
10,99524482589412,0.23486006,-0.13983727,0.3479066
4,99524485839725,-0.15606125,0.041012682,-0.047404267
10,99524490989100,-0.22663438,-0.45127106,0.55060387
4,99524495930714,-0.17630127,0.032756884,-0.045540057
10,99524502375922,-0.32539892,-0.45552015,0.61177826
4,99524505618683,-0.16458336,0.018908445,-0.054594804
10,99524510763527,-0.27175808,-0.28743792,0.39892054
4,99524515605454,-0.11664646,0.009853696,-0.07350325
10,99524522146391,-0.17409933,-0.20829105,0.30035305
4,99524525365089,-0.09134643,0.004261058,-0.104928546
10,99524530570089,-0.024790049,0.13511896,0.5539546
4,99524535415402,-0.1025317,-0.032490566,-0.14913702
10,99524540527537,-0.08376455,0.1836133,0.68862486
4,99524543733891,-0.12357068,-0.071106404,-0.18562233
10,99524550167797,-0.15952456,0.15678787,0.8464303
4,99524555083214,-0.1387507,-0.09187906,-0.18695392
10,99524561712120,-0.34006536,-0.035348892,0.91252184
4,99524564948995,-0.14460965,-0.105993815,-0.15978967
10,99524570073370,-0.49280763,-0.08810854,0.73449945
4,99524574907225,-0.11824436,-0.11265171,-0.13768543
10,99524581508318,-0.45722687,0.05194521,0.7359624
4,99524584744620,-0.076166406,-0.11851067,-0.124902256
10,99524589729100,-0.31251192,0.27657747,0.6627836
4,99524594684829,-0.04580637,-0.12543489,-0.12463594
10,99524601248891,-0.23587489,0.47219086,0.64767504
4,99524604525089,-0.039414786,-0.1488707,-0.1307612
10,99524609676547,-0.28125405,0.5291467,0.6500883
4,99524614533839,-0.05566007,-0.17949706,-0.13022858
10,99524621068995,-0.30960166,0.50807285,0.53172636
4,99524624368579,-0.053795855,-0.18535602,-0.12197278
10,99524629284464,-0.22394097,0.47042322,0.34436607
2,99524634190922,-35.0,-5.0,25.0
10,99524639366912,-0.19356608,0.61487055,0.57206345
4,99524642637797,-0.12596752,-0.15499598,-0.10013486
10,99524649151391,-0.4850185,0.48059273,0.41637707
4,99524654072954,-0.17124127,-0.17124127,-0.06657903
10,99524660575558,-0.24100292,0.21773434,0.6177044
4,99524663819985,-0.15419704,-0.16804546,-0.058056913
10,99524668984933,-0.2509141,0.112976074,0.6970029
4,99524673885349,-0.052996907,-0.16325177,-0.03834952
10,99524680348266,-0.32176673,0.009385109,0.45767212
4,99524683594568,0.018908445,-0.14407702,-0.0037284256
10,99524688821183,-0.19359076,0.118504524,0.35728312
4,99524693813631,0.0743022,-0.10945592,0.017310547
10,99524700116547,-0.13685834,0.23564386,0.27464008
4,99524703366235,0.09853696,-0.09241169,0.019707393
10,99524706223110,-0.14643514,0.31225872,0.26985168
4,99524713978058,0.076166406,-0.08069378,0.018908445
10,99524721546964,-0.14058888,0.3822899,0.10469055
4,99524724817797,0.016511599,-0.06231797,0.020506341
10,99524729236912,-0.14548647,0.38183737,0.10564375
4,99524734170297,-0.037550572,-0.034621093,0.021837922
10,99524739268735,-0.074506044,0.3776312,0.034602642
4,99524742380870,-0.051665325,-0.010386328,0.02609898
10,99524746238266,-0.038599253,0.25313425,0.08727503
4,99524753524777,-0.048203215,-0.007456851,0.029827405
10,99524761073370,-0.07604742,0.08951807,0.09689617
4,99524764402120,-0.0055926386,-0.002396845,0.02396845
10,99524768849204,-0.07655501,0.090687275,0.097940445
4,99524773675714,0.041279,0.01571265,0.017576864
10,99524779916547,-0.037632465,-0.023750305,0.017282486
4,99524783161183,0.06764429,0.040746365,0.019973708
10,99524786102797,6.747246E-4,0.07441187,0.019676685
4,99524793245818,0.07590009,0.05566007,0.020240024
10,99524800762120,0.0036456585,0.18694067,0.061079025
4,99524804082693,0.06844324,0.05832323,0.016777916
10,99524808482120,0.0074822903,0.18417692,0.05791092
2,99524813329672,-31.0,-1.0,23.0
10,99524819858631,-0.1736716,0.03292322,0.05194187
4,99524823128891,-0.002130529,0.046072688,-0.020240024
10,99524826102172,-0.2646513,0.092778206,0.14770985
4,99524833209829,-0.0031957934,0.04873585,-0.02956109
10,99524839544985,-0.23729885,0.13611984,0.13981152
4,99524842663422,0.0039947415,0.043675844,-0.02956109
10,99524845460766,-0.21096265,0.10020685,0.22839689
4,99524852590870,0.007456851,0.027696876,-0.02956109
10,99524860112537,-0.30206442,0.010659218,0.27732706
4,99524863343006,-0.0015978967,0.0029294773,-0.037284255
10,99524866281860,-0.30206442,0.010659218,0.27732706
4,99524871050245,-0.010652645,-0.013582122,-0.040480047
10,99524877939829,-0.47739017,0.09726858,0.30413198
4,99524881157433,-0.008788432,-0.035952676,-0.03169162
10,99524886580766,-0.3837613,0.1860795,0.34078836
4,99524891348891,-0.0015978967,-0.029827405,-0.028229509
10,99524897717537,-0.27231407,0.24222326,0.41012192
4,99524900950193,-0.019441076,-0.05486112,-0.035952676
10,99524906380297,-0.381801,0.17594576,0.2878585
4,99524911154516,-0.047137953,-0.07563378,-0.039414786
10,99524917506287,-0.5449047,0.03673935,0.19504404
4,99524920741860,-0.09267801,-0.10918961,-0.040480047
10,99524926016860,-0.47321093,0.043147564,0.30253315
4,99524930812954,-0.07749799,-0.11052119,-0.03701794
10,99524935862120,-0.43912232,0.049809456,0.18325138
4,99524939594724,-0.034088463,-0.087085366,-0.026631612
10,99524945912745,-0.26832497,0.11979723,0.2142582
4,99524950696026,-0.0034621095,-0.07376956,-0.021571605
10,99524957041079,-0.12605596,0.2821417,0.13483143
4,99524960246391,-0.020240024,-0.07669904,-0.02396845
10,99524965695766,-0.09903288,0.330307,-0.02292633
4,99524970466391,-0.07137272,-0.08974853,-0.017044231
10,99524976832485,-0.19637477,0.28221893,-0.15101719
4,99524980078058,-0.090014845,-0.09560748,-0.006657903
10,99524985464464,-0.13151121,0.27937603,-0.011488438
2,99524990488422,-31.0,-1.0,22.0
10,99524996973214,-0.01165247,0.22412586,-0.062719345
4,99525000182693,0.002130529,-0.05885586,0.024501082
10,99525005191547,0.1076982,0.21587944,-0.076333046
4,99525010007329,-0.008522116,-0.04474111,0.040480047
10,99525016542485,-0.013718843,0.2486887,-0.18399715
4,99525019744360,-0.05885586,-0.047137953,0.04314321
10,99525025025141,-0.086163044,0.26796436,-0.12901783
4,99525029826026,-0.088150635,-0.043942157,0.039947417
10,99525034776756,-0.044036865,0.16821861,-0.06910801
4,99525039532849,-0.07829694,-0.022370555,0.049002163
10,99525044571599,-0.1024456,-0.047636032,-0.059191227
4,99525049368631,-0.0727043,-0.0037284256,0.054062173
10,99525055929204,-0.19379592,-0.13445568,0.038287163
4,99525059168943,-0.07856325,-0.008788432,0.03781689
10,99525064588162,-0.39618945,-0.0639987,0.15872669
4,99525069342954,-0.088150635,-0.01917476,0.009054748
10,99525075711287,-0.43068767,-0.08913469,0.19371414
4,99525078950401,-0.10466223,-0.017044231,-0.0034621095
10,99525084364568,-0.3805282,-0.11836624,0.25124788
4,99525089137120,-0.09720538,7.9894834E-4,-0.0031957934
10,99525095496495,-0.37718606,-0.07413244,0.36296225
4,99525098736495,-0.081226416,0.0077231675,0.0015978967
10,99525104134203,-0.43223786,-2.6512146E-4,0.3557682
4,99525108973526,-0.08229168,5.326322E-4,-0.0010652645
10,99525115273526,-0.375947,0.16593647,0.29062796
4,99525118521078,-0.08868326,-0.0010652645,-0.007456851
10,99525123914620,-0.32801235,0.26475048,0.28300667
4,99525128763474,-0.1025317,0.00479369,-0.0058589545
10,99525133681599,-0.34916353,0.2857237,0.21637678
4,99525137058266,-0.13608754,0.024501082,2.663161E-4
10,99525143699099,-0.36102557,0.373981,0.55637217
4,99525148505037,-0.1717739,0.014114754,0.012250541
10,99525154827589,-0.6145234,0.39614868,0.5128808
4,99525158065193,-0.16192019,-0.014913702,0.02876214
10,99525163475453,-0.4867934,0.17112207,0.4785862
2,99525168340089,-33.0,-1.0,23.0
10,99525174592485,-0.36711693,0.048815727,0.5214319
4,99525177834724,-0.03169162,-0.0127831735,0.040746365
10,99525183243422,-0.37365055,0.12134695,0.6571708
4,99525188023787,0.027963191,-0.016245283,0.046871636
10,99525194399828,-0.4465505,0.1726036,0.50174665
4,99525197625974,0.009853696,-0.036751624,0.055926383
10,99525203022641,-0.42986608,0.369905,0.26531172
4,99525207841443,-0.038083203,-0.050600063,0.0561927
10,99525214174620,-0.25843537,0.54605055,0.0799427
4,99525217417953,-0.07243799,-0.046871636,0.06178534
10,99525223007485,-0.14478111,0.38073874,0.19901896
4,99525227842485,-0.088150635,-0.049534798,0.06498113
10,99525232731287,-0.123744726,0.16951418,0.41526604
4,99525235953474,-0.07057377,-0.05006743,0.061252706
10,99525242576026,-0.23812711,-0.027071476,0.44230652
4,99525247406651,-0.066312715,-0.049534798,0.06258429
10,99525253728735,-0.16687727,0.032069206,0.29691553
4,99525256972589,-0.0628506,-0.024234766,0.07882957
10,99525262365245,-0.06327796,0.13198853,0.12252951
4,99525267186860,-0.0561927,-0.008522116,0.099069595
10,99525273538162,0.06811023,-0.0019159317,0.072896
4,99525276785818,-0.02956109,0.0026631611,0.09321064
10,99525282142381,0.15910387,-0.14879608,0.125319
4,99525286979516,-0.0026631611,0.009321064,0.06524745
10,99525293313630,0.08238077,-0.12611914,0.1539092
4,99525296561547,0.014114754,0.030360037,0.0479369
10,99525301919464,0.079672575,-0.06721926,0.1018424
4,99525306718735,0.01438107,0.048469532,0.049002163
10,99525313090610,0.17183876,-0.0036849976,0.027671814
4,99525316329255,-0.008788432,0.094808534,0.06018744
10,99525321696339,0.21835017,0.05838871,0.018292427
4,99525326564047,-0.018109497,0.09827065,0.05672533
10,99525331642016,0.16738915,0.09492111,0.07881451
4,99525334820610,-0.018908445,0.086020105,0.041012682
10,99525340307641,0.10149002,0.049910545,0.09150028
2,99525346820037,-35.0,-1.0,22.0
10,99525353122120,-0.07230353,-0.0018057823,0.19842339
4,99525356343318,0.06498113,0.06897587,0.0479369
4,99525379340349,0.09081379,0.05832323,0.05486112
4,99525381344516,0.054328486,0.037284255,0.046871636
4,99525387978005,0.054328486,0.037284255,0.046871636
4,99525390606287,-2.663161E-4,0.022104237,0.039414786
10,99525396262953,-0.16537917,0.11198521,0.3350582
4,99525396262953,-2.663161E-4,0.022104237,0.039414786
4,99525398204568,-0.021837922,0.01571265,0.038615838
4,99525403204568,-0.03701794,0.007989483,0.038083203
4,99525410457380,-0.04474111,-0.0055926386,0.040746365
10,99525420165141,-0.23088443,-0.19590425,0.45386028
4,99525422684672,-0.027963191,-0.016511599,0.03834952
10,99525431145870,-0.23454058,-0.24971008,0.44698286
4,99525436058995,-0.0029294773,-0.025033714,0.026631612
10,99525440673630,-0.22304785,-0.23835945,0.3958969
4,99525445544360,0.010386328,-0.037550572,0.020240024
10,99525450472693,-0.17778218,-0.21826458,0.32076883
4,99525454258005,0.01917476,-0.04181163,0.01438107
4,99525463376130,0.018908445,-0.028495824,0.010918961
6,3.0
11,99525469960089,-0.332978,0.107384,-0.55392,0.75549,3.0
4,99525475108839,0.0018642128,-0.015180019,-0.0010652645
10,99525479479724,-0.1628536,-0.17563152,0.29304886
4,99525484218370,-0.017310547,-0.022903185,-0.017044231
10,99525490786026,-0.25401258,-0.15371084,0.29843187
4,99525495445349,-0.027963191,-0.025300032,-0.027696876
10,99525499698266,-0.2691722,-0.11573887,0.2339673
4,99525502937537,-0.006924219,-0.010918961,-0.03222425
10,99525510559151,-0.28058457,-0.05128479,0.3396616
4,99525515213318,0.023435818,-0.005060006,-0.034088463
10,99525519462276,-0.33722782,-0.051505566,0.41215467
2,99525522732016,-36.0,-1.0,22.0
10,99525530325662,-0.3522625,-0.032352924,0.37750864
4,99525535100141,0.0063915867,-0.017576864,-0.063116916
10,99525539359047,-0.34937096,0.061745167,0.30069876
4,99525544044724,0.0026631611,-0.015446335,-0.060453758
10,99525548959360,-0.31083465,0.13217688,0.23137856
4,99525553099985,0.00958738,-0.010386328,-0.04314321
10,99525558758891,-0.2045666,0.22724819,0.18201923
4,99525563471755,0.047670584,0.002396845,-0.033023197
10,99525569901391,-0.16871035,0.30047512,0.24019384
4,99525574577745,0.07376956,0.009853696,-0.03488741
10,99525578103995,-0.2560662,0.32238054,0.22054195
4,99525582843318,0.05139901,0.016511599,-0.02956109
10,99525589676755,-0.31847668,0.34915304,0.1308279
4,99525594353162,0.013582122,0.03009372,-0.012516857
10,99525597932224,-0.27636826,0.3982768,0.038512707
4,99525603010037,-0.0077231675,0.04873585,0.0077231675
10,99525609454255,-0.20139205,0.3298912,0.016947746
4,99525614133474,-0.010652645,0.04873585,0.016777916
10,99525618400245,-0.16440451,0.21142387,0.012219906
4,99525621599412,0.007190535,0.049534798,0.013315806
10,99525629229151,-0.16108716,0.082651615,0.045249462
4,99525634039307,0.022903185,0.054594804,0.006924219
10,99525638285193,-0.18357432,0.063024044,0.010275364
4,99525642919620,0.022370555,0.058056913,0.010652645
10,99525647983943,-0.20570195,0.118533134,-0.08389187
4,99525651959464,0.0037284256,0.05219796,0.014114754
10,99525656035766,-0.22483957,0.1496563,-0.14853811
4,99525661524724,-0.018109497,0.04474111,0.0058589545
4,99525670580089,-0.018109497,0.04474111,0.0058589545
4,99525674166547,-0.03701794,0.036485307,-0.012516857
10,99525679203995,-0.14562166,0.09197998,-0.01120615
4,99525682441599,-0.051132694,0.02396845,-0.02876214
10,99525688816495,-0.31947327,-0.14729786,0.19610405
4,99525693651182,-0.0628506,0.02743056,-0.029294772
10,99525695759985,-0.33622813,-0.1520791,0.23202085
2,99525702167589,-35.0,-1.0,23.0
10,99525710073005,-0.32374763,-0.06248188,0.30871964
4,99525714918943,-0.06098639,0.055926383,-0.00958738
10,99525719499255,-0.3192706,-0.05748558,0.31162024
4,99525722747693,-0.06711166,0.04527374,-0.015180019
10,99525728693578,-0.4061998,0.026369095,0.31691456
4,99525733598474,-0.070307456,0.029827405,-0.027963191
10,99525735714828,-0.45647228,-0.0047564507,0.4653511
4,99525742106443,-0.06657903,0.025300032,-0.035153728
10,99525747165193,-0.5015044,0.0017228127,0.551754
4,99525750970089,-0.028495824,0.0026631611,-0.04580637
10,99525756605141,-0.59532046,0.08265257,0.6820998
4,99525761390141,-0.01438107,-0.0037284256,-0.048469532
10,99525768116287,-0.57802033,0.115345955,0.690845
4,99525772952537,0.011185277,-0.011451593,-0.040480047
10,99525776581339,-0.5470519,0.25346422,0.84152126
4,99525779854776,0.013582122,-0.017044231,-0.03781689
10,99525787885714,-0.599561,0.28957653,0.8017683
4,99525792800349,0.007456851,-0.04181163,-0.028495824
10,99525796464412,-0.5907388,0.50954103,0.8241129
4,99525799709099,0.010120012,-0.040746365,-0.021571605
10,99525807681547,-0.5897355,0.5164242,0.7484684
4,99525812466391,-0.005060006,-0.05139901,0.017576864
10,99525816124099,-0.59203935,0.47000313,0.66669655
4,99525819392745,-0.002130529,-0.059388492,0.026897928
10,99525827459828,-0.5632119,0.4699092,0.6287136
4,99525832294672,0.03195793,-0.0777643,0.039414786
10,99525835954516,-0.44687593,0.47618198,0.5280986
4,99525840717849,0.0479369,-0.075101145,0.045007423
10,99525845900505,-0.4149741,0.4068675,0.5199132
4,99525849735557,0.06524745,-0.08495484,0.07669904
10,99525855490245,-0.50286174,0.14958,0.3348918
4,99525858941912,0.05912218,-0.087618,0.08149273
10,99525867021391,-0.3188815,0.20300484,0.48252296
4,99525871854932,0.07376956,-0.07483483,0.06231797
10,99525875511599,-0.14652598,0.24808931,0.1437378
2,99525878780037,-35.0,-1.0,21.0
10,99525886790557,-0.07312322,0.2113719,0.07256317
4,99525891585818,-0.002130529,-0.060453758,0.070041135
10,99525895266859,0.08932209,0.17824936,0.17658949
4,99525898546391,-0.008788432,-0.06791061,0.061252706
10,99525906596807,0.1280446,0.07982111,0.15797567
4,99525911395141,-0.01304949,-0.06551377,0.0479369
10,99525915052328,0.0706203,0.006117344,0.12574148
4,99525918328787,0.011185277,-0.0561927,0.04474111
10,99525926378474,0.039972305,-0.006341934,0.03271675
4,99525931217016,0.03781689,-0.046871636,0.051665325
10,99525935052537,0.10291839,0.017774105,-0.0522089
4,99525939825609,0.04580637,-0.025033714,0.058589544
10,99525944914620,0.2431109,0.043172836,-0.07117653
4,99525948710974,0.047670584,-0.007456851,0.054594804
10,99525954379151,0.22204876,0.016112328,-0.14546633
4,99525959173786,0.036485307,-0.0061252704,0.043942157
10,99525965917432,0.15599203,-0.012704849,-0.114020824
4,99525970693057,0.0396811,-5.326322E-4,0.03488741
10,99525974115401,0.15891123,-0.036703587,-0.113556385
4,99525978381755,0.05486112,0.018908445,0.03568636
10,99525985327224,0.1321919,-0.1449132,-0.1234107
4,99525990108422,0.05219796,0.03169162,0.029827405
10,99525993833474,0.09261036,-0.207932,-0.04294777
4,99525998694203,0.033822145,0.032756884,0.012250541
10,99526005485193,0.031461,-0.17698383,0.0140657425
4,99526010327641,0.01304949,0.033822145,-0.007456851
10,99526014251495,-0.04227066,-0.18067932,-0.01629877
4,99526017658578,-0.020240024,0.042876896,-0.013582122
10,99526024124932,-0.09407616,-0.22049189,0.029250145
4,99526028939984,-0.03568636,0.039414786,-0.024234766
10,99526033058266,-0.23580277,-0.22562838,0.12812519
4,99526037868630,-0.03169162,0.023169503,-0.048203215
10,99526043591547,-0.34057713,-0.25036573,0.20546913
4,99526048785818,-0.034621093,0.013582122,-0.0727043
10,99526052439984,-0.4231137,-0.2564354,0.22542715
2,99526057276807,-34.0,1.0,22.0
10,99526064782328,-0.47600257,-0.17458963,0.2931261
4,99526069552901,-0.035952676,-0.011451593,-0.09933591
10,99526073280089,-0.46834528,-0.08195734,0.3555379
4,99526076526859,-0.02876214,-0.012250541,-0.101999074
10,99526084566547,-0.41855037,0.04740095,0.42409468
4,99526089363995,-0.016245283,-0.012516857,-0.10359697
4,99526096383474,-0.014913702,-0.016245283,-0.094009586
10,99526103911703,-0.36373663,0.33284664,0.34259558
4,99526108607172,-0.022104237,-0.012250541,-0.07643273
10,99526112087693,-0.3401773,0.41887856,0.42813444
4,99526116770557,-0.02743056,-0.013582122,-0.06684534
10,99526123866807,-0.34946203,0.45771646,0.41828108
4,99526128475922,-0.022903185,-0.019707393,-0.052464273
10,99526131951703,-0.4247117,0.45110798,0.42493153
4,99526136616703,-0.023169503,-0.024234766,-0.043409526
10,99526142480870,-0.42030644,0.4068365,0.41277456
4,99526146408839,-0.009321064,-0.02956109,-0.01784318
10,99526151894880,-0.39369535,0.4265294,0.4645195
4,99526156486599,0.002130529,-0.035153728,-0.011984225
10,99526163417745,-0.4126842,0.42646885,0.30272007
4,99526168008266,0.006924219,-0.050600063,0.004261058
10,99526171484099,-0.3652408,0.44545555,0.3062067
4,99526176084203,0.0026631611,-0.05219796,0.006924219
10,99526183207068,-0.33481598,0.45329762,0.28410864
4,99526187807484,0.007456851,-0.047404267,0.019707393
10,99526191052588,-0.24678624,0.3181877,0.18832493
4,99526196382328,0.0015978967,-0.04580637,0.027164243
10,99526202969099,-0.24620807,0.23757362,0.13920975
4,99526207568474,0.0034621095,-0.03781689,0.046072688
10,99526211052588,-0.18512821,0.1622014,0.09506893
4,99526215815036,0.021571605,-0.025832662,0.050866377
10,99526222743109,-0.13443136,0.1328044,0.09440327
4,99526227363266,0.064182185,0.0010652645,0.06657903
10,99526230835297,-0.09395075,0.034919262,0.07289934
2,99526235487693,-33.0,1.0,22.0
10,99526241381859,-0.09991336,-0.019199371,0.04914236
4,99526246500713,0.040746365,0.014647386,0.070041135
10,99526249981234,-0.1125803,-0.02400446,0.06952
4,99526255484151,0.02130529,0.027963191,0.06551377
10,99526262314151,-0.11686921,0.0037350655,0.08354616
4,99526266955609,0.00479369,0.043942157,0.068176925
10,99526270423266,-0.1745503,-0.2040801,0.18210983
4,99526275079828,-0.0010652645,0.03701794,0.0644485
10,99526282088005,-0.21323645,-0.26027536,0.19757795
4,99526286706547,7.9894834E-4,0.025033714,0.04447479
10,99526290167224,-0.27331746,-0.23621655,0.26779175
4,99526294026963,0.016511599,0.014913702,0.020240024
10,99526302171547,-0.2824744,-0.19051456,0.27915668
4,99526307073370,0.03834952,0.010120012,5.326322E-4
10,99526310716911,-0.34231687,-0.17057276,0.42081738
4,99526313992849,0.041279,0.0058589545,-0.004527374
10,99526321888995,-0.3393383,-0.1584487,0.38050938
4,99526326697849,0.033289514,-0.0034621095,-0.019441076
10,99526330350141,-0.23075616,0.06362629,0.32343006
4,99526335270870,0.033822145,0.0018642128,-0.025566347
10,99526340361547,-0.21819508,0.16553545,0.2708373
4,99526344187588,0.02876214,0.015446335,-0.018109497
10,99526349918734,-0.18029392,0.26061487,0.21096992
4,99526353376651,0.011451593,0.025300032,-0.0026631611
10,99526361441703,-0.16942537,0.31615257,0.20664263
4,99526366234099,0.01438107,0.0314253,0.011185277
10,99526369884359,-0.21685302,0.33537436,0.20873308
4,99526373161755,0.02956109,0.036218993,0.023435818
10,99526381230661,-0.26746762,0.41107702,0.21677017
4,99526386079776,0.041279,0.054328486,0.04873585
10,99526389692536,-0.2744975,0.4457121,0.15907812
4,99526392974307,0.05219796,0.070307456,0.076965354
10,99526400998474,-0.24541986,0.4254217,0.1558671
4,99526405862484,0.05139901,0.07403588,0.09134643
10,99526409600713,-0.26783538,0.39567566,0.17400122
2,99526412861182,-34.0,1.0,23.0
10,99526420767328,-0.3134849,0.3964448,0.15316248
4,99526424777849,0.06844324,0.072970614,0.095074855
10,99526428350401,-0.3941394,0.30409908,0.23287678
4,99526434129411,0.07084008,0.0777643,0.109988555
10,99526439202380,-0.4232744,0.17926693,0.22453737
4,99526443051703,0.063116916,0.07483483,0.128897
10,99526448815870,-0.3824066,0.15265036,0.24245453
4,99526452260609,0.07163903,0.07057377,0.1272991
10,99526460326130,-0.38742435,0.18807745,0.2699275
4,99526465170245,0.06657903,0.055926383,0.1272991
10,99526468787380,-0.40051675,0.017070293,0.258461
4,99526472053318,0.041012682,0.040213734,0.123836994
10,99526480105765,-0.4225812,-0.100996494,0.21611643
4,99526484958265,0.026897928,0.023702133,0.118776985
10,99526488610974,-0.35771382,-0.2603798,0.21395254
4,99526491870453,-0.007190535,0.036751624,0.12703279
10,99526499896338,-0.23944497,-0.112844944,0.18086433
4,99526504784411,-0.01438107,0.05486112,0.12676647
10,99526508423838,-0.16634965,0.0632658,0.3223672
4,99526511677901,-0.010386328,0.055926383,0.10040118
10,99526519671338,-0.112647414,-0.07142019,0.18479776
4,99526524554932,-0.023435818,0.06791061,0.04926848
10,99526528211390,-0.025030851,-0.13526678,0.34861517
4,99526533022276,0.0029294773,0.08681905,0.0031957934
10,99526538086755,-0.106922984,-0.15815258,0.18258095
4,99526541949047,0.02396845,0.119043306,-0.002396845
10,99526546286755,-0.23860645,-0.16294241,0.19694662
4,99526552425557,0.02130529,0.14088123,0.01304949
10,99526560489932,-0.30528235,-0.11939621,0.124788284
4,99526565415193,0.030360037,0.16325177,0.018642128
10,99526569060609,-0.2918464,-0.12132645,0.11989832
4,99526572296963,0.04234426,0.18109496,0.01917476
10,99526578995036,-0.2388624,0.13167048,0.15442085
4,99526583905193,0.05219796,0.18402444,0.016777916
10,99526587558682,-0.24829578,0.23963118,0.18551493
2,99526590799984,-35.0,2.0,21.0
10,99526598771130,-0.26899564,0.34602547,0.31873417
4,99526603695245,0.07403588,0.1371528,0.012250541
10,99526605801807,-0.27855575,0.44178867,0.24929571
4,99526612051547,0.06950851,0.12676647,0.008788432
10,99526618489203,-0.34233415,0.48966837,0.29368782
4,99526623339567,0.042077947,0.11531488,0.017576864
10,99526627918109,-0.40325904,0.3828826,0.46326923
4,99526632800453,0.026365295,0.088150635,0.03568636
10,99526639155505,-0.5240036,0.23914194,0.5789528
4,99526643643370,0.02609898,0.053795855,0.049801115
10,99526645752015,-0.52162015,0.08112812,0.64838886
4,99526651531807,0.033023197,0.037550572,0.054062173
10,99526657908995,-0.50502133,0.071250916,0.69432354
4,99526662798630,0.084155895,0.021038974,0.047670584
10,99526667390192,-0.32075894,0.15488434,0.5546541
4,99526670638161,0.09560748,0.015180019,0.042876896
10,99526677687745,-0.17043984,0.25037003,0.36098242
4,99526682463213,0.05965481,-7.9894834E-4,0.03222425
10,99526686103734,-0.025637388,0.25020695,0.2543273
4,99526690847536,0.03195793,-0.006924219,0.029028457
10,99526697466547,0.05927992,0.22007895,0.24682236
4,99526702293213,-0.015180019,-0.023702133,0.019707393
10,99526705956442,0.13238966,0.026242733,0.28361797
4,99526710715401,-0.017576864,-0.025033714,0.018109497
10,99526717243734,0.09056461,-0.019801617,0.29307413
4,99526722095557,0.021571605,-0.020506341,0.016777916
10,99526725751182,0.05160165,-0.12833261,0.23519278
4,99526730565609,0.033289514,-0.019441076,0.014913702
10,99526735599776,0.046202064,-0.10969019,0.18520689
4,99526739730192,0.057790596,-0.01438107,0.0058589545
10,99526745675349,0.024153471,-0.03593445,0.17643023
4,99526748955036,0.06471482,-0.014114754,7.9894834E-4
10,99526756812901,0.061122894,-0.006457329,0.159729
4,99526760765505,0.05832323,-0.013582122,0.0
10,99526765291911,0.073663354,0.039700985,0.19815016
2,99526768727172,-35.0,4.0,21.0
10,99526776588161,0.012615085,0.033056736,0.15492296
4,99526781391911,0.056459017,-0.019707393,-0.018908445
10,99526785096182,-0.02780199,0.08176994,0.09299183
4,99526788477901,0.049002163,-0.02609898,-0.035952676
10,99526796365661,-0.017080545,0.11161327,0.053201675
4,99526801152692,0.055127434,-0.01784318,-0.044208474
10,99526804978786,0.09272957,0.09825039,-0.053364277
4,99526808257276,0.055127434,-0.009321064,-0.053263225
10,99526816171338,0.2252661,0.26321745,-0.062437534
4,99526821015974,0.06098639,-0.010652645,-0.06924219
10,99526824844515,0.26550364,0.4431262,-0.034314156
4,99526829660505,0.06231797,-0.016511599,-0.07882957
10,99526834572692,0.2095474,0.3929639,-0.034971714
4,99526838620297,0.042077947,-0.021038974,-0.06844324
10,99526844562640,0.13040245,0.34671402,0.025257587
4,99526847833109,0.070041135,-0.004261058,-0.053263225
10,99526855699411,0.19868517,0.34491777,0.09392977
4,99526860517224,0.1403486,0.05912218,-0.030626353
10,99526864231234,0.36457038,0.18910074,0.5546727
4,99526867597536,0.22050974,0.16298546,0.013315806
10,99526875515713,0.30104887,-0.10378981,0.3810234
4,99526880334567,0.29214877,0.3257046,0.11504856
10,99526884208890,0.20422709,-0.2935562,0.20645142
4,99526887418890,0.25832662,0.5970807,0.3334278
10,99526895302536,0.27563417,-0.12840223,0.6026778
4,99526900145922,0.19014971,0.80747044,0.6261092
10,99526903874255,-0.20183969,-0.21638727,1.3892107
4,99526907138109,0.26045716,0.82877576,0.88124
10,99526915083786,-0.49256647,-1.2683754,1.2468867
4,99526919853630,0.34408042,0.7454188,1.0098706
10,99526923584776,-0.3072027,-1.2162542,-0.20810843
4,99526928385192,0.6266418,0.5952165,0.7978831
10,99526933399359,0.042506576,-0.15042877,1.0057178
4,99526937523838,0.7613978,0.29481193,0.2644519
10,99526943443682,-0.9310086,-0.79846096,0.7820935
2,99526946731234,-37.0,2.0,23.0
10,99526954632432,-1.2494903,-0.22432518,0.72563696
4,99526959457953,-0.24234766,-0.2082592,-0.46658584
10,99526963151182,-0.98872143,-0.43669605,0.93769026
4,99526966476651,-0.39041942,-0.23462449,-0.45140582
10,99526974369515,-0.5455261,-1.5513778,0.98328733
4,99526979183734,-0.24660872,-0.2711098,-0.37230992
10,99526983017172,0.264073,-1.8738708,0.7935076
4,99526986290974,0.18269286,-0.28495824,-0.40906155
10,99526994207484,0.7951963,-1.2409439,0.45543098
4,99526999028734,0.5472796,-0.24181503,-0.49348375
10,99527003619984,0.5797775,-0.1792717,-0.46402788
4,99527006849724,0.57790595,-0.1520665,-0.5430186
10,99527013221286,0.5550709,0.8007021,-0.97015715
4,99527018069672,0.26338664,-0.10839066,-0.56245965
10,99527022696963,0.6274929,1.1475401,-1.4362535
4,99527027512536,0.09933591,-0.08069378,-0.5589975
10,99527032400349,0.84062624,0.9339967,-1.0594864
4,99527036390505,-0.107858025,0.049801115,-0.5384912
10,99527041667015,0.6809838,0.41417217,-0.5896268
4,99527046516338,-0.07803062,0.08735169,-0.5475459
10,99527053506755,0.37189174,-0.27814722,-0.43757772
4,99527058299932,0.06737798,0.20133498,-0.5355617
10,99527062915609,0.29973125,-0.27430868,-0.34289122
4,99527066148630,0.21518342,0.29614353,-0.49321744
10,99527073284567,0.27501118,0.024189949,-0.36405563
4,99527078125244,0.32996565,0.40107206,-0.4327637
10,99527081804828,0.2810384,0.17361641,-0.35194683
4,99527085139099,0.35739622,0.4396879,-0.41705105
10,99527093016234,0.22204995,0.26671124,-0.3962798
4,99527097845921,0.34834146,0.49454904,-0.43382895
10,99527101541442,-0.088762164,0.5778794,-0.36693048
4,99527104928682,0.31798145,0.5094627,-0.44181845
10,99527112846442,-0.04918778,0.5423641,-0.258873
4,99527117655036,0.25193503,0.5749765,-0.46152583
10,99527122238421,-0.025528312,0.47169638,-0.010220528
2,99527127140557,-31.0,-3.0,25.0
10,99527132056911,-0.18324852,0.2904377,0.21729708
4,99527136334099,0.24607609,0.65913236,-0.4892227
10,99527141044671,-0.33865106,0.10670948,0.4464159
4,99527144484828,0.25832662,0.6689861,-0.4956143
10,99527152357953,-0.4166659,0.02697897,0.48032093
4,99527157130296,0.30626354,0.65061027,-0.49801114
10,99527161735140,-0.80937535,0.009411812,0.5389471
4,99527164977901,0.32730252,0.64528394,-0.48043427
10,99527172136651,-0.8882696,-0.022746563,0.49273777
4,99527176909567,0.3850931,0.6181197,-0.39521313
10,99527180594932,-0.99142724,0.30284166,0.5446272
4,99527184027796,0.4111921,0.5933523,-0.37630466
10,99527191899307,-0.91765255,0.4206195,0.45102882
4,99527196688057,0.4327637,0.53742594,-0.35313517
10,99527201303005,-0.74537826,0.7239475,0.2597971
4,99527204558161,0.4135889,0.4889564,-0.33103094
10,99527211696546,-0.70069206,0.77530384,0.19759655
4,99527216506078,0.37630466,0.43862265,-0.28575718
10,99527221111078,-0.58846253,0.9253621,0.293581
4,99527226026390,0.3289004,0.39441416,-0.2314287
10,99527230912171,-0.55834144,0.9089856,0.2868719
4,99527234800974,0.29294774,0.3637878,-0.18429075
10,99527240282640,-0.53031385,0.9747,0.36609173
4,99527243535401,0.25300032,0.36991307,-0.13156016
10,99527251233734,-0.5287549,1.0307779,0.3926096
4,99527256103005,0.19414444,0.4282363,-0.037284255
10,99527260761755,-0.4552946,1.073864,0.1414423
4,99527264057223,0.11558119,0.593086,0.08468852
10,99527271018265,-0.05788374,0.99901485,0.5940714
4,99527275914307,-0.0314253,0.813862,0.2612561
10,99527279607223,-0.37944233,0.9760604,0.6033459
4,99527282896755,-0.12516858,0.91452956,0.47803742
10,99527290828213,-0.7373652,1.0715036,0.7742319
4,99527295703734,-0.10359697,0.9020127,0.72943985
10,99527300278161,-0.97815865,0.52992773,0.69541264
2,99527303541442,-31.0,-17.0,30.0
10,99527310569463,-1.5826029,0.14971161,-0.12916279
4,99527315465348,0.08335695,0.566987,0.9981528
10,99527320067640,-2.2651393,0.49270868,1.3484774
4,99527324973838,0.23249397,0.15499598,0.6021407
10,99527329861182,-3.4908729,-0.670773,1.4428997
4,99527333669880,-0.40373522,-0.24980451,0.116912775
10,99527338734255,-4.253063,-0.27588224,1.3663998
4,99527342241963,-0.9606022,-0.5251754,-0.18535602
10,99527350138005,-4.0449343,-0.61407423,1.7063732
4,99527354982953,-1.1614046,-0.7089335,-0.33475935
10,99527359570296,-2.881248,-1.7039752,1.239398
4,99527362817901,-0.85087997,-0.8135957,-0.39068574
10,99527369935036,-1.5289931,-1.9820008,0.48494625
4,99527373888317,-0.18935075,-0.81253046,-0.36724994
10,99527377049098,-1.0333893,-1.5031595,0.18088436
4,99527382977276,0.32623723,-0.82105255,-0.31691617
10,99527391189671,-1.7801435,-0.76035976,0.1317501
4,99527394775296,0.3435478,-0.85354316,-0.23169503
10,99527399545244,-1.8481991,-0.7947531,0.11744785
4,99527402789151,0.12969595,-0.7680557,-0.09374327
10,99527409497953,-1.5586846,1.364511,0.366292
4,99527414387901,-0.27004454,-0.62983763,0.02396845
10,99527419005453,-1.8327674,0.809988,0.6405029
4,99527423835609,-0.5278385,-0.6109292,0.087884314
10,99527428706338,-1.5219243,0.7402177,0.6167698
4,99527432536963,-0.42024684,-0.6266418,0.1073254
10,99527435950869,-0.57860404,0.31645966,0.0469532
4,99527442754463,-0.24474451,-0.55287224,0.17390442
10,99527450519151,-0.052678347,0.29150057,-0.35555887
4,99527455409880,-0.076965354,-0.48496163,0.2796319
10,99527460021286,-0.07957196,0.2961259,-0.3485198
4,99527463232328,0.04926848,-0.45140582,0.350472
10,99527469260192,0.19435835,0.92213774,-0.721786
4,99527474147744,0.035153728,-0.41199103,0.35553202
10,99527478757015,0.38815367,1.0921721,-0.8692589
2,99527482012484,-28.0,-9.0,30.0
10,99527487516703,0.51744056,1.1879401,-0.8596821
4,99527492363578,-0.06391586,-0.29534456,0.30679616
10,99527496018369,0.6412535,1.1361837,-0.7729778
4,99527500785140,-0.09267801,-0.26498455,0.31292143
10,99527508516703,0.65195787,0.98131275,-0.7388787
4,99527513404567,-0.17070863,-0.21917816,0.3355583
10,99527517047171,0.6460941,0.66031885,-0.5529108
4,99527521846807,-0.1784318,-0.21172132,0.33635727
10,99527526929671,0.64045954,0.5392389,-0.36969566
4,99527530850713,-0.11851067,-0.19574234,0.33662358
10,99527536579775,0.80580103,0.005153179,-0.24484015
4,99527540024046,-0.002396845,-0.16058862,0.33742252
10,99527548109411,0.81239843,-0.1398654,-0.36846828
4,99527552998994,0.21092236,-0.08522116,0.3549994
10,99527556623317,0.6781968,-0.22805691,-0.35620832
4,99527559849880,0.2727077,-0.061252706,0.36218992
10,99527567863473,0.6760421,-0.27900314,-0.3855133
4,99527572654828,0.32517198,-0.0029294773,0.33822146
10,99527576313525,0.51571405,-0.116558075,-0.38187075
4,99527579561859,0.31025827,0.010386328,0.3123888
10,99527587665036,0.51436675,0.0058345795,-0.32441187
4,99527592466025,0.18668759,0.06977482,0.25859293
10,99527596121859,0.52471757,0.119155884,-0.078149796
4,99527599395036,0.120907515,0.083889574,0.25353295
10,99527607467796,0.42351508,0.025413036,-0.111680984
4,99527612260296,-0.047137953,0.09267801,0.22716765
10,99527615916859,0.326643,-0.3518858,0.22809124
4,99527620714567,-0.079095885,0.09161274,0.21544974
10,99527625802015,0.25577044,-0.45593357,0.32394695
4,99527629727171,-0.06791061,0.087085366,0.1984055
10,99527634556963,0.051673412,-0.6381631,0.6333523
4,99527639375244,7.9894834E-4,0.068176925,0.19254655
10,99527646965557,0.06843114,-0.7484479,0.7412348
4,99527651808994,0.066312715,0.047404267,0.17283916
10,99527655519463,0.025990129,-0.43412542,0.6967106
2,99527658783473,-31.0,-9.0,26.0
10,99527666769567,0.079616666,-0.28349876,0.7137184
4,99527671601390,0.058056913,-0.0010652645,0.096939065
10,99527675271911,0.10235119,-0.015842915,0.55882454
4,99527678516650,-0.021571605,-0.03914847,0.056459017
10,99527686541755,0.110327244,0.0012207031,0.50180244
4,99527691412744,-0.09827065,-0.07456851,0.015978966
10,99527695065661,0.17741871,-0.16198492,0.53850937
4,99527698295192,-0.13502227,-0.10040118,-0.022104237
10,99527706326963,0.16105437,-0.1846075,0.5044403
4,99527711194775,-0.107858025,-0.11052119,-0.044208474
10,99527714980036,0.19443,-0.2079916,0.42005825
4,99527719794150,-0.05273059,-0.11052119,-0.049002163
10,99527724881130,0.20310295,-0.19226551,0.33315563
4,99527728676963,-0.010918961,-0.09640643,-0.042077947
10,99527734356286,0.16032588,-0.1470766,0.33434105
4,99527739153213,-0.0029294773,-0.07962852,-0.027963191
10,99527745865557,0.032109976,0.016088486,0.2500944
4,99527750638213,0.016777916,-0.06524745,-0.022104237
10,99527754317380,-0.0056916475,0.13692522,0.1908102
4,99527757596755,0.01917476,-0.043409526,-0.013582122
10,99527765644880,-0.038794994,0.17327356,0.15464783
4,99527770424567,0.0077231675,-0.022903185,-0.008788432
10,99527774253057,-0.005644083,0.18658495,0.12363243
4,99527777495817,-0.011185277,-7.9894834E-4,-0.0058589545
10,99527785457275,-0.0016548634,0.10606861,0.09361553
4,99527790315921,-0.0396811,0.0058589545,-0.0031957934
4,99527793503786,-0.03781689,-0.0010652645,-0.013582122
11,99527811405973,-0.278151,0.110524,-0.547699,0.781307,3.0
4,99527813339567,-0.035153728,0.010652645,-0.017310547
10,99527819815817,0.07005429,-0.108186245,0.2038765
4,99527822145765,-0.029294772,0.015180019,-0.018908445
10,99527829633786,0.058059692,-0.060462475,0.28239536
4,99527831523525,0.0018642128,0.017044231,-0.022370555
2,99527840361442,-32.0,-9.0,26.0
4,99527842712744,0.014647386,0.017576864,-0.01917476
4,99527852799880,0.019707393,0.01571265,-0.017044231
4,99527855361755,0.02396845,0.011451593,-0.018642128
10,99527862637223,0.057783484,0.18406153,0.129735
4,99527865189515,0.050600063,0.029827405,-0.017044231
10,99527873088577,0.1856761,0.13190413,0.1342516
4,99527877865557,0.064182185,0.099069595,0.058056913
10,99527882547640,0.16694224,0.01393795,0.011638641
4,99527887330036,0.090014845,0.1965413,0.13502227
10,99527894058682,0.33501875,-0.051950455,0.06185627
4,99527898831546,0.08042747,0.36964676,0.22876555
10,99527903453682,0.28337014,-0.22987652,0.33477974
4,99527906691234,-0.015446335,0.561927,0.41758367
10,99527913800817,-0.09444749,-0.24504328,0.66588116
4,99527918565869,-0.05139901,0.68336713,0.68363345
10,99527923195452,-0.6344261,-1.3797512,1.126255
4,99527927974932,-0.092944324,0.6514092,0.96273273
10,99527932883265,-1.0489377,-2.0296164,1.3730497
4,99527936831494,0.10892329,0.46818373,0.9962886
10,99527942328525,-0.61102283,-0.45753193,1.4850626
4,99527945578577,0.4135889,0.3520699,0.8000136
10,99527953391077,-0.566822,-0.58890104,1.4119701
4,99527958207900,0.2894856,0.002130529,-0.06791061
10,99527962831234,-1.710817,-0.033563137,0.6195221
4,99527966038161,-0.28309402,-0.21598236,-0.32357407
10,99527973167536,-1.9842416,0.94775105,1.5271597
4,99527978076129,-0.454069,-0.38083205,-0.36911413
10,99527981792588,-1.3597789,-0.4372592,1.479106
4,99527985061650,-0.47697216,-0.44421527,-0.39388153
10,99527992909307,-1.1508188,-0.8745451,1.2225399
4,99527996849515,-0.040746365,-0.59628177,-0.54195327
10,99528001632744,-0.7898494,-0.42265272,0.10597515
4,99528004862900,0.18801917,-0.62371236,-0.57391125
10,99528012685400,-0.8616478,-0.13387966,-0.40854836
2,99528017478734,-31.0,-9.0,27.0
10,99528021693109,-0.46692997,0.8824234,-1.5426784
4,99528026449671,0.25353295,-0.63383234,-0.66552395
10,99528031419619,-0.4802699,0.8939061,-1.521493
4,99528035670244,-0.09054748,-0.6625945,-0.6942861
10,99528040617796,-0.91167104,0.6732664,-0.25912857
4,99528045478890,-0.20586236,-0.73290193,-0.6306366
10,99528052243265,-0.98065776,0.3753543,-0.020654678
4,99528057029775,-0.06791061,-0.6961503,-0.6295713
10,99528060963213,-0.68000406,-0.54135895,0.16920567
4,99528064235869,-0.033289514,-0.64182186,-0.63702816
10,99528072015244,-0.7578632,-0.46555185,0.3167162
4,99528076817744,0.03701794,-0.5411543,-0.6069344
10,99528081437640,-1.0824037,0.011589527,0.16185284
4,99528084658577,0.05273059,-0.45859635,-0.5057343
10,99528091802952,-1.1015738,0.21344042,0.024433136
4,99528096593213,0.016777916,-0.38695732,-0.40506682
10,99528101208213,-0.8091734,0.95903635,-0.5194473
4,99528104568213,-0.04660532,-0.33182988,-0.35473305
10,99528111580452,-0.7207358,1.1180849,-0.64894867
4,99528116416338,-0.1387507,-0.28895298,-0.33635727
10,99528120994307,-0.81648505,1.1954198,-0.82815886
4,99528125817484,-0.257794,-0.30173615,-0.29960564
10,99528130727588,-0.99570096,1.1140575,-0.858881
4,99528134527223,-0.36671728,-0.34834146,-0.2615224
10,99528139500140,-1.1806884,0.95708513,-0.7662158
4,99528144342171,-0.3920173,-0.40906155,-0.2644519
10,99528151121702,-1.2917039,0.8219776,-0.52812004
4,99528156025556,-0.33316147,-0.46259108,-0.29960564
10,99528160598161,-1.1943138,0.61943007,-0.5452533
4,99528163907275,-0.27510455,-0.4876248,-0.31984565
10,99528170899150,-0.95284903,0.5650134,-0.550015
4,99528175790400,-0.2396845,-0.4857606,-0.3022688
10,99528180363994,-0.59784484,0.7414737,-0.4704008
4,99528183595661,-0.21598236,-0.47617322,-0.2514024
10,99528190669254,-0.3020059,0.60618734,-0.3634963
2,99528195527744,-25.0,2.0,21.0
10,99528199748473,-0.2765622,0.3246045,-0.46810484
4,99528202985296,-0.35127094,-0.46365637,-0.14993598
10,99528210443786,-0.37743175,0.542851,-0.49281216
4,99528215272796,-0.36618465,-0.4609932,-0.17816548
10,99528219886181,-0.31347227,0.7609415,-0.57141685
4,99528224719723,-0.3651194,-0.4133226,-0.20532973
10,99528229615452,0.012212753,0.53080463,-0.7225838
4,99528233434202,-0.4082626,-0.33529198,-0.1984055
10,99528238961442,0.39428735,0.2928238,-0.5043936
4,99528242192796,-0.41172472,-0.26764768,-0.1917476
10,99528250069359,0.74218345,0.20788288,-0.056683064
4,99528254966806,-0.36618465,-0.21385184,-0.18935075
10,99528259571390,0.79860616,0.15726233,0.14730597
4,99528262804775,-0.3392867,-0.17603496,-0.17710021
10,99528269801702,0.6152258,0.41830063,0.20321894
4,99528274644567,-0.3086604,-0.14567491,-0.16112125
10,99528279260348,0.5084369,0.8379297,0.13806725
4,99528282477223,-0.27164245,-0.11052119,-0.14647387
10,99528289583213,0.61839676,1.0129166,0.3211031
4,99528294422692,-0.24554345,-0.090014845,-0.12357068
10,99528298999619,0.5368712,0.9372959,0.42717028
4,99528302206234,-0.22450449,-0.08735169,-0.081226416
10,99528309354775,0.34035277,0.7158394,0.74496317
4,99528314262327,-0.1965413,-0.108124346,-0.029028457
10,99528317932952,0.21229291,0.5861988,0.9964776
4,99528322783838,-0.14168017,-0.105727494,0.023435818
10,99528327781494,0.31405783,0.61335707,1.111949
4,99528331818161,-0.08575379,-0.07243799,0.09161274
10,99528335036546,0.1752019,0.65884113,1.2053199
4,99528342455244,-0.05965481,-0.048203215,0.13662016
10,99528350382483,0.097384214,0.50544214,1.3262534
4,99528355282379,-0.068176925,-0.036218993,0.283893
10,99528359862848,0.111955166,0.5135808,1.3275127
4,99528363103733,-0.12703279,-0.020240024,0.36724994
10,99528369122900,0.07271409,0.2474575,1.4270401
2,99528373961390,-31.0,3.0,16.0
10,99528378167015,0.013763428,0.19463587,1.3692288
4,99528381398890,-0.128897,-0.0010652645,0.46019423
10,99528387402015,-0.03412056,0.065348625,1.1465678
4,99528392239879,-0.12463594,0.0058589545,0.47670585
10,99528395909775,-0.0142591,-0.07243967,0.95263433
4,99528400664827,-0.13129385,0.0058589545,0.4745753
10,99528408427431,0.012986183,-0.107652664,0.8513284
4,99528413429411,-0.1123854,-0.01917476,0.44048685
10,99528417063108,0.18792844,-0.20908117,0.62973785
4,99528421825192,-0.100933805,-0.021038974,0.42717105
10,99528426932536,0.24696016,-0.18624878,0.6299739
4,99528430755192,-0.06924219,-0.02130529,0.40400153
10,99528436456077,0.08263302,-0.21628904,0.5183697
4,99528439912379,-0.04926848,-0.032490566,0.38748994
10,99528448005296,0.051710367,-0.22841549,0.4324212
4,99528452925713,-0.027963191,-0.051665325,0.340352
10,99528456585817,0.23022985,-0.23947954,0.36819983
4,99528459819723,-0.005060006,-0.05832323,0.3174488
10,99528467771181,0.2940929,-0.18425465,0.31493282
4,99528472607275,0.06338324,-0.042077947,0.27164245
10,99528477041754,0.29069543,-0.05062437,0.25583363
4,99528480286025,0.07163903,-0.043409526,0.26658243
10,99528487537692,0.272815,-0.04896307,0.2233758
4,99528492292952,0.026897928,-0.03834952,0.25992453
10,99528495918161,0.11017251,-0.029274464,0.07662344
4,99528499230036,0.007989483,-0.030360037,0.25326663
10,99528507376025,0.14567876,0.01673603,0.111515045
4,99528512160869,0.017310547,-0.004261058,0.23568976
10,99528515860973,0.18327808,0.24924564,0.0768919
4,99528520692692,0.026897928,0.004261058,0.23329292
10,99528525804931,0.17139459,0.307446,0.0069766045
4,99528529633733,0.0127831735,0.024501082,0.23995082
10,99528535331025,0.15393233,0.35609818,0.008433342
4,99528540102744,-0.032490566,0.028229509,0.2545982
10,99528546873786,-0.05205989,0.43937778,-0.10552645
2,99528551656286,-34.0,8.0,17.0
10,99528555859619,-0.14894795,0.38808346,-0.055541992
4,99528559116650,-0.036485307,0.041012682,0.2876214
10,99528566667692,-0.2095716,0.34204006,-0.0155444145
4,99528571469619,-0.017044231,0.046871636,0.3073288
10,99528575096598,-0.3746072,0.09497738,0.083452225
4,99528578363473,-0.013315806,0.053263225,0.3139867
10,99528586409671,-0.41760826,-8.111E-4,0.05290556
4,99528591218108,-0.016511599,0.05219796,0.31931302
10,99528595003838,-0.42644882,-0.1316638,0.12589741
4,99528598247796,-0.0013315806,0.052464273,0.32011196
10,99528606187431,-0.47316432,-0.20985031,0.004925728
4,99528611010660,0.015446335,0.040480047,0.30200246
10,99528615575140,-0.47586071,-0.19333601,-0.09963131
4,99528620399671,0.038083203,0.030626353,0.2561961
10,99528625521129,-0.36294675,-0.11565018,-0.019014359
4,99528629320244,0.055926383,0.022370555,0.19947077
10,99528634305660,-0.29054797,-0.13876057,-0.049330235
4,99528637676077,0.026897928,0.0127831735,0.15925704
10,99528645743473,-0.35967112,-0.313972,0.003452301
4,99528650544098,-0.045007423,-0.00479369,0.14221281
10,99528654333681,-0.3875115,-0.5225525,0.12061405
4,99528657541233,-0.08575379,-0.012250541,0.12756541
10,99528665512379,-0.34293866,-0.5715418,0.05479431
4,99528670322015,-0.082025364,-0.0053263223,0.11424961
10,99528674054254,-0.20450056,-0.5602946,0.018575668
4,99528677305244,-0.043675844,0.008255799,0.09827065
10,99528685351338,-0.0978713,-0.5665283,0.08777523
4,99528690111494,-0.012250541,0.01438107,0.06950851
10,99528693835244,-0.12616086,-0.45263195,0.20870733
4,99528697068108,-0.008788432,-0.006657903,0.04234426
10,99528705082535,-0.2235347,-0.39758015,0.1638732
4,99528709855140,-0.031158986,-0.022370555,0.021571605
10,99528713658056,-0.14479935,-0.3231206,0.17766094
4,99528718428317,-0.047137953,-0.0037284256,0.013848438
10,99528723521494,-0.100229025,-0.13375759,0.21795559
2,99528727363369,-39.0,11.0,20.0
10,99528733133525,-0.12793684,-0.06950855,0.266788
4,99528736587535,-0.04873585,0.016245283,0.027696876
10,99528744668838,-0.19242108,-0.057559013,0.27481556
4,99528749453890,-0.064182185,0.006924219,0.024767399
10,99528753148525,-0.24261749,-0.0091228485,0.3408003
4,99528756406650,-0.06737798,0.0063915867,0.024501082
10,99528764406077,-0.32121706,0.034908295,0.32083464
4,99528769191910,-0.061519023,0.018375812,0.027963191
10,99528773028733,-0.23946655,0.06406689,0.32201433
4,99528776244150,-0.042876896,0.027696876,0.025832662
10,99528784194254,-0.21955264,0.13053846,0.20973635
4,99528789039306,-0.025300032,0.037550572,0.015180019
10,99528792748785,-0.16395056,0.12313366,0.30411673
4,99528795980869,-0.021837922,0.03701794,0.010386328
10,99528803975608,-0.23949099,0.032173634,0.2716589
4,99528808729567,-0.026897928,0.05352954,-0.0026631611
10,99528812362952,-0.2190224,-0.061174393,0.41152954
4,99528817142067,-0.018109497,0.06178534,-0.0055926386
10,99528822298785,-0.3042451,-0.11941862,0.41370296
4,99528826275973,0.011451593,0.09986854,0.0034621095
10,99528832016025,-0.334324,-0.031172276,0.46147537
4,99528836795556,0.021837922,0.1073254,0.007190535
10,99528843540035,-0.34357822,-0.03201866,0.35515213
4,99528848392275,0.023435818,0.12463594,0.018375812
10,99528852037952,-0.31772602,-0.22652054,0.52638626
4,99528855291077,0.032756884,0.12969595,0.018908445
10,99528863306337,-0.32212007,-0.3155589,0.5562439
4,99528868064254,0.05219796,0.14647387,0.01917476
10,99528871734202,-0.4017725,-0.26931667,0.3884573
4,99528875001806,0.060720075,0.15020229,0.0127831735
10,99528883080765,-0.4857868,-0.209661,0.234159
4,99528887860712,0.072970614,0.15819177,-0.018908445
10,99528891074619,-0.37544584,-0.09890461,0.25149012
4,99528891074619,0.072970614,0.15819177,-0.018908445
4,99528898338837,0.07856325,0.16831179,-0.04873585
10,99528904434046,-0.36588168,-0.10438013,0.24449825
2,99528907877379,-41.0,9.0,20.0
10,99528910963525,-0.35803103,-0.111573696,0.23655367
4,99528916188421,0.08628642,0.1984055,-0.084155895
10,99528923611129,-0.16470051,0.17237282,0.21079922
4,99528928101129,0.104928546,0.21731395,-0.07669904
10,99528936719202,-0.099601746,0.25099707,0.3509121
4,99528938581546,0.118776985,0.22716765,-0.06737798
4,99528943581546,0.12783173,0.22796659,-0.06018744
4,99528950694775,0.14434333,0.22343922,-0.03568636
10,99528958188785,-0.14095747,0.3085928,0.24293375
4,99528960175712,0.14594123,0.22530343,-0.021837922
10,99528966030244,-0.11940968,0.3253522,0.31475973
4,99528967832379,0.14647387,0.22343922,0.008788432
10,99528976238942,-0.051269293,0.34170723,0.29617167
4,99528978064254,0.16298546,0.21944448,0.031158986
4,99528987103265,0.16831179,0.21225394,0.03781689
4,99528988914567,0.16831179,0.20852552,0.043675844
10,99528996024462,0.043043494,0.3214016,0.43393564
4,99528997839150,0.14061491,0.19414444,0.038615838
4,99529006869514,0.124902256,0.18588865,0.03914847
4,99529008683317,0.11105382,0.18455707,0.039414786
10,99529015809358,0.101909995,0.119059086,0.50019073
4,99529018006858,0.08069378,0.17070863,0.043942157
10,99529026344098,0.13840961,0.037529945,0.47470284
4,99529028178577,0.07243799,0.15393071,0.04580637
10,99529036956233,0.21700275,-0.015774727,0.4509778
4,99529036956233,0.073236935,0.15419704,0.041279
4,99529039010660,0.07989483,0.15499598,0.03888215
10,99529047684723,0.09823799,-0.07408571,0.47043514
4,99529047684723,0.08495484,0.14460965,0.040746365
4,99529049636858,0.09241169,0.13608754,0.04261058
10,99529057544931,0.05643606,-0.1688242,0.4966197
4,99529057544931,0.10652645,0.11797804,0.044208474
4,99529059493525,0.11052119,0.094808534,0.041279
10,99529068156910,0.10769498,-0.13236141,0.30998325
4,99529068156910,0.103863284,0.083889574,0.0314253
4,99529070133942,0.094009586,0.07084008,0.022903185
10,99529077504775,0.062028646,-0.062291622,0.30858612
4,99529077504775,0.08362326,0.062051654,0.013582122
4,99529079496077,0.07536746,0.052996907,0.007190535
2,99529088182327,-41.0,10.0,19.0
4,99529090506806,0.055127434,0.016245283,-0.0055926386
4,99529100963108,0.024234766,-0.018642128,-0.032490566
4,99529104257119,0.018642128,-0.03914847,-0.051132694
10,99529110733889,-0.29784977,-0.23550034,0.33226442
4,99529115576129,0.017044231,-0.06391586,-0.08522116
10,99529120180817,-0.3311199,-0.26827288,0.34744215
4,99529125066077,0.033822145,-0.082558,-0.11345066
10,99529129987744,-0.36767685,-0.1388669,0.3706007
4,99529133785556,0.054594804,-0.10519487,-0.13528858
10,99529136033004,-0.29105043,0.026345253,0.3346901
4,99529143458108,0.04873585,-0.10226539,-0.14727281
10,99529151367067,-0.2022773,0.15933895,0.25316286
4,99529156147848,0.023169503,-0.095074855,-0.15020229
10,99529160738577,-0.21812963,0.15425539,0.25289965
4,99529164067900,0.0031957934,-0.09347696,-0.13129385
10,99529169994671,-0.31622398,0.39972878,0.12902498
4,99529174959827,-0.0010652645,-0.07829694,-0.09880328
10,99529179541910,-0.28377736,0.41359282,0.18196583
4,99529182781650,0.004527374,-0.052996907,-0.066046394
10,99529189432796,-0.38023794,0.3346262,0.2221427
4,99529194365139,0.010652645,-0.03888215,-0.03488741
10,99529198968577,-0.5182471,0.19699478,0.27667046
4,99529202184358,0.012250541,-0.026897928,-0.0055926386
10,99529209208369,-0.5482631,0.102795124,0.33083153
4,99529214201910,0.02130529,0.0026631611,0.024234766
10,99529218809514,-0.49092603,0.14613104,0.2586136
4,99529223649202,0.033289514,0.041545313,0.044208474
10,99529228566702,-0.50840175,0.30151224,0.33826208
4,99529232365244,0.035952676,0.046871636,0.056991648
10,99529234921337,-0.54670835,0.2632203,0.3095417
4,99529242331910,0.024501082,0.047404267,0.054328486
10,99529250235556,-0.4966383,0.18161392,0.36587715
4,99529255095035,-0.0026631611,0.03781689,0.00958738
10,99529259676077,-0.4917946,0.18099308,0.364264
2,99529262933108,-39.0,5.0,21.0
10,99529268994566,-0.44096065,0.10943365,0.34277153
4,99529273920400,0.03355583,0.023702133,-0.0058589545
10,99529276028837,-0.3140756,0.042393208,0.30446053
4,99529282087744,0.038615838,0.023435818,-0.007989483
10,99529288506598,-0.24312305,0.0704608,0.35919952
4,99529293329931,0.07882957,0.014114754,-0.036751624
10,99529296973004,-0.20213747,0.06286287,0.4700284
4,99529300238994,0.08894958,0.010652645,-0.04660532
10,99529308288994,-0.1730125,0.10068607,0.38077688
4,99529313259462,0.10918961,0.03914847,-0.041012682
10,99529316873473,-0.11541557,0.18446445,0.38348198
4,99529321680764,0.11451593,0.051132694,-0.026365295
10,99529326739514,-0.14823902,0.13874674,0.3518424
4,99529330550608,0.094808534,0.082025364,-0.0013315806
10,99529336323212,-0.18461728,0.15411568,0.4256668
4,99529341128421,0.082558,0.1025317,0.009321064
10,99529347844983,-0.20792925,0.23011875,0.42508078
4,99529352662535,0.10226539,0.14727281,0.011185277
10,99529356293056,-0.1245774,0.2606206,0.22070217
4,99529359526389,0.1041296,0.16085494,0.01438107
10,99529367636129,-0.080250025,0.26431942,0.14490175
4,99529372452171,0.116912775,0.18642128,0.026897928
10,99529376112900,-0.13376069,0.27022123,0.022887707
4,99529379376598,0.11664646,0.17789917,0.026897928
10,99529387426181,-0.15311825,0.27644157,-0.07744026
4,99529392345035,0.12144015,0.16937704,0.020240024
10,99529396011702,-0.08519614,0.17708445,-0.0028247833
4,99529399224098,0.11851067,0.17230652,0.017310547
10,99529407188785,-0.08454585,0.099398136,0.07915354
4,99529412018629,0.105993815,0.16911073,0.026365295
10,99529415670191,-0.19534516,-0.1396637,0.14764547
4,99529420431233,0.11504856,0.1685781,0.02956109
10,99529425545816,-0.19039845,-0.2320962,0.29305506
4,99529429478733,0.14913702,0.16618125,0.03435478
10,99529435221285,-0.16156316,-0.33548737,0.23397064
2,99529438697066,-37.0,5.0,23.0
10,99529446743629,-0.09599054,-0.32576656,0.15904856
4,99529451529879,0.17283916,0.22450449,0.017310547
10,99529455192796,-0.021752119,-0.21239567,0.17598438
4,99529458470191,0.19014971,0.22929817,-0.010120012
10,99529466529150,0.050644636,-0.24848175,0.1423397
4,99529471363368,0.19867182,0.23222765,-0.03222425
10,99529475000921,0.23797798,-0.19946241,0.029438496
4,99529478280504,0.18322548,0.24554345,-0.053263225
10,99529486291129,0.3233893,-0.14320612,0.00310421
4,99529491095764,0.15952335,0.26631612,-0.06258429
10,99529494921702,0.2427597,-0.085988045,0.032287598
4,99529498174931,0.14594123,0.26072347,-0.06764429
10,99529506070296,0.120105505,-0.17123508,0.20822811
4,99529510845348,0.13582122,0.25086978,-0.06897587
10,99529514572327,0.1258508,-0.20107889,0.3439393
4,99529519321962,0.14940333,0.25646242,-0.07803062
10,99529524429098,0.07436466,-0.10025549,0.34963465
4,99529528359827,0.17869811,0.26764768,-0.082025364
10,99529534118212,-0.049969435,0.024113655,0.32676888
4,99529537561754,0.19441076,0.27696875,-0.06711166
10,99529545617848,-0.19079494,0.1532855,0.3328929
4,99529550429150,0.19734024,0.2615224,-0.052996907
10,99529554228577,-0.24724662,0.31975603,0.34546947
4,99529557465712,0.2082592,0.23728766,-0.05832323
10,99529565400608,-0.269616,0.42280912,0.2786641
4,99529570349410,0.1965413,0.21411815,-0.07376956
10,99529573721962,-0.32070112,0.49763012,0.11938524
4,99529577643368,0.16911073,0.2016013,-0.087085366
10,99529585176910,-0.24521089,0.53796625,0.038307667
4,99529590014618,0.13502227,0.18935075,-0.09960223
10,99529593707900,-0.050871372,0.59708405,0.11014223
4,99529596938785,0.13608754,0.1784318,-0.11052119
10,99529604961702,-0.028130889,0.59432364,0.10117388
4,99529609769879,0.15499598,0.16112125,-0.1123854
10,99529613594410,-0.016612172,0.54262924,0.12534046
2,99529618354879,-35.0,1.0,24.0
10,99529623471077,-0.015293002,0.50793314,0.13141727
4,99529627528577,0.23568976,0.1536644,-0.103064336
10,99529633075452,-0.056553483,0.57698965,0.1419096
4,99529636447535,0.27483824,0.15393071,-0.082025364
10,99529644520816,-0.05373037,0.754457,0.08726692
4,99529649301389,0.29987195,0.16777915,-0.06711166
10,99529653015087,0.073961616,0.8818407,-0.10047722
4,99529656267171,0.31718248,0.21837921,-0.0561927
10,99529664285920,0.30611372,0.9260335,-0.10757351
4,99529669174514,0.30146983,0.3435478,-0.011185277
10,99529672961806,0.37327445,0.8729968,-0.105965614
4,99529676203108,0.20266657,0.5187838,0.07563378
10,99529684065712,0.13944542,1.1225691,-0.11086321
4,99529688838889,0.124902256,0.73103774,0.22716765
10,99529692495660,0.213925,1.1960659,0.64123917
4,99529695735764,0.123038046,0.8524779,0.3472762
10,99529703906962,-0.28564018,0.7910328,1.7969389
4,99529708725139,0.14088123,1.067395,0.97285277
10,99529712396910,-1.6905901,0.7100582,2.277112
4,99529717212795,0.29800773,0.92944324,1.1100056
10,99529722313785,-3.3686194,-1.0191479,5.933462
4,99529726177587,0.63649553,-0.025300032,0.5028048
10,99529731055556,-5.6518826,-4.41389,4.4105062
4,99529735934045,0.059921127,-0.40586576,0.02743056
10,99529743467952,-5.8291273,-4.0017686,3.6362858
4,99529748278368,-0.88496846,-0.7771104,-0.87618
10,99529751898525,-4.5662346,-2.4284658,3.058836
4,99529755152848,-0.91186637,-0.6945524,-0.8359663
10,99529763185816,-3.8036985,-2.4472785,2.1784315
4,99529767953785,-0.22770028,-0.6103965,-0.49747851
10,99529771588785,-0.4728791,-0.7852855,-0.4220295
4,99529774854670,0.19414444,-0.6532734,-0.47830373
10,99529782939827,0.18753052,-0.12995958,-0.8828459
4,99529787757900,0.57790595,-0.79229045,-0.75607145
10,99529791415400,-0.36997408,1.1286678,-3.4210525
2,99529794706650,-32.0,1.0,31.0
10,99529802721702,-0.82227075,1.7295578,-3.329565
4,99529807480452,-0.57284594,-0.8178568,-0.8692558
10,99529811120868,-1.4944122,1.9459486,-1.8700299
4,99529816082795,-0.7273093,-0.79708415,-0.80747044
10,99529821160139,-1.5883173,1.430553,-1.437355
4,99529825080452,-0.7419567,-0.73822826,-0.691623
10,99529830758681,-1.33482,0.17229128,-0.7658305
4,99529834218941,-0.46818373,-0.65061027,-0.60560286
10,99529842323264,-1.1355269,-0.42355394,-0.5429392
4,99529846257639,0.20053603,-0.44235107,-0.38242993
10,99529850554775,-0.5622504,0.0063910484,-1.1413174
4,99529853997848,0.34967306,-0.35659727,-0.25566345
10,99529862105504,-0.4024229,0.49777412,-1.3828669
4,99529866887014,0.4564658,-0.14647387,0.094009586
10,99529870553577,0.036468983,2.0424123,-1.7844896
4,99529873818316,0.3933489,-0.10279802,0.16990969
10,99529881855087,0.057644367,2.1915905,-1.8625941
4,99529886666597,0.14514229,-0.04926848,0.28309402
10,99529890331858,-0.15726829,1.9634242,-1.9932961
4,99529893570139,-0.11531488,-0.0015978967,0.34834146
10,99529901621597,-0.12795103,1.9377222,-1.7830062
4,99529906408577,-0.21598236,0.0479369,0.3768373
10,99529910063108,-0.048567295,1.821275,-1.5199804
4,99529914941962,-0.19254655,0.09454222,0.37763625
10,99529920053316,0.0364244,1.6266937,-1.5610051
4,99529923887275,-0.20426446,0.14620754,0.38136467
10,99529929655764,0.070180535,1.1603122,-1.3254685
4,99529933100035,-0.2559298,0.17763285,0.43223104
10,99529941157587,-0.10711098,0.7109966,-0.73620033
4,99529946004358,-0.27084348,0.16538231,0.5107943
10,99529949615400,-0.48285174,0.33163357,-0.478415
4,99529952883212,-0.272974,0.12144015,0.567786
10,99529960935660,-0.5220479,0.5172863,-0.5444627
4,99529965770504,-0.24527714,0.100933805,0.5581986
10,99529969511962,-0.054861784,0.9516249,-0.576694
2,99529972764306,-26.0,11.0,21.0
10,99529980720347,0.2937734,0.77974606,-0.40190506
4,99529985607743,-0.36218992,0.07190535,0.5294364
10,99529989249722,0.23177242,0.03412962,0.09140444
4,99529992485868,-0.5142564,-0.024234766,0.5403554
10,99530000501493,0.0069628954,-0.6925001,0.63766575
4,99530005394931,-0.5747102,-0.10759171,0.52810484
10,99530009037275,0.05217445,-1.1264277,0.9439287
4,99530013860764,-0.55793226,-0.12250541,0.5139901
10,99530018931181,0.3964318,-1.073503,0.9040241
4,99530022805191,-0.5161206,-0.118776985,0.50786483
10,99530027039722,0.8824637,-0.7239537,0.7436094
4,99530032815347,-0.4860269,-0.13608754,0.47830373
10,99530041408316,1.4054614,-0.30590963,0.6616936
4,99530046197691,-0.49641323,-0.18508969,0.40772998
10,99530049843472,1.3942739,-0.26373196,0.6961708
4,99530053061702,-0.52144694,-0.25646242,0.30706248
10,99530059891702,1.8188666,0.20221138,0.23767948
4,99530064749879,-0.51026165,-0.31318775,0.21704763
10,99530068386129,1.8794839,0.1794262,0.17157078
4,99530071600920,-0.4498079,-0.28176245,0.18242654
10,99530079621962,1.7903085,-0.44089413,0.5820885
4,99530084732118,-0.37710363,-0.19893813,0.2231729
10,99530088348993,1.0509092,-1.4357853,1.0269184
4,99530091594983,-0.3022688,-0.13848437,0.2615224
10,99530098503160,0.25570595,-2.0415368,1.3237586
4,99530103338629,-0.17710021,-0.056459017,0.24580978
10,99530105456962,0.104868054,-1.9505506,1.7164111
4,99530112935191,0.024501082,0.08149273,0.22210763
10,99530119310295,0.19986653,-1.4987259,1.6800447
4,99530123720712,0.17816548,0.20959078,0.2082592
10,99530125836910,0.26211333,-1.2257824,1.6034355
4,99530132309722,0.20985709,0.24980451,0.19867182
10,99530140260347,0.052883625,-1.2661476,1.5750003
4,99530145156962,0.15632756,0.20586236,0.10146644
10,99530148769462,0.07612419,-1.2712274,1.5666142
2,99530152036493,-37.0,14.0,19.0
10,99530157455347,-0.60382915,-1.2688332,1.185936
4,99530162288004,0.03009372,0.06897587,-0.04234426
10,99530166040504,-0.42449564,-0.94162035,0.96769667
4,99530172053212,0.027164243,0.058589544,-0.04926848
10,99530178303629,-0.35795712,-0.767334,0.87554836
4,99530183201441,-0.010918961,-0.01571265,-0.072970614
10,99530187785399,-0.09816265,-0.35136795,0.7363901
4,99530191000452,-0.036218993,-0.055926383,-0.095074855
10,99530198074827,-0.051961064,-0.21425724,0.6475291
4,99530202942274,-0.12650016,-0.13156016,-0.15925704
10,99530206613629,-0.114194274,-0.3104577,0.76423836
4,99530211439879,-0.15100123,-0.12916331,-0.17044231
10,99530216444618,-0.17450416,-0.33120108,0.8509636
4,99530220588524,-0.11851067,-0.09880328,-0.1603223
10,99530226513577,-0.28450656,-0.36124134,1.217988
4,99530229789618,0.0018642128,-0.06231797,-0.12703279
10,99530237641702,-0.2680707,-0.4476161,1.0980649
4,99530242447483,0.09454222,0.013582122,-0.06551377
10,99530247057327,-0.31509984,-0.24032545,0.783298
4,99530250286910,0.101999074,0.034621093,-0.048469532
10,99530257411337,-0.36545587,-0.019699097,0.6800499
4,99530262265452,0.08229168,0.08548747,0.02876214
10,99530265941129,-0.48192734,0.5474224,0.29986572
4,99530269325399,0.056459017,0.09374327,0.05912218
10,99530277193108,-0.48992962,0.6881733,0.2771716
4,99530282055452,-0.006924219,0.08495484,0.105727494
10,99530285713316,-0.65895414,0.9948921,0.15812016
4,99530289093889,-0.035952676,0.070041135,0.099069595
10,99530296971233,-0.7416981,1.0401058,-0.0700078
4,99530301789827,-0.103064336,0.016245283,0.076166406
10,99530305447327,-0.92176056,1.1763539,-0.204885
4,99530310218993,-0.13422333,-0.011451593,0.057790596
10,99530315371233,-0.9613937,1.162682,-0.33170843
4,99530319457743,-0.16112125,-0.022370555,0.06524745
10,99530325395816,-0.95662904,1.0674658,-0.2864895
2,99530328680764,-28.0,12.0,17.0
10,99530336545712,-0.8464458,0.9759221,-0.2641654
4,99530341324618,-0.15952335,-0.021837922,0.07856325
10,99530345947379,-0.6518039,0.9184408,-0.43737507
4,99530349194201,-0.16751283,-0.011451593,0.07829694
10,99530356313993,-0.48712933,0.9293456,-0.67387295
4,99530361140295,-0.18908444,0.023702133,0.09187906
10,99530364940347,-0.39478916,1.0061922,-0.77313185
4,99530368203785,-0.21145499,0.06977482,0.11025487
10,99530374665451,-0.3510412,1.2027869,-0.5162988
4,99530374665451,-0.20426446,0.08628642,0.11638014
4,99530378795139,-0.19201392,0.09667275,0.12410331
10,99530383301545,-0.46797454,1.1500921,-0.516624
4,99530388023004,-0.20772657,0.09880328,0.14247912
10,99530394481545,-0.38978332,0.9621625,-0.50169563
4,99530398589722,-0.22876555,0.103064336,0.16271915
10,99530403098889,-0.3678139,0.92976284,-0.4754033
4,99530409779514,-0.21038973,0.10918961,0.18801917
10,99530414680608,-0.41505933,0.9291692,-0.19231272
4,99530418491910,-0.19947077,0.10466223,0.23169503
10,99530423536181,-0.5566762,0.8346038,-0.120946884
4,99530428343316,-0.23036344,0.08868326,0.267914
10,99530435416754,-0.5301408,0.83789825,-0.052622795
4,99530440217743,-0.2759035,0.058589544,0.28895298
10,99530443949826,-0.35751218,0.8029361,-0.1225729
4,99530447320347,-0.33742252,0.040213734,0.30919302
10,99530455208264,-0.1840769,0.65082693,-0.12530565
4,99530459988316,-0.40266997,0.024501082,0.33289513
10,99530463693004,-0.1313219,0.43459654,-0.15260029
4,99530467094566,-0.4854943,0.0034621095,0.3472762
4,99530477741076,-0.6098639,0.013315806,0.34647727
11,99530483280608,-0.339793,0.109545,-0.433395,0.827471,3.0
4,99530488001910,-0.6990798,0.021571605,0.34967306
10,99530494503785,-0.29021484,-0.31529522,0.28627777
4,99530499104618,-0.6926882,0.0039947415,0.34860778
10,99530503372899,-0.33211935,-0.6491499,0.37727404
2,99530508003576,-27.0,14.0,14.0
10,99530513096754,-0.1576196,-0.7503514,0.75638247
4,99530513096754,-0.64555025,0.0029294773,0.3390204
11,99530513096754,-0.349365,0.116425,-0.425639,0.82657,3.0
4,99530517263316,-0.58269966,0.007190535,0.31931302
10,99530522915608,-0.2924062,-0.55738926,0.82960176
4,99530527562014,-0.5185175,-0.017310547,0.27377295
10,99530534050347,-0.36366236,-0.4727726,0.8699312
4,99530538644358,-0.50653327,-0.075101145,0.22503711
10,99530542904306,-0.4231056,-0.5321417,0.67640495
4,99530547497899,-0.5291701,-0.12942964,0.18668759
10,99530553836701,-0.37542176,-0.55200386,0.642364
4,99530558436858,-0.54621434,-0.16458336,0.15339808
10,99530562707222,-0.28357536,-0.49937344,0.61025286
4,99530565987014,-0.55074173,-0.17417073,0.13768543
10,99530573813576,-0.25769103,-0.44711113,0.68408775
4,99530578497326,-0.5632586,-0.20719394,0.070307456
10,99530582775660,-0.22935659,-0.25294447,0.8626461
4,99530585858212,-0.5563344,-0.221575,0.03542004
10,99530593384201,-0.18623507,-0.023199558,0.8578639
4,99530598025503,-0.5134575,-0.23382555,-0.057257965
10,99530602307274,-0.09859973,0.081311226,0.80324984
4,99530606911024,-0.5022722,-0.22530343,-0.076166406
10,99530611993003,-0.06311494,0.10919714,0.82104635
4,99530616130347,-0.48283112,-0.19254655,-0.09161274
10,99530620917743,-0.05486214,0.2756791,0.8266401
4,99530625588472,-0.4359595,-0.16564862,-0.08655274
10,99530632936753,-0.051381826,0.33564615,0.80446386
4,99530637559358,-0.35233623,-0.1123854,-0.049002163
10,99530641836285,0.02499199,0.52515936,0.76760006
4,99530645102066,-0.32836777,-0.08522116,-0.03701794
10,99530652760503,0.022458076,0.662395,0.7996435
4,99530657427274,-0.21438447,-0.029294772,-0.011717909
10,99530661693212,-0.07156992,1.0149798,0.52174664
4,99530664862795,-0.19068234,-0.017310547,-0.0010652645
10,99530671686337,-0.067432284,1.0370917,0.39887094
4,99530676546181,-0.15792546,0.012250541,0.038615838
10,99530681132639,0.21779346,1.0891633,0.29375505
2,99530684658837,-25.0,17.0,13.0
10,99530692532951,0.32948875,1.0650792,0.34399986
4,99530697383524,-0.12863068,0.0974717,0.13768543
10,99530702015243,0.19601607,0.8809948,0.4866557
4,99530706792535,-0.14247912,0.11158645,0.16218652
10,99530711667899,0.16174543,0.8115983,0.5565195
4,99530715467014,-0.16378441,0.13102753,0.18269286
10,99530720924514,0.18710315,0.6977329,0.65832424
4,99530724283472,-0.14088123,0.16112125,0.16192019
10,99530732087431,0.17946947,0.54906654,0.67492867
4,99530736919045,-0.090281166,0.17923075,0.14221281
10,99530741542431,0.13782132,0.45706987,0.4679389
4,99530744769722,-0.019973708,0.16751283,0.13129385
10,99530751908420,0.17314821,0.4537468,0.51478004
4,99530756809566,0.07829694,0.13502227,0.122771725
10,99530761067795,0.24073213,0.3460474,0.39505482
4,99530764374618,0.14567491,0.094808534,0.105727494
10,99530771635295,0.15971589,0.3161254,0.2670412
4,99530776470087,0.1917476,0.0628506,0.10519487
10,99530781059514,0.1529327,0.44078684,0.32248688
4,99530784436180,0.20932446,0.0561927,0.112119086
10,99530791431545,0.22447461,0.5244889,0.24375963
4,99530796236649,0.17630127,0.05672533,0.10972224
10,99530800817014,0.28563422,0.70041704,0.15937185
4,99530805654305,0.15286545,0.04873585,0.103064336
10,99530810567587,0.3242699,0.67612886,0.15289736
4,99530814372743,0.10892329,0.042876896,0.101200126
10,99530819325555,0.30529648,0.43364334,-0.07385683
4,99530824192847,0.06791061,0.032490566,0.09054748
10,99530830973212,0.17105377,0.30646992,-0.13957739
4,99530835951337,0.07456851,0.035153728,0.09374327
10,99530839614670,0.15823126,0.15745163,-0.11007643
4,99530842893472,0.09534117,0.055127434,0.13156016
10,99530850750972,0.091098905,0.052845478,-0.11358166
4,99530855584358,0.14567491,0.07563378,0.16405073
10,99530860189618,-0.00655663,0.020771027,-0.014021397
2,99530863453785,-26.0,23.0,15.0
10,99530870526337,-0.1097343,0.0971179,-0.028748035
4,99530875404097,0.2330266,0.08362326,0.10013486
10,99530879995764,-0.24114466,0.28162527,-0.100271225
4,99530883230920,0.21731395,0.107858025,0.06977482
10,99530890301076,-0.3412081,0.27226448,-0.06653309
4,99530895190139,0.16271915,0.1041296,0.082558
10,99530898846441,-0.70196056,0.021652699,-0.11367941
4,99530903742483,0.09853696,0.07163903,0.10759171
10,99530908650399,-0.6917156,-0.19314241,-0.13883877
4,99530912782951,0.08894958,0.07536746,0.13502227
10,99530917328576,-0.4331437,-0.32002974,-0.07179499
4,99530923069201,0.14221281,0.12357068,0.19547603
10,99530931342691,-0.45332476,-0.3712573,-0.011228085
4,99530936177847,0.20293288,0.1669802,0.25566345
10,99530940801545,-0.42007384,-0.38147068,-0.0254817
4,99530944140816,0.17923075,0.17124127,0.2644519
10,99530950107639,-0.56367946,0.22687578,-0.02646637
4,99530954959618,0.09614012,0.175236,0.20106867
10,99530958616180,-0.35861996,0.4904089,0.035680294
4,99530961833889,-0.043942157,0.15126756,0.07882957
10,99530969458733,-0.45332655,-0.37100267,0.25039577
4,99530974314305,-0.2463424,0.049534798,-0.011451593
10,99530978929930,-0.4910174,-0.8571558,0.4876876
4,99530982170139,-0.26072347,-0.018908445,-0.028229509
10,99530989182170,-0.36134547,-1.0876956,0.49276733
4,99530994098368,-0.15792546,0.0015978967,-0.040746365
10,99530996204305,-0.33740166,-1.3582487,0.3754449
4,99531002911128,-0.13022858,0.027164243,-0.04181163
10,99531009273472,-0.35993677,-1.1628423,0.3349595
4,99531013672378,-0.08628642,0.09986854,-0.02956109
10,99531015776910,0.06383318,-0.827662,0.29664707
4,99531022298785,-0.054062173,0.14061491,-0.02130529
10,99531028959930,0.37192672,-0.38865662,-0.23853731
4,99531033920191,-0.007456851,0.28442562,0.01917476
10,99531037532795,0.34165758,0.12200403,-0.13778496
2,99531040795920,-32.0,27.0,20.0
10,99531048713160,0.021104038,-0.44151878,0.28833103
4,99531053547951,-0.15739283,0.19441076,-0.08894958
10,99531057210972,0.005674064,-0.71366596,0.75242615
4,99531060463472,-0.16058862,0.14460965,-0.1387507
10,99531068486545,0.12589955,-0.76919985,0.73102474
4,99531073363160,-0.027963191,0.15100123,-0.21145499
10,99531077014462,0.04055381,-1.0202088,0.7255087
4,99531080240295,-5.326322E-4,0.17097494,-0.19441076
10,99531088263732,-0.121597946,-0.91546726,0.75892544
10,99531095563628,-0.16619918,-0.6906781,0.81587076
4,99531100521285,0.11371698,0.1486044,-0.12037488
10,99531107182743,-0.091056645,-0.6393876,0.6631937
4,99531111876805,0.16138756,0.16218652,-0.14274544
10,99531115382639,-0.13680285,-0.5413351,0.6266279
4,99531120735191,0.20453078,0.21172132,-0.1323591
10,99531127674410,-0.24031302,-0.51124525,0.6699729
4,99531132438107,0.23355924,0.24101609,-0.07643273
10,99531135932795,-0.5517707,-0.4984846,0.8532257
4,99531140578732,0.21917816,0.23249397,-0.07243799
10,99531147332222,-0.5735476,-0.3540783,0.79690266
4,99531151957378,0.20772657,0.18961707,-0.09986854
10,99531155543732,-0.4869519,0.36962318,0.5230961
4,99531160099097,0.23116238,0.15978967,-0.14807177
10,99531167115191,-0.4617802,0.5163331,0.3935151
4,99531171701545,0.20719394,0.13289174,-0.17470337
10,99531175182170,-0.37442544,0.75709486,-5.979538E-4
4,99531179771441,0.12037488,0.092944324,-0.17949706
10,99531186890607,-0.3647691,0.8905821,-0.1351552
4,99531191474305,0.06524745,0.04527374,-0.18775286
10,99531194998055,-0.29753292,1.217186,-0.28675032
4,99531199583107,0.0396811,0.016245283,-0.19787288
10,99531205557326,-0.18186933,1.3461614,-0.8413892
4,99531210071545,-0.04660532,0.034621093,-0.21012342
10,99531214843732,0.12216139,1.1943326,-1.1233277
2,99531219462430,-31.0,25.0,20.0
10,99531226459462,0.17184758,0.63134146,-0.85370016
4,99531231102847,-0.11824436,0.010652645,-0.26844665
10,99531234660868,0.1157431,0.1146698,0.16646099
4,99531239246076,-0.0127831735,-0.029294772,-0.29134983
10,99531246237430,-0.010279119,-0.616457,0.18475962
4,99531250863368,0.07084008,-0.012516857,-0.29321405
10,99531254431076,0.2097789,-0.36218596,0.051495552
4,99531259010139,0.28655612,0.11638014,-0.18695392
10,99531266071545,0.21920788,0.17034292,-0.31502104
4,99531270698993,0.29987195,0.22556975,-0.041012682
10,99531274308784,0.069081426,0.5228958,-0.3537073
4,99531278890555,0.1882855,0.22077605,0.007456851
10,99531285805034,0.22153205,0.69890404,-0.2724619
4,99531289873680,0.07749799,0.17789917,-0.03169162
10,99531292893576,0.29018176,0.49318933,-0.22513437
4,99531299467795,-0.004261058,0.180296,-0.05486112
10,99531304687639,0.11542952,0.3588953,-0.28570795
4,99531308491857,-0.033822145,0.20586236,-0.016777916
10,99531314092534,-0.047289133,0.34243298,-0.16188097
4,99531317527222,-0.023435818,0.21784659,0.021038974
10,99531325597847,-0.033441067,0.20347357,0.08564091
4,99531330391441,-0.018109497,0.20240025,0.005060006
10,99531334234305,-0.03222537,0.08981514,0.28432894
4,99531337461649,-0.021038974,0.16964336,-0.028495824
10,99531345382118,-0.092093766,-0.10933161,0.29495478
4,99531350208316,-0.06338324,0.14594123,-0.032756884
10,99531354065503,-0.2608306,-0.18143177,0.30589056
4,99531357314982,-0.08548747,0.13582122,-0.023435818
10,99531365158003,-0.19606283,-0.2251544,0.35492516
4,99531370010243,-0.09427591,0.1371528,-0.020506341
10,99531373703941,-0.2026881,-0.3247614,0.24513006
4,99531376952847,-0.09933591,0.14407702,-0.035153728
10,99531384941909,-0.14539558,-0.40045643,0.4251008
4,99531389785347,-0.109988555,0.14966966,-0.064182185
10,99531393595295,-0.17074105,-0.3511176,0.34717417
2,99531398348316,-34.0,20.0,23.0
10,99531403470295,-0.13393676,-0.27782393,0.2934637
4,99531407453003,-0.100933805,0.1536644,-0.11744541
10,99531412957795,-0.110960424,-0.36038017,0.24929094
4,99531417769774,-0.096939065,0.15153387,-0.13528858
10,99531424507378,-0.17472443,-0.35750198,0.33129597
4,99531429335243,-0.059921127,0.15020229,-0.15339808
10,99531433047326,-0.10403144,-0.24284887,0.46294212
4,99531436296545,2.663161E-4,0.16218652,-0.17283916
10,99531444279722,-0.10854298,-0.12320757,0.49898005
4,99531449120607,0.034621093,0.16165388,-0.17816548
10,99531452944722,-0.2864714,0.026341438,0.47850037
4,99531456162795,0.048469532,0.15020229,-0.18056233
10,99531464055034,-0.33888197,0.02005577,0.618289
4,99531468868264,0.092944324,0.11451593,-0.20479709
10,99531472531701,-0.31749684,-0.019780159,0.69362116
4,99531475795347,0.09773801,0.10519487,-0.21385184
10,99531483831024,-0.45024365,-0.07711744,0.71562815
4,99531488669878,0.09374327,0.0958738,-0.21252026
10,99531492329097,-0.5371167,-0.07385492,0.61627865
4,99531497140139,0.083889574,0.10040118,-0.20959078
10,99531502235295,-0.53268415,-0.023760796,0.58772516
4,99531506097795,0.07243799,0.11824436,-0.20453078
10,99531510907534,-0.40200186,0.07644129,0.38841152
4,99531515767014,0.073236935,0.14727281,-0.19760656
10,99531523397274,-0.40374386,0.067718506,0.39108896
4,99531528179982,0.061252706,0.16085494,-0.19148129
10,99531531839045,-0.38560557,0.03306532,0.26506376
4,99531535090920,0.07057377,0.16804546,-0.18642128
10,99531543159774,-0.3489448,-0.002017498,0.22465658
4,99531548105503,0.07536746,0.19813919,-0.15180019
10,99531551764982,-0.40492123,0.117452145,0.09191561
4,99531555002274,0.075101145,0.20266657,-0.1387507
10,99531562939253,-0.40548036,0.21329594,0.059764862
4,99531567740816,0.11664646,0.221575,-0.11584751
10,99531571402274,-0.42238587,0.24357224,0.14619923
2,99531574687014,-37.0,8.0,26.0
10,99531582722899,-0.41806245,0.17854786,0.10627699
4,99531587506284,0.13448964,0.19627498,-0.10972224
10,99531591150451,-0.48333678,0.032256126,0.38239098
4,99531596129253,0.14354439,0.18375812,-0.101200126
10,99531601153159,-0.5511371,0.025202274,0.40718985
4,99531605061232,0.1520665,0.16751283,-0.07590009
10,99531610743889,-0.6119554,0.14509916,0.35079622
4,99531614208941,0.13315806,0.17470337,-0.05752428
10,99531622295503,-0.555641,0.38292122,0.21612549
4,99531627071805,0.10040118,0.18455707,-0.03542004
10,99531630729201,-0.507837,0.3129592,0.16387987
4,99531634027482,0.046339005,0.19201392,2.663161E-4
10,99531642095711,-0.46170947,0.21705866,0.12408304
4,99531646862691,-0.011185277,0.2000034,0.020240024
10,99531650507534,-0.21119449,0.056005478,0.41449594
4,99531653777586,0.0053263223,0.22849922,0.033289514
10,99531661831701,-0.1630702,-0.05727625,0.5395937
4,99531666655659,0.057790596,0.25379926,0.049534798
10,99531670317795,-0.118074,-0.29259443,0.97130156
4,99531673577847,0.119043306,0.24687503,0.061252706
10,99531681602586,-0.10506925,-0.32262754,1.0578828
4,99531686392847,0.18508969,0.21598236,0.06258429
10,99531690036701,-0.11573622,-0.44118977,0.9867306
4,99531694976388,0.22583607,0.19760656,0.056991648
10,99531700050399,-0.10029897,-0.35967302,0.86209774
4,99531703874305,0.24527714,0.18002969,0.041545313
10,99531709620972,-0.13906509,-0.09930134,0.5984788
4,99531713076128,0.26818034,0.18002969,0.013582122
10,99531721147326,0.078742385,0.11187124,0.5114908
4,99531725120659,0.257794,0.17630127,-0.036751624
10,99531729230451,0.09482932,0.29880667,0.44849634
4,99531734126076,0.25007084,0.13156016,-0.09534117
10,99531740923993,0.12751052,0.3171034,0.3660388
4,99531745754461,0.26232138,0.10972224,-0.1438107
10,99531749398420,0.20015433,0.22963381,0.23295546
2,99531752667951,-33.0,3.0,25.0
10,99531760701024,0.18683717,0.12594748,0.33021736
4,99531765588107,0.32730252,0.14168017,-0.14327806
10,99531769254722,0.12171355,-0.0777545,0.20033503
4,99531772473472,0.34860778,0.15686019,-0.10945592
10,99531780484670,0.10223174,-0.2230773,0.2629733
4,99531785385138,0.386691,0.18722023,-0.07403588
10,99531789043680,0.14281622,-0.10504389,0.24943447
4,99531793912326,0.43036684,0.20532973,-0.050866377
10,99531799029878,-0.014495283,0.016511917,0.3011484
4,99531802824305,0.4676511,0.20799288,-0.009853696
10,99531807155503,-0.040832072,0.06438112,0.068900585
4,99531813054409,0.48363006,0.23329292,0.05832323
10,99531821343941,0.045072198,0.23783302,-0.25764418
4,99531826126128,0.4908206,0.2958772,0.13821806
10,99531829763055,0.074082285,0.20044184,-0.29217386
4,99531833006701,0.49694586,0.34301516,0.21917816
10,99531839870972,0.16427374,0.8704524,-0.18887472
4,99531844714513,0.484429,0.36591834,0.28495824
10,99531848331076,0.08828911,0.9550519,-0.0459404
4,99531851574722,0.43116578,0.4079963,0.3323625
10,99531859599097,-0.02605185,0.7962427,0.027853489
4,99531864502326,0.34594464,0.4359595,0.39414784
10,99531868161388,-0.47771102,0.57362175,0.14031506
4,99531871409409,0.304133,0.49401638,0.5123922
10,99531879409982,-0.5653826,0.07994795,0.5298419
4,99531884281440,0.27696875,0.5302354,0.6423545
10,99531887923993,-0.96453744,-0.120628834,0.67012024
4,99531892766440,0.2974751,0.5336975,0.67271453
10,99531897846180,-1.2396275,0.02807808,1.1361675
4,99531901685138,0.4575311,0.32144356,0.46179214
10,99531905977743,-1.6753786,0.25791454,1.1529217
4,99531912119305,0.4825648,0.17496969,0.27830034
10,99531918776545,-1.7210042,0.09729195,0.89499044
4,99531923624097,0.1933455,-0.22024342,-0.28149614
10,99531928246440,-1.5779891,0.3122282,0.46943045
2,99531931471649,-29.0,3.0,28.0
10,99531938553472,-1.4207544,0.22775888,0.39164543
4,99531943391180,0.01571265,-0.2926814,-0.29854035
10,99531947989565,-0.97164,-0.26458263,0.46651173
4,99531951205451,0.02396845,-0.2841593,-0.23489082
10,99531958288368,-0.72478205,-0.11071253,0.17703009
4,99531963178107,0.1488707,-0.29507825,-0.17150758
10,99531966852326,-0.8199346,0.6199217,-0.31747913
4,99531970175503,0.21012342,-0.29481193,-0.17337179
10,99531978066180,-0.87367463,0.9124408,-0.6735406
4,99531982998107,0.09347696,-0.26764768,-0.15472966
10,99531986660972,-0.8423127,1.6892719,-1.4809475
4,99531991495868,0.0018642128,-0.26738137,-0.1685781
10,99531996436545,-0.80311143,1.8501554,-1.2324033
4,99532000555555,-0.15153387,-0.32410672,-0.23062976
10,99532006515243,-1.0953116,1.0338264,-0.59184885
4,99532009781649,-0.3009372,-0.3800331,-0.22530343
10,99532017628784,-0.9663187,0.73700714,-0.18565226
4,99532022423524,-0.057257965,-0.32676986,-0.15286545
10,99532026065659,-0.9565385,0.45478964,0.17201424
4,99532029523211,-0.021038974,-0.32330775,-0.13289174
10,99532037437638,-1.057007,0.2608838,0.16496754
4,99532042705659,-0.05566007,-0.39068574,-0.10839066
10,99532047301805,-0.69298446,0.31570005,0.23925352
4,99532050518263,-0.049002163,-0.4000068,-0.10279802
10,99532057181440,-0.65885437,0.28095865,0.10903168
4,99532061953368,-0.047670584,-0.3864247,-0.07190535
10,99532065637274,-0.5138567,0.06528044,-0.1303649
4,99532070376440,-0.08442221,-0.37230992,-0.023702133
10,99532076950190,-0.46371275,-0.027041912,-0.20877361
4,99532081724722,-0.14247912,-0.37444046,0.0013315806
10,99532085391492,-0.26848173,-0.2099948,-0.28530502
4,99532090152274,-0.18375812,-0.3784352,-0.014647386
10,99532095306857,-0.19292013,-0.228405,-0.27440023
4,99532099439930,-0.2082592,-0.35926044,-0.04447479
10,99532105368888,-0.11160642,-0.23029137,-0.35242796
2,99532108624878,-25.0,2.0,29.0
10,99532116521701,-0.08182955,-0.17333984,-0.271132
4,99532120602065,-0.25726137,-0.2873551,-0.06471482
10,99532125158576,-0.08541778,-0.113310814,-0.1413045
4,99532128456805,-0.26631612,-0.2495382,-0.077231675
10,99532136340190,-0.030060947,-0.06993532,-0.03760481
4,99532141173211,-0.27217507,-0.2066613,-0.087884314
10,99532144947847,-0.077315,-0.15130329,0.15689325
4,99532148231284,-0.26205507,-0.16644756,-0.087085366
10,99532156077534,-0.23958471,-0.28451157,0.038320065
4,99532160973992,-0.22077605,-0.11717909,-0.07989483
10,99532164678888,-0.19267449,-0.25038385,0.05148697
4,99532167943888,-0.17337179,-0.060720075,-0.06098639
10,99532175856597,-0.18870607,-0.076990604,0.029518127
4,99532180661961,-0.13422333,-0.002396845,-0.03195793
10,99532184432222,-0.21452126,0.09591293,0.047447205
4,99532189198420,-0.13182648,0.03089267,5.326322E-4
10,99532194246076,-0.19312254,0.15307426,0.105439186
4,99532198318836,-0.13289174,0.059388492,0.021837922
10,99532204268576,-0.09518221,0.2892189,0.0943284
4,99532207534253,-0.12516858,0.096939065,0.021038974
10,99532215398992,-0.028013527,0.31431627,0.089597225
4,99532220192117,-0.11371698,0.1307612,0.03355583
10,99532223915451,-0.06417012,0.26777506,0.09429979
4,99532227288784,-0.08655274,0.14780544,0.06178534
10,99532235187430,-0.11187196,0.24812984,0.14013433
4,99532240007222,-0.033023197,0.17736652,0.08548747
10,99532243764201,-0.09426731,0.23894405,0.3119502
4,99532247043055,0.009321064,0.19307919,0.1123854
10,99532254960867,-0.10224882,0.2949667,0.28594828
4,99532259801440,0.036485307,0.2000034,0.11957593
10,99532263590607,-0.09658185,0.4359765,0.34085083
4,99532266869878,0.039947417,0.18722023,0.10679276
10,99532274738576,-0.13640153,0.4512868,0.33252764
4,99532279566753,0.03355583,0.17656758,0.08868326
10,99532283294774,-0.068184465,0.36505175,0.2440424
2,99532288072222,-28.0,1.0,27.0
10,99532293070711,-0.054169834,0.31089783,0.42738295
4,99532297268836,0.018908445,0.175236,0.07456851
10,99532303154930,0.021583468,0.15287924,0.405972
4,99532306432482,0.004527374,0.17869811,0.075101145
10,99532314285555,0.15040272,0.05202341,0.44170666
4,99532319057534,0.024234766,0.1933455,0.062051654
10,99532322773940,0.29101506,-0.009198666,0.40704536
4,99532326179097,0.041279,0.19893813,0.058056913
10,99532334071284,0.3276343,0.009188652,0.3517518
4,99532338910919,0.077231675,0.21731395,0.054062173
10,99532343543732,0.3724645,0.12414312,0.20657969
4,99532346759044,0.08894958,0.2263687,0.054594804
10,99532353878680,0.43932635,0.26374102,0.1992774
4,99532357816753,0.09933591,0.23728766,0.053263225
10,99532362374097,0.4215002,0.41189766,0.1698327
4,99532365742274,0.10519487,0.23568976,0.055127434
10,99532373623472,0.4482374,0.5362978,0.1319766
4,99532378395242,0.11957593,0.23861924,0.07403588
10,99532383018367,0.40452933,0.62354565,0.16487217
4,99532387899722,0.123038046,0.23462449,0.08548747
10,99532392768992,0.38370517,0.7354579,0.2681737
4,99532396645972,0.1454086,0.24394555,0.14833808
10,99532402151857,0.3377552,0.6118355,0.38497496
4,99532405396180,0.14008227,0.25752768,0.18642128
10,99532413177222,0.20343906,0.39576387,0.40605736
4,99532418025347,0.072970614,0.29534456,0.32676986
10,99532422659565,-0.31993982,-0.49686098,0.75732994
4,99532425886388,0.052996907,0.31718248,0.36911413
10,99532432948367,-0.5739511,-0.9281707,1.0663552
4,99532437758472,0.06897587,0.37550572,0.46525425
10,99532442350867,-0.8163576,-1.3992643,1.1895432
4,99532445568263,0.07590009,0.3888215,0.4775048
10,99532452716336,-0.79231596,-1.671093,1.2825208
4,99532457504617,-0.0026631611,0.30013826,0.43516052
10,99532462124774,-0.5427277,-1.7042098,1.2837896
2,99532465378940,-34.0,1.0,28.0
10,99532472544826,-0.40612727,-1.6143808,1.5056329
4,99532477361701,0.21997711,-0.112119086,0.015446335
10,99532480982899,-0.6400117,-1.8524017,1.3076029
4,99532485891128,0.2247708,-0.22743396,-0.12330436
10,99532490902638,-0.61449355,-1.7588739,1.3892508
4,99532494984097,0.33609092,-0.3784352,-0.3603257
10,99532500918524,-0.5633929,-1.6189475,1.1840167
4,99532504228211,0.44794372,-0.4215784,-0.4609932
10,99532512061909,-0.47273093,-1.1006021,0.662807
4,99532516886857,0.5499428,-0.39254996,-0.4245079
10,99532521475242,0.24460633,0.6771021,-0.7968893
4,99532524719669,0.5635249,-0.3110572,-0.35153726
10,99532531834617,0.51569825,1.3697271,-1.1689739
4,99532536673367,0.44874266,-0.22237396,-0.34168357
10,99532540442742,0.9380957,1.9386029,-1.5202231
4,99532544585763,0.24208134,-0.12463594,-0.44714475
10,99532551624878,0.998517,1.4686055,-1.2312908
4,99532556444930,-0.076166406,-0.06711166,-0.5584649
10,99532561036024,0.29446286,0.7040787,-1.1192441
4,99532564331857,-0.12650016,0.021837922,-0.54807854
10,99532571401492,-0.20565425,0.20284891,-0.33940506
4,99532576178628,0.09321064,0.21837921,-0.3685815
10,99532580754096,-0.37546852,-0.17574072,0.006775856
4,99532585592221,0.32810146,0.4460795,-0.13582122
10,99532590490399,-0.6250696,-0.17043734,-0.15447807
4,99532594313628,0.42184472,0.57284594,0.035153728
10,99532599400086,-0.49534038,0.39161205,-0.13587713
4,99532604249201,0.4346279,0.603206,0.13741912
10,99532610997534,-0.5072994,1.0744534,-0.3305893
4,99532615869044,0.43995422,0.6114618,0.29294774
10,99532619559096,-0.86342305,1.342669,-0.11114836
4,99532622819878,0.46498793,0.5608617,0.5030711
10,99532630728732,-1.8989779,0.67177486,0.66468334
4,99532635617169,0.36938044,0.35313517,0.6295713
10,99532640205659,-3.0081158,0.8022566,1.8718948
2,99532643462951,-29.0,-4.0,29.0
10,99532650514878,-3.379971,0.2973404,2.4005685
4,99532655409565,-0.24607609,-0.41944787,-0.06924219
10,99532660002378,-3.0610607,0.14760351,1.4766436
4,99532663237638,-0.6263755,-0.5153217,-0.34141725
10,99532670265294,-2.4354944,0.06428623,1.445837
4,99532675144878,-0.68656296,-0.44581318,-0.30599722
10,99532679765190,-1.873551,-0.8266883,0.5582104
4,99532684704149,-0.5954828,-0.39574575,-0.21118867
10,99532689628888,-0.9848788,-0.69405127,-0.5307789
4,99532693456024,-0.36112466,-0.3800331,-0.27217507
10,99532695981544,-0.37674892,0.040965557,-1.0622911
4,99532703384774,-0.21678132,-0.39840892,-0.43089947
10,99532711366336,-0.79938984,0.484972,-1.1073222
4,99532716218524,-0.32969934,-0.4812332,-0.5323659
10,99532720826076,-0.86353993,0.5139775,-1.0818601
4,99532724107690,-0.44900897,-0.53263223,-0.55739963
10,99532730048523,-0.9292589,0.9487295,-1.0721178
4,99532734953940,-0.47244477,-0.49747851,-0.5685849
10,99532739559565,-0.7343787,0.42210674,-0.84322786
4,99532742774826,-0.5142564,-0.45034054,-0.57284594
10,99532749401961,-0.7155546,-0.041814804,-0.27085447
4,99532754312846,-0.48815745,-0.43223104,-0.5478122
10,99532758920711,-0.77256495,-0.070943356,0.17052555
4,99532762154305,-0.37550572,-0.39707732,-0.4993427
10,99532769167273,-0.6281706,0.3288827,0.14763737
4,99532773996388,-0.23009712,-0.33475935,-0.42876893
10,99532776081909,-0.4414156,0.7287049,-0.12051964
4,99532782876701,-0.1834918,-0.28788772,-0.38269624
10,99532789259201,-0.41731572,0.96115875,-0.18008947
4,99532793755034,-0.16484967,-0.1768339,-0.21917816
10,99532795876284,-0.35506153,0.9515958,-0.1393776
4,99532802281701,-0.19813919,-0.15978967,-0.16378441
10,99532808915190,-0.49598712,0.85869265,-0.32969332
4,99532813823211,-0.32650355,-0.14487597,-0.009054748
10,99532817470294,-0.46003658,0.76226854,-0.61900616
2,99532820697169,-28.0,-3.0,24.0
10,99532828690971,-0.3954574,0.87533045,-0.80335236
4,99532833554669,-0.4250405,-0.1206412,0.061519023
10,99532837204565,-0.14931512,1.0976048,-0.6587658
4,99532840454461,-0.41598576,-0.11851067,0.054594804
10,99532848468576,-0.095586896,0.9814577,-0.532918
4,99532853387169,-0.43382895,-0.13901702,0.03435478
10,99532857018992,0.0054801702,0.36033678,-0.028369904
4,99532860238419,-0.45087317,-0.15765914,0.033023197
10,99532868241544,-0.0762946,0.15656185,0.043064117
4,99532873158107,-0.45167214,-0.19920446,0.07643273
10,99532876805659,-0.14637816,-0.33986664,0.27881575
4,99532881612169,-0.4293016,-0.20799288,0.101200126
10,99532886706023,-0.168419,-0.33814955,0.24168348
4,99532890529669,-0.36245623,-0.21837921,0.12756541
10,99532896272169,-0.16115564,-0.18310976,0.09530401
4,99532901055398,-0.28975195,-0.22796659,0.10013486
10,99532907828784,-0.026678145,-0.032498837,0.106788635
4,99532912590451,-0.22210763,-0.25699505,0.007456851
10,99532916359721,-0.046733677,-0.06228876,0.37487364
4,99532919590711,-0.21624869,-0.2841593,-0.026631612
10,99532927594201,-0.07134014,-0.17281628,0.38831806
4,99532932374305,-0.25513083,-0.34408042,-0.100933805
10,99532935998003,-0.03843856,-0.36738586,0.503078
4,99532939263992,-0.2743056,-0.340352,-0.10705908
10,99532947354148,-0.059477866,-0.36437273,0.5216732
4,99532952153471,-0.29854035,-0.32330775,-0.07749799
10,99532955878263,0.0011333227,-0.19994593,0.44291496
4,99532959119669,-0.35286885,-0.2692456,-0.021571605
10,99532967151648,0.01394248,-0.053878784,0.37937593
4,99532972006388,-0.4261058,-0.22503711,0.029294772
10,99532975229148,0.25884533,0.37624025,0.6530614
4,99532975229148,-0.4511395,-0.216515,0.04580637
4,99532983647534,-0.47058058,-0.23222765,0.0628506
4,99532993059096,-0.46711847,-0.2561961,0.072171666
4,99532988647534,-0.46711847,-0.2561961,0.072171666
4,99532995011961,-0.4348942,-0.28229508,0.079095885
4,99533002026544,-0.396811,-0.29694247,0.08735169
4,99533003937273,-0.35659727,-0.31158987,0.09986854
10,99533011465763,0.27108133,-0.20476484,0.686522
4,99533013364200,-0.26418558,-0.31824777,0.12250541
10,99533020947430,0.24923933,-0.21166515,0.6681762
4,99533020947430,-0.20746025,-0.32384038,0.13582122
4,99533022968992,-0.15393071,-0.32597092,0.14780544
4,99533027968992,-0.11371698,-0.3289004,0.15792546
4,99533034217325,-0.087884314,-0.33742252,0.16085494
10,99533042174096,0.3422898,0.1596322,0.6863365
4,99533042174096,-0.07057377,-0.3422162,0.1555286
4,99533044143628,-0.05912218,-0.35420042,0.14434333
10,99533052597169,0.3223548,0.16454315,0.8289113
4,99533052597169,-0.05965481,-0.37097836,0.13156016
4,99533054538055,-0.066046394,-0.40080574,0.11824436
10,99533062463628,0.4119804,0.1432743,0.9104471
4,99533062463628,-0.07669904,-0.40559945,0.10333065
4,99533064430711,-0.087618,-0.40772998,0.092944324
10,99533072921753,0.42157614,0.14665699,0.98341274
4,99533072921753,-0.09187906,-0.39361522,0.09267801
4,99533074881648,-0.09054748,-0.3717773,0.10439592
10,99533082807534,0.16475475,-0.037368298,0.9325037
4,99533085201023,-0.11132014,-0.3368899,0.15393071
10,99533092543680,0.05416596,-0.12006998,0.9528885
4,99533092543680,-0.13342437,-0.31771514,0.18508969
4,99533094512430,-0.14301175,-0.29694247,0.2130529
10,99533102413003,0.10774565,-0.026774883,1.0284371
4,99533102413003,-0.13981596,-0.27537087,0.23568976
4,99533104381805,-0.12117383,-0.25086978,0.25193503
10,99533112958419,0.09279609,0.06471348,0.9645915
4,99533112958419,-0.09933591,-0.22423817,0.26418558
4,99533114927430,-0.07669904,-0.1984055,0.27377295
10,99533122881909,0.04679084,0.15142441,0.8375144
4,99533122881909,-0.060453758,-0.17896444,0.2790993
4,99533124853107,-0.047670584,-0.1667139,0.28016454
10,99533133285294,-0.0757426,0.18234158,0.57275295
4,99533135812117,-0.022903185,-0.16085494,0.26019084
10,99533141878471,-0.078069806,0.15517998,0.45378017
4,99533141878471,-0.010120012,-0.15686019,0.24341293
4,99533143915138,0.0,-0.14487597,0.22716765
10,99533152473003,0.04548168,-0.07698965,0.3741603
4,99533152473003,0.015180019,-0.12357068,0.21198763
4,99533154444200,0.034088463,-0.0958738,0.20186761
10,99533162343055,-0.15282524,-0.23296833,0.61894417
4,99533162343055,0.049002163,-0.08042747,0.19441076
4,99533164341492,0.06578008,-0.06791061,0.18748654
10,99533172905607,-0.35611397,-0.28821802,0.68146944
4,99533175615919,0.105727494,-0.06338324,0.16058862
2,99533182992794,-38.0,1.0,21.0
4,99533185933575,0.15100123,-0.036218993,0.12330436
10,99533193010242,-0.23433852,-0.21966362,0.52196074
4,99533193010242,0.16458336,-0.011451593,0.101999074
4,99533196376544,0.1736381,0.017576864,0.081226416
10,99533203021232,-0.2749306,-0.041529655,0.42078352
4,99533207808732,0.16591494,0.06498113,0.02876214
10,99533214204461,-0.3960606,-0.06606388,0.2437396
4,99533217446127,0.133957,0.06364955,0.014114754
10,99533222829252,-0.48164207,-0.1828103,-0.056490898
4,99533227614930,0.11424961,0.071106404,0.023702133
10,99533233942013,-0.27685618,-0.1276946,-0.13661242
4,99533237184617,0.15472966,0.108124346,0.052996907
10,99533242586180,-0.21948028,-0.15130043,-0.003988743
4,99533247393211,0.19361182,0.122771725,0.08948222
10,99533253713940,-0.33630037,-0.18473673,0.11307621
4,99533256955555,0.22024342,0.12144015,0.103863284
10,99533262363315,-0.28225595,-0.12135029,-0.11844683
4,99533267226700,0.21198763,0.13129385,0.1025317
10,99533273493055,-0.10463214,0.16866541,-0.15183783
4,99533276702950,0.19441076,0.17789917,0.08442221
10,99533282139930,-0.11482692,0.3436823,-0.18304825
4,99533286945763,0.18748654,0.19201392,0.082558
10,99533291886596,-0.19715858,0.3015561,-0.046200752
4,99533295287273,0.14966966,0.19973709,0.07403588
10,99533301910138,-0.2521367,0.2540884,0.07083988
4,99533306712325,0.13422333,0.18935075,0.05832323
10,99533313049669,-0.5368498,-0.05278349,0.29244328
4,99533316293419,0.12010857,0.16271915,0.05566007
10,99533321697221,-0.6357597,-0.076284885,0.33793783
4,99533326471284,0.12676647,0.13022858,0.06471482
10,99533332823263,-0.67575514,-0.0745945,0.36098385
4,99533336028784,0.14407702,0.09853696,0.07084008
10,99533341471805,-0.77465343,-0.054653168,0.45046806
4,99533346281232,0.13315806,0.051665325,0.06471482
10,99533352610763,-0.7889564,-0.046043873,0.46701956
2,99533355868784,-39.0,1.0,23.0
10,99533361253575,-0.8390569,-0.114197254,0.49847555
4,99533366158107,0.066046394,-0.040480047,0.016777916
10,99533372388367,-0.8051553,-0.15875912,0.5373988
4,99533375621440,0.036485307,-0.05752428,5.326322E-4
10,99533381007325,-0.75184417,-0.098997116,0.59953165
4,99533385852065,0.016511599,-0.076965354,0.004261058
10,99533390758523,-0.72642833,-0.085587025,0.54607105
4,99533394173054,5.326322E-4,-0.09054748,0.01304949
10,99533400795034,-0.6088473,-0.062161446,0.5626435
4,99533405693940,0.0018642128,-0.113983296,0.01784318
10,99533411946544,-0.64306355,0.028057575,0.5360322
4,99533415169148,0.0058589545,-0.13422333,0.017310547
10,99533420571909,-0.70943975,0.14434147,0.43270302
4,99533425538263,0.01784318,-0.15819177,0.020506341
10,99533431707429,-0.7319541,0.16238737,0.3055992
4,99533434950815,0.025832662,-0.17310548,0.03914847
10,99533440347377,-0.661185,0.08140516,0.26386976
4,99533445209461,0.04926848,-0.17124127,0.06791061
10,99533451493679,-0.5743133,0.13704586,0.28195953
4,99533454738992,0.10972224,-0.16405073,0.08655274
10,99533460126179,-0.54776615,0.21365881,0.25379086
4,99533465048159,0.11824436,-0.14407702,0.0974717
10,99533471351804,-0.55312014,0.36101437,0.06632471
4,99533474645763,0.122771725,-0.12170646,0.108124346
10,99533479905138,-0.48366332,0.48165417,-0.03299284
4,99533484760242,0.16911073,-0.087085366,0.10439592
10,99533489665294,-0.26671237,0.3879366,-0.04992771
4,99533493050763,0.15339808,-0.06498113,0.08655274
10,99533499672586,-0.37547916,0.5239482,-0.23691845
4,99533504512065,0.13821806,-0.051665325,0.063116916
10,99533510813732,-0.27002078,0.60238504,-0.29463243
4,99533514093002,0.076166406,-0.029028457,0.048203215
10,99533519450398,-0.2548787,0.54717493,-0.36660385
4,99533524419773,-0.0010652645,-0.0029294773,0.05672533
10,99533530601179,-0.21560216,0.4399929,-0.3786559
2,99533533922221,-36.0,5.0,25.0
10,99533539309721,-0.14882523,0.22024202,-0.27647018
4,99533544201961,-0.025832662,0.038615838,0.112918034
10,99533550433159,-0.14576882,0.011358738,-0.120746136
4,99533553638732,0.017310547,0.050866377,0.11451593
10,99533556547690,-0.23674852,-0.03652525,0.07079029
4,99533564404148,0.06977482,0.04527374,0.10359697
10,99533571962482,-0.21422464,-0.06945801,0.0014586449
4,99533575223263,0.08974853,0.046072688,0.087618
10,99533580057013,-0.077803075,-0.02521658,-0.074884415
4,99533584955554,0.070307456,0.050333746,0.08042747
10,99533589884513,-0.060280204,0.03803444,-0.0677824
4,99533592988471,0.017576864,0.031158986,0.088150635
10,99533595849617,-0.247028,-0.050550938,-0.046234608
4,99533603958836,-0.056459017,-0.008522116,0.0793622
10,99533611513002,-0.20011121,-0.15172195,0.04205942
4,99533614781075,-0.07456851,-0.025566347,0.04873585
10,99533619517013,-0.22036535,-0.32273817,0.10274553
4,99533623461284,-0.070307456,-0.033822145,0.019441076
10,99533629473367,-0.2814607,-0.44656086,0.1942668
4,99533632713836,-0.062051654,-0.038083203,-0.007190535
10,99533635666544,-0.21442306,-0.39628267,0.35946655
4,99533643513731,-0.04314321,-0.032756884,-0.029827405
10,99533651071284,-0.23649973,-0.28890657,0.36944246
4,99533654390450,-0.03568636,-0.050600063,-0.03435478
10,99533657242065,-0.23649973,-0.28890657,0.36944246
4,99533663002950,-0.027963191,-0.06897587,-0.02956109
10,99533670561909,-0.2539034,-0.17067575,0.25945473
4,99533673822638,-0.0026631611,-0.079095885,-0.040213734
10,99533676682846,-0.28981638,0.08310938,0.3217039
4,99533683515138,0.019441076,-0.09640643,-0.057257965
10,99533689853106,-0.28766906,0.3140626,0.18453026
4,99533692960606,-0.022903185,-0.09374327,-0.061519023
10,99533695772481,-0.27809227,0.45053196,0.12706947
4,99533702886440,-0.06657903,-0.08628642,-0.057257965
10,99533709128679,-0.2885046,0.46384668,0.15864944
2,99533712390711,-37.0,7.0,23.0
10,99533716755659,-0.28671438,0.3670597,0.23753452
4,99533721528159,-0.22903186,-0.06098639,-0.0061252704
10,99533728567221,-0.26552743,0.09430647,0.3027115
4,99533731809044,-0.180296,-0.030626353,0.027963191
10,99533736780815,-0.32963526,-0.16263723,0.33295536
4,99533741600763,-0.13901702,-0.025033714,0.03488741
10,99533748336648,-0.3380853,-0.21195412,0.26165485
4,99533751556909,0.014647386,-0.0029294773,0.025300032
10,99533756637429,-0.32612824,-0.10322571,0.2741456
4,99533761433054,0.04926848,0.006924219,0.018642128
10,99533768161856,-0.32605767,-0.065926075,0.24165297
4,99533771360711,0.0628506,0.021571605,0.0061252704
10,99533776553002,-0.387474,0.102360725,0.4071312
4,99533781341388,0.023435818,0.021571605,-0.0077231675
10,99533786456127,-0.36117452,0.15404367,0.4345851
4,99533789710346,-0.042876896,0.023169503,-0.016511599
10,99533796147325,-0.33348095,0.1765151,0.36105967
4,99533800986440,-0.10679276,0.033023197,-0.016777916
10,99533807666336,-0.36021286,0.17492676,0.359066
4,99533810883888,-0.12037488,0.023702133,-0.015446335
10,99533816091492,-0.4413699,0.1520176,0.26139927
4,99533820929408,-0.076965354,-0.0053263223,-0.02956109
10,99533827448575,-0.3225037,0.11251736,0.29375792
4,99533830686908,0.02130529,-0.023169503,-0.060453758
10,99533835706127,-0.27900702,0.049720764,0.38247013
4,99533840540502,0.08229168,-0.008788432,-0.07749799
10,99533847226023,-0.3082409,0.1148262,0.4819994
4,99533850450242,0.08149273,-0.0031957934,-0.059388492
10,99533855454773,-0.46408296,0.20477629,0.55094147
4,99533860327742,0.04527374,-0.002396845,-0.033023197
10,99533867023158,-0.36526936,0.2847128,0.5354972
4,99533870258575,0.0039947415,0.013582122,-0.0031957934
10,99533875458679,-0.3122288,0.34164143,0.41765022
4,99533880224304,-0.023435818,0.03222425,0.033289514
10,99533885341544,-0.3411641,0.33165216,0.47401047
2,99533888617846,-36.0,8.0,22.0
10,99533895159669,-0.31070578,0.2848277,0.39983988
4,99533899953940,-0.011984225,0.03009372,0.07137272
10,99533906562429,-0.20379436,0.28299665,0.36831093
4,99533909813471,0.011451593,0.048203215,0.08362326
10,99533914918315,-0.23860079,0.20829153,0.36181593
4,99533919772638,0.03089267,0.05486112,0.114782244
10,99533926341544,-0.39117622,0.061055183,0.43300772
4,99533929597481,0.044208474,0.042077947,0.13422333
10,99533934779721,-0.3657717,-0.05040455,0.39862537
4,99533939543471,0.05352954,0.03435478,0.13369069
10,99533946115658,-0.2890091,0.017414093,0.23011112
4,99533949333679,0.06098639,0.040746365,0.124902256
10,99533954466961,-0.3767444,-0.01606512,0.29302263
4,99533959292586,0.05566007,0.014913702,0.11025487
10,99533965896336,-0.48214555,-0.08132744,0.523046
4,99533969140242,0.046871636,-0.040480047,0.07057377
10,99533974294356,-0.36211628,-0.10308695,0.5006485
4,99533979070138,0.04181163,-0.07163903,0.01571265
10,99533984252377,-0.21883142,-0.06285524,0.49105835
4,99533987489304,0.03435478,-0.0727043,-7.9894834E-4
10,99533993936075,-0.25946093,-0.12950945,0.38201618
4,99533998737794,0.018109497,-0.0727043,0.0063915867
10,99534005461388,-0.24011546,-0.09478092,0.40544653
4,99534008702846,0.01438107,-0.076965354,0.0013315806
10,99534013838679,-0.1264106,-0.064174175,0.34114408
4,99534018604304,0.028495824,-0.06844324,-0.011185277
10,99534025243315,-0.05461967,-0.026821613,0.19519377
4,99534028491804,0.042077947,-0.06098639,-0.018375812
10,99534032975554,-0.03580916,0.10725498,0.11253643
4,99534038725867,0.04474111,-0.049002163,-0.014114754
10,99534045036648,-0.0402987,0.21698332,0.024610996
4,99534048255554,0.028495824,-0.040746365,-0.0055926386
10,99534053454148,-0.11468321,0.3035121,-0.05327797
4,99534058292794,0.014647386,-0.033289514,0.004527374
10,99534064786804,-0.2062158,0.3049898,-0.010653019
2,99534068014304,-35.0,11.0,22.0
10,99534073010815,-0.17249107,0.2917781,0.06986284
4,99534078751335,0.049801115,-0.014913702,0.006924219
10,99534083992950,-0.14093733,0.31512976,0.045707226
4,99534087096335,0.05486112,-0.0015978967,0.017576864
10,99534093016544,-0.18654287,0.33501816,0.084890366
4,99534097876596,0.051132694,0.010386328,0.029294772
10,99534104348002,-0.2823801,0.41700554,0.14273882
4,99534107601388,0.051665325,0.01917476,0.04314321
10,99534112722065,-0.33060974,0.28648996,0.17690086
4,99534117554721,0.042077947,0.026365295,0.05006743
10,99534124127065,-0.4340728,0.20968199,0.1542902
4,99534127346492,0.041012682,0.028495824,0.046871636
10,99534132495346,-0.42971176,0.26414204,0.28929186
4,99534137288888,0.050866377,0.025566347,0.044208474
10,99534143898210,-0.4043554,0.26809597,0.17038202
4,99534147143679,0.040480047,0.015180019,0.042876896
10,99534152274825,-0.37053692,0.3867035,0.18544722
4,99534157094929,0.033822145,0.008788432,0.04234426
10,99534163678523,-0.33791965,0.3194952,0.25426292
4,99534166926335,0.0039947415,-0.00958738,0.03834952
10,99534171768523,-0.33744842,0.18224478,0.3153596
4,99534176763158,-0.0055926386,-0.010652645,0.03888215
10,99534182046700,-0.40833092,0.08527851,0.3232255
4,99534185262117,-0.028229509,-0.01571265,0.0479369
10,99534191711960,-0.44508606,0.061663628,0.27501917
4,99534196967898,-0.03435478,-0.016245283,0.058589544
10,99534203287169,-0.34834146,0.109530926,0.31036282
4,99534206516596,-0.004527374,-0.0061252704,0.06391586
10,99534211640971,-0.20598173,0.10579109,0.31328487
4,99534216421231,-0.006924219,-0.0077231675,0.06844324
10,99534223013315,-0.16888428,0.033657074,0.29804182
4,99534226256231,-0.036485307,-0.014647386,0.07163903
10,99534231385710,-0.19653034,-0.09129858,0.33047104
4,99534235491492,-0.05352954,-0.015978966,0.06924219
10,99534242800294,-0.22166038,-0.15029383,0.33543062
2,99534246062169,-34.0,13.0,22.0
10,99534250870710,-0.15375847,-0.29782677,0.23993683
4,99534255806544,-0.03355583,-5.326322E-4,0.05672533
10,99534262572846,-0.05642885,-0.30572414,0.25563765
4,99534265829981,0.0039947415,0.010120012,0.03701794
10,99534270955033,0.063433886,-0.31821632,0.18321371
4,99534275879096,0.026365295,0.011984225,0.013582122
10,99534280977012,0.08845127,-0.3063979,0.21197414
4,99534284182690,0.038615838,0.01784318,-0.017044231
10,99534290598940,0.07605952,-0.23854208,0.26829386
4,99534295452169,0.04447479,0.02876214,-0.04447479
10,99534302126700,0.055490553,-0.254364,0.14530182
4,99534305364877,0.037550572,0.0644485,-0.060453758
10,99534310487794,0.19536239,-0.25063467,0.058597565
4,99534315415294,0.027164243,0.10333065,-0.070041135
10,99534321906804,0.39774245,-0.19464588,0.11272621
4,99534325144200,0.03488741,0.13635385,-0.09321064
10,99534330259044,0.48785132,-0.17579174,0.21112585
4,99534335103887,0.061252706,0.16245283,-0.12783173
10,99534341723992,0.4226014,-0.25692177,0.22872686
4,99534344960450,0.08894958,0.18642128,-0.1571265
10,99534350073731,0.37482554,-0.34290934,0.28455687
4,99534354923419,0.11664646,0.22556975,-0.17230652
10,99534361450450,0.36713278,-0.30812168,0.3844576
4,99534364688575,0.1571265,0.27643612,-0.18002969
10,99534369806908,0.36064494,-0.25633383,0.54886913
4,99534374757012,0.18162759,0.31664985,-0.19201392
10,99534379861492,0.3597924,-0.25909662,0.49833202
4,99534383027221,0.21038973,0.35286885,-0.221575
10,99534389476283,0.45508057,-0.20937109,0.38550854
4,99534394379460,0.23728766,0.39228365,-0.24181503
10,99534400993210,0.44472378,-0.17568874,0.38343048
4,99534404281283,0.24980451,0.41438788,-0.25220135
10,99534409468523,0.41262186,-0.21254301,0.37326908
4,99534414313054,0.2790993,0.41385525,-0.2761698
10,99534420776231,0.5247072,-0.34746885,0.49779272
2,99534424115085,-33.0,11.0,22.0
10,99534428918523,0.4072643,-0.59627676,0.54932404
4,99534433764929,0.34194988,0.41625208,-0.31611723
10,99534440545815,0.22878677,-0.8535967,0.58287764
4,99534443790398,0.3587278,0.43063316,-0.32117724
10,99534446693835,0.17132586,-0.7913475,0.695405
4,99534454414460,0.42077947,0.4149205,-0.35633096
10,99534461979356,0.09680933,-0.70957327,0.58011675
4,99534465233262,0.53289855,0.36591834,-0.39760995
10,99534469760658,0.09401828,-0.7462468,0.5474868
4,99534474687481,0.5928197,0.28682247,-0.4101268
10,99534479787481,-0.19555694,-0.83433867,-0.095555305
4,99534482895658,0.6854977,0.14221281,-0.32943302
10,99534486712846,-0.5714466,-0.81997347,0.32582426
4,99534493973158,0.933438,-0.0061252704,-0.21731395
10,99534501600398,-0.2715224,-0.79447746,0.826283
4,99534504863835,1.2034825,-0.010120012,-0.12916331
10,99534509254669,-0.29051,-0.89879227,0.7406163
4,99534514156231,1.25861,0.071106404,-0.1025317
10,99534520420502,-0.076583624,0.7781677,0.7203951
4,99534523667898,1.2162657,0.10333065,-0.08495484
10,99534526587377,-0.5865486,1.7861266,0.82095146
4,99534533678471,1.0652645,0.109988555,-0.03222425
10,99534541325450,-0.36021,1.80972,0.088742256
4,99534544577429,0.8018778,0.2644519,0.044208474
10,99534549041439,-0.33970338,1.7099757,0.012317181
4,99534553931179,0.55979645,0.50999534,0.19121496
10,99534560262794,-0.41228086,2.0949228,0.23193789
4,99534563501179,0.44208476,0.6668556,0.46711847
10,99534566431439,-1.3436253,1.5753813,0.21996641
4,99534573499460,0.2724414,0.7286409,0.7576693
10,99534579882064,-1.5702028,0.9029913,0.09627247
4,99534584159356,0.1717739,0.7534083,0.9126653
10,99534586261804,-1.926939,1.1902957,0.22077084
4,99534592858471,0.1834918,0.7462177,0.92757905
10,99534598923471,-2.5634556,2.0764918,-0.15840244
2,99534602164877,-30.0,5.0,25.0
10,99534607076804,-3.1851356,1.4944501,1.1365623
4,99534611890762,0.27510455,0.27883297,0.2615224
10,99534618415450,-3.8089898,-0.32462072,0.622859
4,99534621648367,-0.4676511,-0.23009712,-0.47324374
10,99534627000814,-4.040208,-0.534184,1.0934296
4,99534631821648,-0.45912898,-0.32969934,-0.5486112
10,99534638188314,-3.1281755,-1.3446112,0.6606674
4,99534641419825,-0.18535602,-0.4293016,-0.55100805
10,99534646779669,-2.322916,-1.3413501,-0.3367834
4,99534651676127,0.15659387,-0.4673848,-0.47058058
10,99534657971231,-2.235165,-0.7804618,-0.6425781
4,99534661180606,0.45034054,-0.55766594,-0.3616573
10,99534666556856,-2.148561,1.1070127,-1.1408334
4,99534671342377,0.4045342,-0.7139935,-0.27483824
10,99534676254877,-2.3729696,1.6353045,-1.3810945
4,99534679711544,0.072970614,-0.83729786,-0.13502227
10,99534686376908,-2.080801,3.1656291,-1.7608285
4,99534691161856,-0.15606125,-0.8594021,-0.04527374
10,99534697454044,-1.2890613,3.2197464,-2.1797514
4,99534700705085,-0.40959418,-0.808802,-0.025566347
10,99534706135658,-1.1994314,1.9310188,-1.9508209
4,99534710428471,-0.5901565,-0.8117315,0.07190535
10,99534717225814,-0.8624644,1.1277685,-1.7853785
4,99534720482481,-0.48016796,-0.8018778,0.17976338
10,99534725889304,0.17018151,0.59571314,-1.9575334
4,99534730701491,-0.2759035,-0.6601977,0.2862898
10,99534737068054,1.092678,0.24629116,-1.5902133
4,99534740313835,-0.12996227,-0.32597092,0.44874266
10,99534745667064,1.433665,-0.49502754,-0.8082061
4,99534750502898,-0.2657835,0.0039947415,0.6354303
10,99534756820346,0.86288303,-0.6098819,-0.4592862
4,99534760066439,-0.39787626,0.22690132,0.7520767
10,99534764026960,1.3478074,-0.19012403,-0.48439264
4,99534764026960,-0.3749731,0.35473305,0.7717841
4,99534770139460,-0.32943302,0.5028048,0.7946873
10,99534775213471,2.049604,-0.7894621,-1.2441435
2,99534778613523,-27.0,16.0,24.0
10,99534785191127,1.7079937,-0.8835101,-1.6494317
4,99534790006752,-0.23702134,0.9126653,0.96805906
10,99534796331648,1.345617,-1.1045532,0.553947
4,99534801393419,-0.34248254,0.6098639,0.70627034
10,99534804783991,0.3900032,-3.7177372,2.3401885
4,99534810193731,-0.90148,0.0644485,0.22077605
10,99534816231127,0.3969139,-3.798668,2.984579
4,99534819467637,-1.091896,-0.32384038,-0.16964336
10,99534824855398,0.2916845,-4.0702915,4.151247
4,99534829690085,-0.68336713,-0.44900897,-0.26631612
10,99534835927221,0.33683246,-4.6912723,3.5743427
4,99534839146752,-0.0892159,-0.45673212,-0.23622239
10,99534844631127,1.0365553,-3.6342683,2.1729026
4,99534849371127,0.46019423,-0.41758367,-0.21678132
10,99534854567950,1.2484492,-1.1705699,0.5249367
4,99534857672481,0.629305,-0.40506682,-0.22397186
10,99534864089148,0.9317041,0.94364166,-0.95542574
4,99534869841283,0.35340148,-0.44101948,-0.28495824
10,99534874777950,0.6286622,2.165689,-1.4152522
4,99534878181283,-0.08548747,-0.45486793,-0.43915528
10,99534883645241,0.23360443,1.82058,-0.8965354
4,99534888406491,-0.46472162,-0.49028796,-0.62717444
10,99534895282950,-0.111498415,0.3087206,-0.3855219
4,99534898523158,-0.5142564,-0.45140582,-0.72011876
10,99534903899668,-0.14770263,-0.7422023,0.55987024
4,99534908735710,-0.19307919,-0.34408042,-0.6828345
10,99534915050189,-0.29409927,-1.1377921,0.7769561
4,99534918255293,0.18722023,-0.20932446,-0.6037386
10,99534923663835,-0.44457924,-0.97187996,0.32056284
4,99534928427168,0.34514567,-0.091080114,-0.5001417
10,99534934795033,-0.4748665,-0.18468761,-0.092956066
4,99534938027950,0.3270362,0.0058589545,-0.41944787
10,99534943495502,-0.22204292,0.6682911,-0.5371518
4,99534948314252,0.16831179,0.08868326,-0.37337518
10,99534954562950,-0.04536915,1.0972991,-0.96027565
2,99534957811335,-25.0,18.0,20.0
10,99534963230971,0.041951656,1.1336279,-1.0378523
4,99534968015606,-0.22796659,0.23622239,-0.3406183
10,99534972929877,0.1084944,1.0297155,-1.2018771
4,99534976374721,-0.27670243,0.28495824,-0.3387541
10,99534983007898,0.1367178,0.8171768,-1.1994972
4,99534987790085,-0.2974751,0.45486793,-0.33609092
10,99534994175398,0.25207067,0.42203522,-0.9072628
4,99534997413679,-0.22716765,0.5656554,-0.3472762
10,99535002785450,0.27034187,0.09029722,-0.60500526
4,99535007612585,-0.12330436,0.6175871,-0.37390783
10,99535013914096,-0.04181838,-0.15265036,-0.59849024
4,99535017147116,-0.047670584,0.6199839,-0.37284255
10,99535022568054,-0.26111734,-0.23917961,-0.45745373
4,99535027402533,0.036751624,0.63223445,-0.3502057
10,99535032982273,-0.14064312,0.023536205,-0.15075731
4,99535036190241,0.09081379,0.6508766,-0.33529198
10,99535042110658,-0.122853875,0.5399895,0.027191639
4,99535047005346,0.14727281,0.67484504,-0.3043993
10,99535052173523,-0.20053673,1.0599985,0.16513014
4,99535055482793,0.09374327,0.65487134,-0.28708878
10,99535060987325,-0.17899036,1.1876516,0.15024328
4,99535066810554,-0.031158986,0.58962387,-0.29987195
10,99535071846283,-0.094046354,1.0068908,0.48555756
4,99535075253366,-0.14434333,0.53795856,-0.31292143
10,99535081972325,-0.092835665,0.8199568,0.6621742
4,99535087599616,-0.16245283,0.49401638,-0.28149614
10,99535092780606,-0.4519632,0.13509846,1.1329975
4,99535095997741,-0.109988555,0.45699844,-0.23568976
10,99535102116387,-0.63688195,-0.009872913,1.0916853
4,99535106878262,-0.05352954,0.40586576,-0.20213392
10,99535111678679,-0.65346277,-0.11825514,1.0709472
4,99535116302064,0.031158986,0.34967306,-0.18295917
10,99535120361439,-0.5190228,-0.18640709,1.0479426
4,99535126797793,0.105993815,0.3323625,-0.15153387
10,99535131684877,-0.13904113,-0.16134024,1.21521
2,99535135546023,-31.0,7.0,19.0
10,99535140757168,-0.11500615,-0.1774149,1.4299197
4,99535145656856,0.1387507,0.5270396,0.04234426
10,99535151374200,-0.48831427,-0.11083412,1.316186
4,99535155296960,0.031158986,0.6649913,0.20586236
10,99535160948366,-0.5086878,-0.1717062,1.154212
4,99535165719252,-0.0644485,0.77391464,0.406931
10,99535170742845,-0.61907035,-0.3275299,1.4024754
4,99535174704252,-0.018642128,0.784301,0.6580671
10,99535179757064,-0.777721,-0.4185958,1.0876102
4,99535186492689,0.11984225,0.68842715,0.88843054
10,99535191396231,-0.8851141,0.009592056,0.15027761
4,99535195486283,0.20213392,0.48336375,0.85327685
10,99535200051127,-1.0012777,1.0689244,1.4404597
4,99535204940970,-0.030626353,0.10173275,0.39867523
10,99535212143523,-1.6460719,0.43177032,0.87540007
4,99535215392689,-0.76272935,-0.27324033,-0.17630127
10,99535219061908,-2.0453775,-0.076122284,1.1341395
4,99535225549564,-1.0942929,-0.4679174,-0.40187103
10,99535230475398,-2.0301156,-1.0035863,1.6828909
4,99535233610085,-0.8498147,-0.49881008,-0.4048005
10,99535239024720,-1.1799133,-2.0622663,1.027247
4,99535245676804,-0.3107909,-0.4415521,-0.4079963
11,99535250330554,-0.293735,0.176554,-0.517776,0.783871,3.0
4,99535253784043,0.24501082,-0.3850931,-0.3997405
10,99535258560554,-0.5338941,0.27246904,-0.70055056
4,99535266412689,0.5637912,-0.41172472,-0.3752394
10,99535271390606,-0.5141136,2.010552,-1.4134817
4,99535274520085,0.38722363,-0.47271112,-0.39095205
10,99535279163783,-0.4948612,2.4210002,-1.8261514
4,99535285559148,-0.11744541,-0.55127436,-0.44075316
10,99535290527950,-0.68951637,2.4931753,-1.3878937
4,99535294546179,-0.42264366,-0.6295713,-0.45007423
10,99535297985554,-0.84625095,1.6677532,-0.87381935
4,99535304783939,-0.551807,-0.62344605,-0.39361522
10,99535310888210,-0.7186907,0.64610386,-0.10205984
2,99535314953418,-30.0,5.0,20.0
10,99535318541023,-0.7972984,-0.037720203,0.44793892
4,99535324793418,-0.3086604,-0.4149205,-0.1272991
10,99535329859616,-1.085257,-0.088819504,0.38911152
4,99535333080345,-0.12809806,-0.35633096,0.034621093
10,99535337509825,-0.8290775,0.31819487,0.14969158
4,99535344260970,0.046871636,-0.3121225,0.16538231
10,99535352638418,-0.28248304,0.7856455,-0.4139371
4,99535355601804,0.09933591,-0.24820662,0.25965822
10,99535359576387,-0.30286974,0.77176285,-0.42379093
4,99535365485189,0.012516857,-0.17710021,0.34940675
10,99535370362429,0.30407035,1.5095148,-0.8239832
4,99535374150189,-0.15579493,-0.13688648,0.45193845
10,99535376099981,0.12449819,1.1240711,-0.9580469
4,99535383107272,-0.33768883,-0.16618125,0.5430186
10,99535391194616,-0.088099,0.5409155,-0.8035555
4,99535394728939,-0.35446674,-0.19520971,0.59202075
10,99535398862950,0.082446635,0.08209419,-0.5601392
4,99535403741700,-0.22503711,-0.16165388,0.6154565
10,99535409852793,0.24523443,-0.019461155,-0.37690115
4,99535413095137,-0.087884314,-0.12969595,0.63250077
10,99535416050710,0.118341744,0.021240234,-0.15424013
4,99535423032585,-0.040213734,-0.15393071,0.6423545
10,99535430711595,0.043641567,-0.0667882,0.08601093
4,99535434086387,-0.08974853,-0.19414444,0.63196814
10,99535436919043,-0.11198151,-0.47619677,0.18177891
4,99535442750137,-0.20719394,-0.24367924,0.6127934
10,99535449191335,-0.41734514,-0.84259987,0.21834707
4,99535452411127,-0.2263687,-0.31984565,0.5685849
10,99535456350814,-0.45513433,-1.0735731,0.16214323
4,99535463083939,-0.16058862,-0.3518036,0.46392268
10,99535469669877,0.003467232,-1.0472059,0.10587835
4,99535474081595,-0.025300032,-0.33262882,0.33822146
10,99535476199772,-0.06835884,-1.0903015,0.33093357
10,99535487521022,-0.1144906,-1.1463051,0.75100374
2,99535490703314,-37.0,10.0,21.0
10,99535496492168,0.017804682,-1.173842,0.68654585
4,99535501365554,0.087618,-0.4892227,0.04527374
10,99535508018262,0.55475044,-1.0036116,0.68954754
4,99535511107897,0.057257965,-0.46179214,-0.046871636
10,99535516523366,0.58310115,-0.7305169,0.73878145
4,99535521063054,0.06657903,-0.39814258,-0.06498113
10,99535527739512,0.5396909,-0.49465704,0.6983113
4,99535530827950,0.06524745,-0.32330775,-0.029028457
10,99535536304356,0.54357487,-0.3867488,0.6134424
4,99535541007950,0.017576864,-0.23835292,0.016511599
10,99535547152741,0.6628892,-0.111896515,0.5606837
4,99535550372220,-0.026631612,-0.15472966,0.047137953
10,99535556088731,0.49782652,-0.027666569,0.59136534
4,99535562124772,-0.0743022,-0.080960095,0.070307456
4,99535567084772,-0.101200126,-0.04926848,0.07190535
4,99535570047064,-0.11558119,-0.017576864,0.064182185
10,99535574922585,0.40377074,0.16694021,0.22787142
4,99535574922585,-0.11957593,0.010918961,0.04926848
4,99535580285710,-0.105993815,0.02743056,0.02876214
10,99535586242845,0.2830519,0.27333593,0.09400749
4,99535589476022,-0.053263225,0.02396845,-0.002396845
10,99535594520085,0.2185545,0.0666976,-0.07242823
4,99535594520085,-0.043942157,0.013848438,-0.007190535
4,99535600094043,-0.03355583,0.008788432,-0.010386328
10,99535606018939,0.34042794,-0.12983322,0.07339764
4,99535609289824,0.013582122,-0.008522116,-0.012250541
10,99535614275449,0.2844805,-0.13647652,0.37611246
4,99535620157168,0.08841695,-0.03781689,-0.015180019
10,99535626939408,0.13691592,-0.056029797,0.51528454
4,99535630035345,0.11424961,-0.06657903,-0.013582122
10,99535635233783,0.16624945,0.005036354,0.35074902
4,99535639833991,0.08016115,-0.06870956,-0.01304949
10,99535646954668,0.33938277,0.11055231,0.24512386
4,99535650293106,0.027164243,-0.05219796,0.0039947415
10,99535654103314,0.5339111,0.15767479,0.1740818
4,99535660070397,-0.014647386,-0.03701794,0.03781689
10,99535666093366,0.46444607,0.05546713,0.22098732
2,99535669210345,-35.0,16.0,19.0
11,99535674743887,-0.331379,0.131262,-0.445077,0.8215,3.0
4,99535679160762,-0.04926848,-0.013848438,0.06364955
10,99535685211856,0.39160913,-0.30874205,-0.23013687
4,99535690461804,0.0031957934,0.05752428,0.094808534
10,99535694382845,0.40605032,-0.2176714,-0.12550068
4,99535699402793,0.05965481,0.09827065,0.13156016
10,99535705501752,0.44542408,-0.18608761,-0.16906357
4,99535709471022,0.054062173,0.11132014,0.13209279
10,99535714388002,0.5981665,-0.04077339,-0.25926018
4,99535719177481,0.017044231,0.11771172,0.10333065
10,99535726083470,0.55836505,0.06315899,-0.22570515
4,99535730072377,-0.011451593,0.15259913,0.10705908
10,99535734419981,0.4065256,-0.10540819,-0.17314959
4,99535739238887,-0.052464273,0.18881813,0.16538231
10,99535745863314,0.10068518,-0.49860382,-0.17666388
4,99535749078366,-0.087884314,0.2444782,0.21784659
10,99535753781439,0.11588776,-0.72969484,-0.10293627
4,99535759909356,-0.043409526,0.32277513,0.25326663
10,99535764967377,0.103009105,-0.6611872,-0.017285347
4,99535768035397,0.022104237,0.38695732,0.28682247
10,99535773032637,0.05490017,-0.39775562,0.033590794
4,99535779360137,0.06764429,0.4032026,0.27031085
10,99535784598366,0.19646078,-0.12211895,-0.15883207
4,99535787964668,0.056991648,0.39148468,0.18535602
10,99535793042949,0.30563468,-0.026351929,-0.40589142
4,99535799282793,0.015446335,0.37151098,0.086020105
10,99535804255554,0.017068386,-0.022321701,-0.25350142
4,99535807663887,-0.0015978967,0.29481193,0.022903185
10,99535813048106,-0.38013214,-0.24835634,-0.14892054
4,99535817876699,-0.008788432,0.21012342,-0.040213734
10,99535825053470,-0.31652313,-0.42536354,-0.12872314
4,99535828265710,0.02396845,0.16911073,-0.12037488
10,99535832948001,-0.35694343,-0.43962336,0.04543352
4,99535837723054,0.08229168,0.13448964,-0.17097494
10,99535844943054,-0.5361971,-0.4375515,0.21520615
2,99535848174981,-38.0,15.0,20.0
10,99535852747741,-0.4527673,-0.38665438,0.2906351
4,99535858783522,0.042077947,0.05885586,-0.20373182
10,99535863881491,-0.3119104,-0.27232838,0.3698306
4,99535866962272,0.041545313,0.048203215,-0.23196134
10,99535871658106,-0.28883404,-0.13688707,0.43447018
4,99535878359929,0.050600063,0.03834952,-0.24021713
10,99535883529251,-0.27478492,0.054533005,0.35187292
4,99535886895814,0.030360037,0.020772656,-0.23329292
11,99535895566491,-0.326318,0.146303,-0.445882,0.820548,3.0
4,99535895566491,0.016245283,0.010918961,-0.23222765
4,99535899689147,0.005060006,-0.004527374,-0.23036344
10,99535904436439,-0.24285027,0.24786139,0.26301384
4,99535907550345,-0.019707393,-0.041279,-0.21571605
10,99535910929876,-0.3709326,0.22239304,0.4471202
4,99535916514199,-0.02743056,-0.07084008,-0.2000034
10,99535922514720,-0.35426778,0.22165346,0.50276184
4,99535922514720,-0.02743056,-0.07084008,-0.2000034
4,99535925681231,-0.023169503,-0.087884314,-0.19121496
10,99535930723991,-0.3680184,0.24666357,0.47425938
4,99535937449095,-0.009054748,-0.10839066,-0.175236
10,99535942584512,-0.24586174,0.2776084,0.53092194
4,99535945961491,-0.0010652645,-0.11930962,-0.1470065
10,99535950776491,-0.21626768,0.29333162,0.5317383
4,99535957845658,0.0077231675,-0.114782244,-0.1272991
10,99535962919460,-0.22563407,0.18002462,0.63083744
4,99535966029460,-0.0127831735,-0.10892329,-0.12463594
10,99535971822637,-0.2889109,0.11662483,0.62874126
4,99535976616231,-0.023435818,-0.09667275,-0.12197278
10,99535983209720,-0.28399128,0.09509897,0.5557914
4,99535986458783,-0.002130529,-0.06791061,-0.09880328
10,99535991617897,-0.1325947,-0.1465435,0.2959957
4,99535996394356,0.021837922,-0.04873585,-0.06737798
10,99536002988366,-0.114981174,-0.2289586,0.22405863
4,99536006221595,0.041545313,-0.032756884,-0.05539375
10,99536011015970,-0.10060191,0.0076408386,0.19586658
4,99536016017949,0.0396811,-0.019973708,-0.06764429
10,99536022778731,-0.11717194,0.13156223,0.16514301
2,99536026041335,-38.0,8.0,22.0
10,99536030600918,-0.22128215,0.11414099,0.07891607
4,99536035545397,-0.021038974,-0.0015978967,-0.083090626
10,99536041680814,-0.27909738,0.051659584,0.13878918
4,99536044912168,-0.024234766,-0.008255799,-0.08175905
10,99536050783418,-0.26566535,-0.041088104,0.34100437
4,99536055647168,0.021038974,-0.017044231,-0.08628642
10,99536060893678,-0.30515024,0.031051159,0.41659832
4,99536064122793,0.09454222,-0.02609898,-0.09187906
10,99536070560189,-0.4374031,0.21513796,0.40836573
4,99536075420866,0.1307612,-0.04181163,-0.08335695
10,99536082097481,-0.59381855,0.35649824,0.38162565
4,99536085342793,0.11371698,-0.058056913,-0.06258429
10,99536090469720,-0.59623045,0.38680792,0.39924622
4,99536094710814,0.0974717,-0.083090626,-0.033822145
11,99536100457064,-0.324511,0.143154,-0.470554,0.807946,3.0
4,99536103673887,0.09720538,-0.10652645,-0.025300032
10,99536108982168,-0.514423,0.5618181,0.2187705
4,99536115491387,0.10333065,-0.12010857,-0.017044231
10,99536121478678,-0.3799255,0.651175,0.06591511
4,99536124568210,0.07456851,-0.11717909,0.011984225
10,99536129689199,-0.32485664,0.57568693,0.1642909
4,99536134335658,0.081226416,-0.13662016,0.048203215
10,99536141168053,-0.27031696,0.43730783,0.087399006
4,99536144326231,0.107858025,-0.14594123,0.06364955
10,99536149423106,-0.19114894,0.38252783,-0.03760481
4,99536155334824,0.12197278,-0.15073492,0.07882957
10,99536160313053,-0.17993188,0.4844799,-0.37190437
4,99536163265293,0.11797804,-0.14247912,0.109988555
10,99536169188991,0.060643435,0.7247257,-0.4219718
4,99536173881803,0.11105382,-0.13662016,0.15180019
10,99536180722376,0.06852013,0.8765726,-0.29009867
4,99536183808262,0.100933805,-0.15606125,0.17976338
10,99536188976856,0.17407912,0.8046284,-0.16904354
4,99536193629147,0.0958738,-0.15393071,0.18242654
10,99536200500501,0.2260524,0.55124044,-0.17696142
2,99536203611803,-35.0,10.0,22.0
10,99536206816543,0.09675908,0.39322567,-0.026126862
4,99536214351439,0.16804546,-0.009321064,0.23542345
10,99536221548314,0.17273772,0.3104539,0.29688072
4,99536224628053,0.21837921,0.10918961,0.30333406
10,99536227324876,0.24695796,0.2865119,0.22026634
4,99536234113783,0.20905815,0.25672874,0.37950045
10,99536240786543,0.14230728,-0.0024604797,0.43538237
4,99536244100605,0.103064336,0.39148468,0.49801114
10,99536246795918,-0.19288099,-0.45257044,0.3300376
4,99536253629199,0.029294772,0.51958275,0.65700185
10,99536259977897,-0.29128438,-0.95252705,0.22035551
4,99536264141543,0.048469532,0.62770706,0.82584625
10,99536266124303,-0.2577467,-0.72985077,-0.038213253
4,99536266124303,0.048469532,0.62770706,0.82584625
4,99536273688366,0.19467708,0.62983763,0.8109326
10,99536280898210,0.19321048,0.030980587,-0.09896231
4,99536284050553,0.23728766,0.41545314,0.47244477
10,99536286691855,-0.29041827,-0.38321638,0.43015623
4,99536293463835,-0.16564862,-5.326322E-4,0.00958738
10,99536300395918,-0.6945096,-1.0443773,0.7247267
4,99536303474876,-0.44900897,-0.29534456,-0.30253512
10,99536306415710,-0.54367495,-1.3723831,1.0766745
4,99536313538678,-0.3749731,-0.3073288,-0.3584615
10,99536321200449,-0.48103452,-1.8413563,1.1458306
4,99536324593366,-0.16564862,-0.2759035,-0.2942793
10,99536329109928,-0.5227464,-1.8288136,1.1591387
4,99536334025137,0.07243799,-0.3075951,-0.2908172
10,99536340331647,0.3512408,-0.63155603,0.050103188
4,99536343606543,0.20639499,-0.34754252,-0.36432046
10,99536346535605,0.4637683,0.37161446,-0.50774574
4,99536353632064,0.16804546,-0.38589206,-0.42663842
10,99536359995605,0.11445713,0.56499577,-0.206254
4,99536364364355,-0.05219796,-0.43063316,-0.45220476
10,99536366447220,0.30359906,0.35909462,-0.69945955
4,99536372833574,-0.1486044,-0.4165184,-0.4511395
10,99536378956178,0.7217182,0.3433423,-0.26233006
2,99536382189251,-36.0,14.0,22.0
10,99536387017064,0.42355502,-0.08102989,0.079360485
4,99536391800970,-0.09267801,-0.23009712,-0.376571
10,99536398351022,0.13222629,-0.45239782,0.15013742
4,99536401559199,-0.026365295,-0.17949706,-0.29800773
10,99536406974668,0.27369696,-0.4876418,0.0947113
4,99536411771855,0.008522116,-0.13448964,-0.27057716
10,99536418129980,0.3677262,-0.33311033,0.020902634
4,99536421362428,0.09614012,0.00479369,-0.19307919
10,99536426818001,0.3721481,0.08818579,-0.21777153
4,99536431572949,0.10839066,0.11265171,-0.10279802
10,99536437894043,0.3861497,0.19806862,-0.33108425
4,99536441134095,0.054062173,0.15472966,-0.06897587
10,99536446530137,0.5739312,0.32952452,-0.24909735
4,99536451333210,-0.014114754,0.19787288,-0.08522116
10,99536456273314,0.46072704,0.20077705,-0.2871418
4,99536459709199,-0.10918961,0.22503711,-0.07137272
10,99536466000032,-0.054472566,0.015892029,-0.41682768
4,99536470752428,-0.12436963,0.23568976,-0.049801115
10,99536477450189,-0.1991421,-0.13936758,-0.2256794
4,99536480687272,-0.042077947,0.25086978,-0.070307456
10,99536486074199,-0.25183308,-0.35415602,-0.019353867
4,99536490910553,0.04873585,0.2580603,-0.118776985
10,99536497234824,-0.358252,-0.2972703,0.21083784
4,99536500469824,0.090281166,0.2412824,-0.15180019
10,99536505894303,-0.49802914,0.0021066666,0.354208
4,99536510638262,0.087085366,0.21731395,-0.15153387
10,99536517008522,-0.64121336,0.077560425,0.42718315
4,99536520259043,0.01784318,0.22050974,-0.13262543
10,99536525638522,-0.8320559,0.030357838,0.43177462
4,99536530434095,-0.077231675,0.19627498,-0.11797804
10,99536536787741,-1.1040342,0.07910776,0.34435892
4,99536540034199,-0.11132014,0.15259913,-0.13022858
10,99536545419251,-0.95958275,0.08928728,0.16569424
4,99536550199512,-0.10439592,0.13315806,-0.1603223
10,99536555123262,-0.79167104,0.12040615,0.20255756
2,99536558582845,-35.0,7.0,23.0
10,99536565300189,-0.76071364,0.20263672,0.27906847
4,99536570084043,-0.12410331,0.076965354,-0.17949706
10,99536576338262,-0.6806081,0.36161184,0.32973957
4,99536579578262,-0.15765914,0.059921127,-0.17390442
10,99536585016022,-0.6051859,0.3289671,0.40903807
4,99536589804668,-0.17656758,0.06791061,-0.15286545
10,99536596123001,-0.63334024,0.21003962,0.4470992
4,99536599374928,-0.16990969,0.055127434,-0.11771172
10,99536604759303,-0.7263002,0.14224768,0.34444475
4,99536609654095,-0.1555286,0.039947417,-0.06391586
10,99536615901335,-0.591088,0.24176693,0.18643379
4,99536619118835,-0.100933805,0.04261058,-0.019973708
10,99536624537220,-0.45404986,0.40169764,0.3213606
4,99536629367949,-0.046339005,0.014114754,0.0037284256
10,99536635671647,-0.5621053,0.6084242,0.4772439
4,99536638882897,-0.03914847,-0.051931642,0.010386328
10,99536644316335,-0.58275473,0.8153496,0.44001102
4,99536649145553,-0.08229168,-0.09853696,0.009321064
10,99536654080657,-0.50984776,0.85171366,0.50785017
4,99536657456126,-0.12463594,-0.1206412,0.010120012
10,99536664083157,-0.5200088,0.728632,0.626739
4,99536668954095,-0.14088123,-0.1419465,0.023435818
10,99536675236022,-0.47158659,0.6507325,0.6542635
4,99536678460293,-0.14088123,-0.14940333,0.043409526
10,99536683914407,-0.30711937,0.53110504,0.52514744
4,99536688687376,-0.15393071,-0.13848437,0.05912218
10,99536695017480,-0.1755907,0.48679113,0.49274397
4,99536698262272,-0.1555286,-0.12623383,0.0743022
10,99536703649928,-0.11216581,0.41253996,0.45409536
4,99536708424251,-0.13262543,-0.11984225,0.08868326
10,99536714787324,-0.10702187,0.30916405,0.38142586
4,99536717998678,-0.10013486,-0.10652645,0.094009586
10,99536723426907,-0.017765403,0.31928444,0.20690536
4,99536727396699,-0.04926848,-0.06551377,0.09427591
10,99536734572272,0.07786226,0.37604284,0.19651985
2,99536737833939,-34.0,6.0,20.0
10,99536743197897,0.033991992,0.35572004,0.1591382
4,99536747964928,-0.008788432,-0.028495824,0.103064336
10,99536752898470,0.022035599,0.42326832,0.07792711
4,99536756351334,-0.010918961,-0.030626353,0.092944324
10,99536762982428,0.19149488,0.34568977,-0.021274567
4,99536767823991,-0.015180019,-5.326322E-4,0.06844324
10,99536774139251,0.22937495,0.18221617,0.10722828
4,99536777384407,-0.0061252704,0.018908445,0.06498113
10,99536782758730,0.16174614,0.013883114,0.22823238
4,99536787523574,0.0010652645,0.023435818,0.05832323
10,99536793896647,0.1826958,-0.14206648,0.18441916
4,99536797110657,0.02876214,0.0396811,0.04261058
10,99536802536959,0.26038802,-0.27289963,0.20182085
4,99536807298730,0.044208474,0.056991648,0.036218993
10,99536813726543,0.20132202,-0.32410145,0.12640762
4,99536816959043,0.07483483,0.091080114,0.027696876
10,99536822314668,0.20331025,-0.25018787,0.09713364
4,99536827134668,0.07163903,0.09427591,0.019707393
10,99536833448001,0.23309135,-0.11423159,-0.011226654
4,99536836687949,0.07243799,0.103863284,-0.026631612
10,99536842082480,0.3771413,-0.13840437,-0.11898899
4,99536846918522,0.07376956,0.116912775,-0.041012682
10,99536851862741,0.3630349,-0.28685284,-0.042182922
4,99536855234876,0.05486112,0.13182648,-0.05885586
10,99536861857845,0.278329,-0.28650236,0.018056393
4,99536866639928,0.045007423,0.128897,-0.055926383
10,99536873014720,0.23928273,-0.12216425,0.16098261
4,99536877839251,0.06231797,0.13795175,-0.055127434
10,99536882493470,0.08014727,-0.054249763,0.15704775
4,99536887273366,0.05752428,0.14168017,-0.054062173
10,99536893371647,-0.029975355,-0.11197662,0.18046522
4,99536896618626,0.03222425,0.12170646,-0.05832323
10,99536901513314,0.042337835,-0.113806725,0.281456
4,99536906358157,0.040213734,0.11345066,-0.0628506
10,99536912569095,0.046198606,-0.09533596,0.2857108
2,99536915835501,-36.0,7.0,20.0
10,99536921204355,-0.012847602,-0.09335899,0.31446123
4,99536926122168,0.076965354,0.092145376,-0.07590009
10,99536932345866,-0.13659221,-0.055737495,0.2137022
4,99536935560657,0.0644485,0.0793622,-0.0777643
10,99536940975866,-0.15395975,0.010883331,0.30247355
4,99536945808939,0.06578008,0.071106404,-0.08335695
10,99536950730084,-0.1405626,0.032421112,0.27673817
4,99536954115814,0.056459017,0.063116916,-0.082025364
10,99536960507949,-0.24142379,-0.0640192,0.24290657
4,99536965327011,0.026631612,0.047137953,-0.081226416
10,99536971897636,-0.3381833,-0.120461464,0.3471322
4,99536975107741,0.011717909,0.03009372,-0.08841695
10,99536980522949,-0.40014192,-0.16618681,0.33278513
4,99536985486386,0.02396845,0.02396845,-0.09054748
10,99536991676334,-0.42620808,-0.20140648,0.31234026
4,99536994884407,0.043409526,0.020506341,-0.083090626
10,99537000299876,-0.4518797,-0.11634445,0.3213544
4,99537005136126,0.058589544,0.0,-0.07456851
10,99537011451439,-0.54284126,0.09627962,0.26186752
4,99537014658470,0.06897587,-0.025033714,-0.06711166
10,99537020066647,-0.58698654,0.24585915,0.20180273
4,99537024894564,0.06018744,-0.0479369,-0.055926383
10,99537031195189,-0.5674124,0.3242774,0.2142644
4,99537034621803,0.047670584,-0.06471482,-0.032756884
10,99537039842949,-0.5311775,0.41296673,0.18904352
4,99537044710605,0.054328486,-0.07163903,-0.008522116
10,99537049620657,-0.41134313,0.4932251,0.124456406
4,99537053010136,0.07137272,-0.06018744,0.017576864
10,99537059653782,-0.2889946,0.3978057,0.2479353
4,99537064529772,0.08495484,-0.002396845,0.042876896
10,99537070778678,-0.22449815,0.24469423,0.34174109
4,99537074078157,0.041012682,0.10918961,0.092145376
10,99537079453782,-0.28362906,0.11578226,0.55326223
4,99537084416230,-0.037284255,0.28043085,0.21358553
10,99537090527063,-0.4209117,-0.37049007,0.6573615
2,99537093793730,-36.0,4.0,22.0
10,99537097150501,-0.6914565,-0.82778263,0.7722831
4,99537104575241,-0.10972224,0.5632586,0.6535397
10,99537112162897,-0.60073185,-1.167553,0.9265361
4,99537115440970,0.20932446,0.5536712,0.80587256
10,99537120328261,-0.5088699,-1.181581,0.90734816
4,99537125165136,0.5536712,0.48336375,0.7795073
10,99537131256178,-0.062818885,0.19365788,0.24561119
4,99537134661595,0.5792375,0.27137613,0.4860269
10,99537139553730,-0.5567127,0.80299234,0.32366037
4,99537144439668,0.06578008,-0.07962852,0.06258429
10,99537149304720,-0.79621387,1.1209073,0.22302818
4,99537152405657,-0.3539341,-0.29161614,-0.22237396
10,99537155799355,-0.87761664,0.4960208,0.35710335
4,99537163916230,-0.5320996,-0.31292143,-0.26711506
10,99537171543001,-0.8867066,-0.6298027,0.38203382
4,99537174790136,-0.4577974,-0.29880667,-0.21544974
10,99537179710449,-0.9233017,-0.5980315,0.4124937
4,99537184662428,-0.13315806,-0.30812773,-0.22929817
10,99537190785761,-0.049720615,-0.49043655,0.05312872
4,99537194118157,0.16831179,-0.3422162,-0.3086604
10,99537196907376,-0.15506548,-0.028355598,0.3907113
4,99537203374407,0.20559604,-0.39867523,-0.34514567
10,99537210893938,-0.46807447,0.15996075,-0.3462124
4,99537214197272,0.10839066,-0.3885552,-0.32330775
10,99537217012168,-0.09697318,0.9356823,-0.2863574
4,99537223078209,0.05965481,-0.31851408,-0.25379926
10,99537230632949,-0.17776358,0.8308058,-0.587564
4,99537233994824,-0.08442221,-0.272974,-0.19600865
10,99537237077793,-0.09396362,0.6608243,-0.37926865
4,99537243184876,-0.15819177,-0.267914,-0.17816548
10,99537249550188,0.038063467,0.5025959,-0.17805433
4,99537253877584,-0.15100123,-0.23622239,-0.170176
10,99537255962793,0.15537935,0.38049173,-0.15411234
4,99537262922168,-0.13342437,-0.2050634,-0.1470065
10,99537270649303,-0.09301716,0.34456015,-0.12924147
2,99537273988470,-32.0,8.0,20.0
10,99537275983991,-0.0930236,0.34456253,-0.12924147
4,99537282574095,-0.04660532,-0.080960095,0.0031957934
10,99537288847688,0.14296454,0.5424609,-0.29447603
4,99537292079980,-0.036218993,-0.03222425,0.034621093
10,99537296955501,0.16020328,0.6887655,-0.44934988
4,99537301808366,-0.05352954,-0.020240024,0.041279
10,99537308284199,0.12790054,0.71891403,-0.5173502
4,99537311516282,-0.13981596,-0.022903185,0.07243799
10,99537316699095,-0.089517355,0.49203968,-0.19920778
4,99537321566647,-0.15819177,-0.036751624,0.068176925
10,99537328066699,-0.08646792,0.3433733,-0.092954636
4,99537331332324,-0.17443706,-0.05965481,0.03888215
10,99537336513730,0.0016114116,0.086042404,0.12998962
4,99537342128209,-0.15339808,-0.050333746,0.01571265
10,99537347193626,-0.010335326,0.035573006,0.31359482
4,99537350299772,-0.13102753,-0.02263687,0.040746365
10,99537356290240,-0.16635787,-0.28104115,0.40060234
4,99537361059095,-0.16165388,-0.010652645,0.06711166
10,99537367619407,-0.36981982,-0.4894228,0.30290794
4,99537370864407,-0.19228023,-0.012516857,0.043675844
10,99537376046438,-0.33499098,-0.32987356,0.32181358
4,99537380822480,-0.1307612,-0.00479369,-0.0026631611
10,99537387422584,-0.22233695,-0.1886301,0.3734851
4,99537390665397,-0.062051654,-0.0063915867,-0.041279
10,99537395692011,-0.10386109,-0.14396477,0.24329615
4,99537400506595,-0.06764429,-0.020772656,-0.081226416
10,99537407172324,-0.018317282,0.12063789,0.27869892
4,99537410419303,-0.09134643,-0.043409526,-0.11638014
10,99537415597793,-0.035012662,0.19912195,0.32955456
4,99537420398313,-0.15952335,-0.048469532,-0.11424961
10,99537426955345,-0.20936245,0.09320021,0.27464294
4,99537430199199,-0.20586236,-0.052464273,-0.087884314
10,99537435421595,-0.24326247,0.04723549,0.22652054
4,99537440243313,-0.18961707,-0.04234426,-0.08575379
10,99537445365918,-0.062473357,0.09726477,0.06864071
2,99537448560136,-33.0,7.0,21.0
10,99537455038209,0.078202724,0.13455248,0.017927647
4,99537459822845,-0.09773801,0.007456851,-0.10333065
10,99537466504876,0.049925625,0.17969513,0.14761639
4,99537469740865,-0.06524745,-0.0058589545,-0.11797804
10,99537474955345,0.14841586,0.32660055,0.15936708
4,99537479726178,-0.06471482,0.0055926386,-0.122771725
10,99537486282636,0.16736335,0.3078537,0.101355076
4,99537489519251,-0.11664646,0.028495824,-0.10066749
10,99537494628157,-0.027135849,0.21111774,0.1513362
4,99537499433365,-0.14913702,0.030626353,-0.06791061
10,99537506059459,-0.13157636,0.22559786,0.08918524
4,99537509294668,-0.14088123,0.026365295,-0.061252706
10,99537514465970,-0.009276807,0.2717185,-0.044174194
4,99537519249668,-0.09614012,0.044208474,-0.07962852
10,99537525844667,0.043350577,0.2548809,0.044629574
4,99537529083938,-0.04527374,0.021038974,-0.109988555
10,99537534285553,-0.17013973,0.1095891,0.23029232
4,99537539063001,-0.00479369,-0.048203215,-0.15925704
10,99537544242845,-0.09962332,6.8616867E-4,0.5422573
4,99537547448938,-0.006657903,-0.09667275,-0.19893813
10,99537553895292,-0.029425263,-0.08277035,0.492939
4,99537558727636,-0.03542004,-0.08548747,-0.20639499
10,99537565403886,-0.08442217,-0.13794756,0.5078826
4,99537568642011,-0.088150635,-0.054328486,-0.1784318
10,99537573805084,-0.17128468,-0.1369276,0.46579647
4,99537578583782,-0.1304949,-0.026631612,-0.14913702
10,99537585177740,-0.10831505,-0.050967693,0.445724
4,99537588415709,-0.13528858,-0.03009372,-0.14833808
10,99537593533470,-1.2278557E-5,-0.0666666,0.37907314
4,99537598393990,-0.12197278,-0.053795855,-0.16751283
10,99537604956022,0.003006816,-0.1610241,0.15753937
4,99537608161647,-0.13369069,-0.057790596,-0.18269286
10,99537613328470,0.041894555,-0.16244507,0.30235004
4,99537618090865,-0.12623383,-0.072171666,-0.1768339
10,99537624754355,-0.16249073,-0.11119366,0.26034164
2,99537627983417,-38.0,3.0,22.0
10,99537632896386,-0.053895354,-0.19057465,0.15734196
4,99537638645657,-0.073236935,-0.043409526,-0.1571265
10,99537643742845,-0.022251725,-0.20225048,0.22478342
4,99537646840917,-0.05539375,-0.032490566,-0.17390442
10,99537652585032,-0.2084496,-0.2812605,0.080890656
4,99537657471230,-0.07084008,-0.028495824,-0.19627498
10,99537664290136,-0.009939909,-0.25312805,0.19317198
4,99537667535188,-0.09161274,-5.326322E-4,-0.20053603
10,99537672666907,0.02141571,-0.14516687,0.2008791
4,99537677427532,-0.06844324,0.033023197,-0.18269286
10,99537684073105,-0.03888917,-0.23430872,0.35799646
4,99537687310761,-0.043675844,0.04474111,-0.16458336
10,99537692470136,-0.08437061,-0.33183956,0.30995798
4,99537697242220,-0.039414786,0.051132694,-0.16192019
10,99537703876647,-0.075915575,-0.24387169,0.28682232
4,99537707120709,0.010120012,0.090281166,-0.15100123
10,99537712289303,-0.086772084,-0.11321211,0.26295614
4,99537717098990,0.024767399,0.1073254,-0.13901702
10,99537723673522,-0.12457204,-0.042062283,0.27466106
4,99537726906959,0.02263687,0.13369069,-0.10173275
10,99537732116751,-0.18528175,0.0673995,0.2881484
4,99537736894876,0.016777916,0.13369069,-0.10466223
10,99537741986959,-0.1865995,0.19392538,0.23737669
4,99537745214147,0.014913702,0.12756541,-0.12516858
10,99537750660084,-0.2081151,0.23631811,0.24633074
4,99537757213886,0.01784318,0.12703279,-0.13315806
10,99537763467844,-0.30534297,0.15466356,0.24118853
4,99537766716803,0.0031957934,0.108124346,-0.12117383
10,99537771557584,-0.46884954,-0.009765148,0.3781786
4,99537776321959,0.006657903,0.10040118,-0.12117383
10,99537782954615,-0.5230113,0.0021605492,0.44746828
4,99537786205865,0.021837922,0.086020105,-0.12863068
10,99537791399615,-0.52801394,0.046085358,0.49872637
4,99537796335657,0.039947417,0.07563378,-0.13528858
10,99537802732792,-0.5417511,0.040911674,0.48443747
2,99537805997011,-38.0,-2.0,22.0
10,99537810969147,-0.45628875,0.12579393,0.38810253
4,99537815922636,0.05352954,0.06737798,-0.12969595
10,99537822518157,-0.42454582,0.15816355,0.3994317
4,99537825752272,0.043675844,0.06178534,-0.1073254
10,99537830957167,-0.46795171,0.07158375,0.52855587
4,99537835791542,0.0644485,0.061519023,-0.082558
10,99537840898522,-0.46648222,-0.11917925,0.59394646
4,99537844086178,0.114782244,0.059921127,-0.059921127
10,99537850535813,-0.4797175,-0.2722454,0.63454103
4,99537855441751,0.17283916,0.06498113,-0.04926848
10,99537862065501,-0.5212126,-0.27091885,0.59500074
4,99537865302167,0.22610238,0.07376956,-0.050333746
10,99537870451022,-0.43140215,-0.17668247,0.44989777
4,99537875365813,0.24154872,0.08894958,-0.04580637
10,99537881847272,-0.34324002,-0.06424475,0.23919344
4,99537885048626,0.22690132,0.09347696,-0.04181163
10,99537890164980,-0.30087596,-0.0036859512,0.14190006
4,99537895060553,0.2130529,0.10439592,-0.054328486
10,99537901629928,-0.27769202,-0.028229713,0.32104492
4,99537904877428,0.18775286,0.08948222,-0.0793622
10,99537909987844,-0.42643327,-0.020356178,0.43236065
4,99537914840501,0.16325177,0.060453758,-0.10066749
10,99537921402636,-0.48659492,0.04096222,0.37008
4,99537924620813,0.1355549,0.064182185,-0.10519487
10,99537929787167,-0.47715223,0.19722986,0.27575874
4,99537934721282,0.09134643,0.07856325,-0.08974853
10,99537939807011,-0.4751923,0.4757123,0.30314684
4,99537942984147,0.04527374,0.07803062,-0.061519023
10,99537949475761,-0.4437033,0.6593623,0.24731159
4,99537954324199,-0.013315806,0.075101145,-0.028229509
10,99537960934928,-0.34841096,0.78903866,0.22557497
4,99537964208938,-0.058056913,0.08681905,0.0063915867
10,99537969411959,-0.344864,0.9119997,0.26566267
4,99537974319563,-0.07669904,0.086020105,0.058056913
10,99537980732792,-0.4642334,0.87146044,0.3258376
2,99537984075917,-36.0,-4.0,21.0
10,99537987509719,-0.48338705,0.6895013,0.3378086
4,99537994657428,-0.021038974,0.07137272,0.1520665
10,99538002220084,-0.35837525,0.5955763,0.36067247
4,99538005471803,0.022903185,0.072171666,0.1818939
10,99538009551751,-0.33924466,0.59279585,0.3550415
4,99538014777167,0.04873585,0.057790596,0.19574234
10,99538021106490,-0.45930165,0.6700673,0.2979946
4,99538024414615,0.042876896,0.031158986,0.19361182
10,99538027187063,-0.57182914,0.6006355,0.20701504
4,99538034467480,0.00479369,-0.0029294773,0.16937704
10,99538040831542,-0.5147361,0.413929,0.12847042
4,99538045188209,-0.029294772,-0.033023197,0.13635385
10,99538048839251,-0.4498855,0.31901836,0.2021761
4,99538053701646,-0.024767399,-0.054062173,0.11558119
10,99538059977480,-0.44231415,0.15528488,0.17144442
4,99538063231074,-0.03195793,-0.07803062,0.10945592
10,99538066139407,-0.48301554,0.030786514,0.12116623
4,99538073686646,-0.048203215,-0.10333065,0.095074855
10,99538081236021,-0.4163105,0.021774769,0.23558521
4,99538084618365,-0.04261058,-0.12543489,0.06524745
10,99538087445917,-0.4163105,0.021774769,0.23558521
4,99538093180553,-0.054328486,-0.13156016,0.034088463
10,99538100777949,-0.2875299,-9.393692E-5,-0.01986599
4,99538104110501,-0.06524745,-0.1272991,0.018375812
10,99538106915865,-0.19894445,0.08370352,-0.01986599
4,99538113066699,-0.06364955,-0.11504856,0.023702133
10,99538120632115,-0.08616495,0.105847836,0.015917778
4,99538123947376,-0.07563378,-0.095074855,0.04527374
10,99538126765865,-0.12447214,-0.0449872,-0.07985067
4,99538133612532,-0.105993815,-0.08016115,0.06258429
10,99538139941490,-0.17811733,-0.048122883,0.014886856
4,99538143050449,-0.08894958,-0.058589544,0.071106404
10,99538145836855,-0.0871377,0.002155304,-0.018632412
4,99538153008053,-0.06364955,-0.041012682,0.07376956
10,99538160562532,-0.076230764,0.017599583,-0.08078623
2,99538163846334,-35.0,-1.0,22.0
10,99538167263261,-0.076230764,0.017599583,-0.08078623
4,99538171204407,-0.015180019,-0.017310547,0.076166406
11,99538177627636,-0.331593,0.168855,-0.550381,0.747404,3.0
4,99538177627636,-0.012250541,-0.015446335,0.072970614
4,99538181640761,-0.023169503,-0.0010652645,0.07137272
10,99538185537063,-0.0779928,0.22134495,-0.06215334
4,99538190944042,-0.046072688,0.0015978967,0.072970614
10,99538196718990,-0.1271075,0.16561985,-0.008535862
4,99538200120969,-0.081226416,0.010918961,0.07403588
10,99538205342636,-0.14646429,0.13848495,0.15959406
4,99538212412532,-0.08522116,0.018908445,0.073236935
10,99538218487271,-0.1935404,-0.028423786,0.15660524
4,99538221709198,-0.046072688,0.00479369,0.071106404
10,99538226607948,-0.29965657,-0.15317202,0.44710398
4,99538231363938,-0.018109497,-0.014647386,0.06258429
10,99538236240605,-0.34217858,-0.1452012,0.51155806
4,99538239653678,0.007989483,-0.044208474,0.03914847
10,99538246026438,-0.3241577,-0.101500034,0.42096424
4,99538250840865,2.663161E-4,-0.053795855,0.022370555
10,99538257411751,-0.23285747,0.087231636,0.3945527
4,99538260633209,-0.022370555,-0.053795855,0.02956109
10,99538266097376,-0.17321104,0.15742588,0.35018253
4,99538270935188,-0.05352954,-0.061519023,0.040746365
10,99538277196178,-0.12795937,0.1626668,0.3556857
4,99538280450813,-0.08069378,-0.07137272,0.03914847
10,99538285960709,-0.12862456,0.105697155,0.34442377
4,99538290955292,-0.075101145,-0.079095885,0.02396845
10,99538297168313,-0.18290395,-0.029729843,0.39369774
4,99538300392844,-0.050333746,-0.09161274,0.013315806
10,99538305616334,-0.25963318,-0.14679193,0.33463526
4,99538310373469,-0.036218993,-0.103064336,0.0063915867
10,99538316755709,-0.15906042,-0.1333394,0.2891822
4,99538320004928,-0.025300032,-0.0974717,0.002130529
10,99538325394042,-0.0027925968,-0.120649815,0.22653437
4,99538330188001,-0.02876214,-0.08175905,0.006924219
10,99538335120501,-0.03413427,-0.10841942,0.30685902
2,99538338558313,-37.0,-1.0,23.0
10,99538344488678,-0.07194197,-0.15269804,0.3520913
4,99538350219928,-0.045540057,-0.095074855,-2.663161E-4
10,99538356303261,-0.03212416,-0.17714691,0.32397747
4,99538359537688,-0.027963191,-0.080960095,-0.014114754
10,99538364957844,-5.1498413E-5,-0.1881609,0.28311205
4,99538369718417,-0.009853696,-0.07856325,-0.023702133
10,99538376090865,-0.0017678738,-0.17451715,0.30772352
4,99538379303209,-0.0063915867,-0.087085366,-0.032490566
10,99538384723730,-0.01143837,-0.17839527,0.34610844
4,99538389618521,0.00479369,-0.09827065,-0.05352954
10,99538395856594,-0.03724575,-0.21207714,0.4819317
4,99538399095917,0.023702133,-0.09880328,-0.06950851
10,99538404504511,-0.13540733,-0.27113962,0.5350714
4,99538409295500,0.04580637,-0.10333065,-0.070041135
10,99538415775969,-0.15251005,-0.23341942,0.46246147
4,99538419007115,0.06684534,-0.09454222,-0.06711166
10,99538424284459,-0.060005426,-0.101772785,0.40974808
4,99538429040605,0.08495484,-0.07643273,-0.06391586
10,99538433991490,-0.04545176,0.06419182,0.2739334
4,99538437426907,0.08522116,-0.062051654,-0.06098639
10,99538443704303,-0.08441615,0.12930632,0.17351675
4,99538448525917,0.06391586,-0.056459017,-0.061519023
10,99538455209928,-0.11778498,0.11454964,0.1390748
4,99538458465032,0.05672533,-0.0479369,-0.06498113
10,99538463848573,-0.13149786,0.062487125,0.13426828
4,99538468628521,0.05219796,-0.026631612,-0.05885586
10,99538474990865,-0.18399477,0.054382324,0.0748806
4,99538478230500,0.059921127,0.0010652645,-0.045540057
10,99538483625136,-0.14342666,0.1178503,-0.009049892
4,99538488422792,0.08069378,0.032490566,-0.03222425
10,99538494770709,-0.06454539,0.12544441,-0.091786385
4,99538498009719,0.09454222,0.06231797,-0.02609898
10,99538503404875,-0.045461178,0.1367507,-0.10655451
4,99538508229146,0.103064336,0.094808534,-0.027164243
10,99538514528157,-0.083664656,0.12368965,-0.12935925
2,99538517783053,-34.0,-1.0,23.0
10,99538523207115,-0.28306496,0.020205498,-0.12839556
4,99538527966334,0.07163903,0.14647387,-0.004527374
10,99538532902167,-0.3377052,-0.031072617,-0.075922966
4,99538536326386,0.064182185,0.15472966,0.0061252704
10,99538542959250,-0.33217782,-0.059545517,-0.034692764
4,99538547720396,0.06098639,0.17923075,0.039414786
10,99538554096750,-0.28845042,0.09306097,0.06998253
4,99538557336750,0.053795855,0.18322548,0.047670584
10,99538562734042,-0.3316859,0.30979347,0.09252882
4,99538566705500,0.040480047,0.16538231,0.035952676
10,99538573880917,-0.39969653,0.29999542,0.07542944
4,99538577120553,0.004261058,0.14780544,0.026365295
10,99538582512063,-0.43108642,0.19203758,0.09681749
4,99538587342115,-0.018109497,0.12969595,0.023169503
10,99538593631125,-0.43042815,0.30539656,0.19128895
4,99538596852115,-0.0013315806,0.1073254,0.010918961
10,99538602278886,-0.35378188,0.41991854,0.16780329
4,99538607052219,-0.004261058,0.10333065,0.0010652645
10,99538613425657,-0.46749026,0.36028767,0.16426659
4,99538616674302,-0.06338324,0.046339005,-0.012250541
10,99538622065657,-0.5404794,0.23638439,0.3384962
4,99538626844198,-0.06844324,0.021571605,-0.015446335
10,99538631778782,-0.4716347,0.10667324,0.35908747
4,99538635202375,-0.05965481,-0.011451593,-0.019441076
10,99538641844875,-0.4434461,0.0454731,0.37919235
4,99538646685292,-0.026897928,-0.023169503,-0.016777916
10,99538652983105,-0.42992204,0.038880825,0.39664602
4,99538656204094,0.01571265,-0.027164243,-0.0037284256
10,99538661686125,-0.37820697,0.17105293,0.299232
4,99538666516594,0.025300032,-0.03914847,0.006924219
10,99538672753209,-0.33730286,0.2267518,0.19736338
4,99538675965032,-0.008255799,-0.043675844,0.0058589545
10,99538681389615,-0.19711536,0.4066329,0.14554787
4,99538686173938,-0.04474111,-0.039414786,0.0039947415
10,99538692534563,-0.19549567,0.37852955,0.13454771
2,99538695799407,-33.0,-1.0,22.0
10,99538701181646,-0.17645001,0.26642036,0.18776894
4,99538706092740,-0.07882957,-0.026631612,0.009054748
10,99538712312584,-0.15682065,0.14003754,0.23380756
4,99538715539302,-0.05273059,-0.01917476,0.0063915867
10,99538720942480,-0.16320026,0.076105595,0.2920823
4,99538725756438,-0.01438107,-0.0077231675,0.002130529
10,99538730658782,-0.17389572,0.12668085,0.24945259
4,99538734091907,0.006924219,0.005060006,0.0013315806
10,99538740425032,-0.11005032,0.19510078,0.18158197
4,99538745273365,0.008788432,0.018375812,0.004527374
10,99538751869146,-0.1072613,0.24452734,0.20464754
4,99538755087584,-0.0010652645,0.012516857,0.007456851
10,99538760497063,-0.13352764,0.2417922,0.17798042
4,99538765380344,-0.006924219,0.0055926386,7.9894834E-4
10,99538771651490,-0.13162649,0.22005224,0.25209475
4,99538774900500,-0.005060006,0.01304949,5.326322E-4
10,99538780273469,-0.164204,0.12908602,0.37166643
4,99538785189094,-0.0127831735,0.013848438,0.011717909
10,99538791417896,-0.2317726,0.08905792,0.41509914
4,99538794658209,-0.02263687,0.013582122,0.019441076
10,99538800053521,-0.19870692,0.1927247,0.34363317
4,99538804886959,-0.034621093,0.008788432,0.018109497
10,99538811191282,-0.22067314,0.2186575,0.37633514
4,99538814544094,-0.03542004,-0.00479369,0.023169503
10,99538819829355,-0.2815652,0.04653263,0.3953905
4,99538824722844,-0.033023197,-0.023435818,0.018375812
10,99538829607219,-0.262838,-0.0021967888,0.452003
4,99538832984771,-0.023169503,-0.025832662,0.0058589545
10,99538839598313,-0.3089068,0.085384846,0.472569
4,99538844511802,-0.02956109,-0.022903185,0.006924219
10,99538850748417,-0.29756498,0.13561058,0.34800673
4,99538855636386,-0.081226416,-0.033023197,0.01784318
10,99538860317271,-0.32432896,0.2178793,0.26249027
4,99538865230032,-0.11504856,-0.049002163,0.025832662
10,99538871319511,-0.32045275,0.09930372,0.50521135
2,99538874579042,-34.0,-1.0,22.0
10,99538878919511,-0.39870334,-0.17334747,0.4671421
4,99538883774667,-0.056459017,-0.087085366,0.045540057
10,99538890298417,-0.39045393,-0.17271852,0.4726534
4,99538893534563,0.015446335,-0.08335695,0.05539375
10,99538897391021,-0.36890608,0.13852787,0.4367404
4,99538904454094,0.06338324,-0.079095885,0.0628506
10,99538911986959,-0.29722905,0.28060818,0.2299428
4,99538915262844,0.035952676,-0.08442221,0.059921127
10,99538920103104,-0.2995485,0.27862597,0.22842932
4,99538925038834,-0.004527374,-0.08628642,0.05219796
10,99538929919563,-0.24479884,0.3591299,0.06510401
4,99538933031334,-0.04873585,-0.072970614,0.056991648
10,99538935784823,-0.33099014,0.4094081,0.15608406
4,99538943892219,-0.06098639,-0.07350325,0.076965354
10,99538951465969,-0.44424915,0.37183,0.21367455
4,99538954732636,-0.050600063,-0.076166406,0.08548747
10,99538959568261,-0.44381344,0.37596464,0.21757126
4,99538964446854,-0.050600063,-0.07137272,0.07989483
10,99538970561229,-0.23099571,0.47765493,0.007928371
4,99538973807792,-0.04474111,-0.05885586,0.0777643
10,99538976238834,-0.2309925,0.5039978,-0.037561417
4,99538983442896,-0.04474111,-0.060453758,0.092145376
10,99538991150084,-0.24995703,0.39939928,0.012747765
4,99538994459615,-0.043942157,-0.070041135,0.103863284
10,99538999343417,-0.24850363,0.4036069,0.01656866
4,99539004199875,-0.038083203,-0.06551377,0.10839066
10,99539010314823,-0.18360996,0.22600794,0.11610985
4,99539013560084,-0.0314253,-0.05539375,0.12330436
10,99539016477375,-0.21234041,0.10869169,0.07301378
4,99539023564875,-0.02876214,-0.03914847,0.13954964
10,99539029865604,-0.09509659,0.06503487,0.04905653
4,99539034359563,-0.033289514,-0.023702133,0.13821806
10,99539038054146,-0.05598724,0.13931847,0.07679367
4,99539042952375,-0.041012682,-0.01784318,0.12596752
10,99539049028938,-0.0058921576,0.0044760704,-0.0015239716
2,99539052253886,-34.0,1.0,22.0
10,99539055670865,0.030020833,-0.1056571,0.053542614
4,99539062749927,-0.068176925,-0.014114754,0.09933591
10,99539068985500,0.054950833,-0.18400049,0.03189659
4,99539072232375,-0.035153728,0.0039947415,0.087884314
10,99539076757636,-0.020740867,-0.27291298,0.13860369
4,99539081532479,-0.03089267,0.0077231675,0.08655274
10,99539088269771,-0.051744223,-0.18609285,0.17183256
4,99539091488886,-0.025566347,0.013315806,0.048203215
10,99539096483000,-0.0048680305,-0.18655396,0.20657969
4,99539101329302,-0.029028457,0.018109497,0.034088463
10,99539108035656,-5.7017803E-4,-0.23515081,0.2030778
4,99539111341906,-0.046072688,0.028495824,0.011984225
10,99539116466021,-0.066222906,-0.21862555,0.30069208
4,99539121243573,-0.046339005,0.029294772,0.004261058
10,99539126429823,-0.06755543,-0.24737549,0.29562092
4,99539129646594,-0.03834952,0.028229509,0.0031957934
10,99539136084563,-0.026432157,-0.2216978,0.2900381
4,99539140869406,-0.016245283,0.03169162,-0.0031957934
10,99539147596281,-0.06645846,-0.080892086,0.3756318
4,99539150806125,0.01917476,0.03222425,-0.01784318
10,99539155994511,-0.09737027,0.0017662048,0.39363766
4,99539160831646,0.018375812,0.030626353,-0.028229509
10,99539167367219,-0.1290952,0.01675129,0.3512864
4,99539170576125,-0.010652645,0.03089267,-0.03355583
10,99539175822584,-0.18469399,0.09023714,0.40811062
4,99539179765865,-0.02263687,0.022370555,-0.03222425
10,99539187148729,-0.23791742,0.10518122,0.38243055
4,99539190385084,-0.015978966,0.01438107,-0.023169503
10,99539195093625,-0.25026464,0.048342705,0.42619228
4,99539199903261,0.008788432,0.009054748,-0.022104237
10,99539206918469,-0.27453327,0.014298439,0.40418243
4,99539210122636,0.03222425,-0.009853696,-0.035153728
10,99539215356854,-0.30741245,0.09324026,0.33979845
4,99539220181594,0.046339005,-0.024767399,-0.053795855
10,99539225276281,-0.26656044,0.1801529,0.29345465
2,99539228545188,-35.0,1.0,23.0
10,99539235133365,-0.2583567,0.14597845,0.2196331
4,99539239909823,-0.021837922,-0.036485307,-0.061519023
10,99539246487375,-0.28155935,0.09869099,0.14225054
4,99539249724406,-0.05566007,-0.046072688,-0.05219796
10,99539254845448,-0.21912247,0.02315712,0.21862316
4,99539259675031,-0.04314321,-0.04447479,-0.043942157
10,99539266254354,-0.19941944,-0.035383224,0.21617174
4,99539269503156,0.0031957934,-0.032756884,-0.041279
10,99539274604511,-0.22875482,-0.0841012,0.13240337
4,99539279376125,0.02609898,-0.024234766,-0.04234426
10,99539286040396,-0.20268571,-0.029278755,0.0013222694
4,99539289290240,0.033822145,-0.007190535,-0.0479369
10,99539294413625,-0.1360867,0.10595608,-0.104372025
4,99539299180500,0.025300032,0.010918961,-0.04873585
10,99539305973208,-0.10238409,0.18172836,-0.2145648
4,99539309191750,0.005060006,0.03222425,-0.041545313
10,99539314134094,-0.09342098,0.2136221,-0.31625557
4,99539318955761,-0.01304949,0.05486112,-0.0396811
10,99539324165761,-0.018603802,0.24169588,-0.26396513
4,99539327415813,-0.01571265,0.087085366,-0.046072688
10,99539333859511,0.02639246,0.23395395,-0.17588472
4,99539338688365,-0.017310547,0.11558119,-0.041012682
10,99539345377271,-0.007269144,0.07829237,-0.14521265
4,99539348615344,-0.03542004,0.12916331,-0.03089267
10,99539353791333,-0.06480825,-0.039956093,-0.07516384
4,99539358654927,-0.037284255,0.13448964,-0.023702133
10,99539365152115,-0.13012314,-0.12170887,0.016712189
4,99539368365500,-0.018642128,0.14567491,-0.025832662
10,99539373543365,-0.1680839,-0.06361151,0.059155464
4,99539378336594,-0.012250541,0.14247912,-0.03914847
10,99539384937167,-0.25849962,-0.037668705,0.08618832
4,99539388158469,-0.027963191,0.12410331,-0.05832323
10,99539391752479,-0.30290186,-0.07149887,0.19741249
4,99539398758677,-0.056991648,0.09614012,-0.07456851
10,99539405032063,-0.3710792,-0.06357956,0.36032724
2,99539408268886,-35.0,-1.0,23.0
10,99539412648781,-0.5150671,-0.017002106,0.50229645
4,99539418769979,-0.07483483,0.038083203,-0.09454222
10,99539423873000,-0.5322859,-0.023026466,0.57772255
4,99539426982219,-0.06870956,0.022370555,-0.10279802
10,99539432601073,-0.5202632,0.017857552,0.67882395
4,99539437419042,-0.061519023,0.0077231675,-0.10918961
10,99539444268938,-0.5691467,0.1316204,0.71890783
4,99539447506386,-0.064182185,-0.010386328,-0.1041296
10,99539452672375,-0.63054216,0.24000788,0.7656894
4,99539457454771,-0.07563378,-0.032490566,-0.0974717
10,99539464037167,-0.69721806,0.3009653,0.76512
4,99539467263677,-0.07669904,-0.051931642,-0.08442221
10,99539472395448,-0.7212923,0.3525424,0.76243925
4,99539477264563,-0.06657903,-0.06391586,-0.066312715
10,99539483823313,-0.65009093,0.4223523,0.8259611
4,99539487047948,-0.047404267,-0.06258429,-0.044208474
10,99539492182219,-0.6208021,0.46466827,0.82828856
4,99539497013208,-0.03488741,-0.06551377,-0.034088463
10,99539503632115,-0.6548165,0.49823046,0.8431988
4,99539506874719,-0.010918961,-0.083090626,-0.0039947415
10,99539512038938,-0.6524471,0.50239515,0.7879367
4,99539516857688,-0.008255799,-0.08548747,0.0055926386
10,99539521977844,-0.68469715,0.51605463,0.7587147
4,99539525199667,-0.0077231675,-0.08894958,0.03195793
10,99539530648677,-0.70830345,0.5493803,0.68187714
4,99539537211177,-7.9894834E-4,-0.091080114,0.05912218
10,99539543484771,-0.6492418,0.58000994,0.6308584
4,99539546729667,0.014647386,-0.092944324,0.08894958
10,99539551620656,-0.6082739,0.4099064,0.59920263
4,99539556449875,0.018375812,-0.09560748,0.09321064
10,99539562931594,-0.6218155,0.37606382,0.5504832
4,99539566146906,0.036485307,-0.09374327,0.099069595
10,99539571355917,-0.5563221,0.32461786,0.4602356
4,99539576293990,0.064182185,-0.08522116,0.11025487
10,99539582702167,-0.51375747,0.2865119,0.3855734
2,99539585966281,-36.0,-2.0,22.0
10,99539590903156,-0.41417813,0.2814889,0.3365059
4,99539595785396,0.082558,-0.05965481,0.1488707
10,99539602482063,-0.35253936,0.28146076,0.33308458
4,99539605731281,0.082025364,-0.050866377,0.14647387
10,99539610842010,-0.2816193,0.31060743,0.20805836
4,99539615715240,0.07643273,-0.04474111,0.14674018
10,99539620845552,-0.23002046,0.29560232,0.04607582
4,99539624060083,0.06498113,-0.04261058,0.15233281
10,99539630519250,-0.13107347,0.27629137,-0.007595539
4,99539635370760,0.0727043,-0.03568636,0.15419704
10,99539642040448,-0.010563016,0.23482275,-0.021167755
4,99539645275917,0.08282431,-0.027164243,0.15180019
10,99539650443781,0.014512777,0.14534283,0.024952412
4,99539655259875,0.07803062,-0.022104237,0.15233281
10,99539661816854,0.027817845,0.12637758,-0.033237934
4,99539665049302,0.0561927,-0.013582122,0.1603223
10,99539670226490,0.082728505,0.14047337,-0.09446335
4,99539675178365,0.03834952,-0.007456851,0.1667139
10,99539681584458,0.13536668,0.05597067,-0.18729782
4,99539684792844,0.02743056,-0.010386328,0.16484967
10,99539690005031,0.14210093,-0.0992856,-0.1329794
4,99539694835500,0.024501082,-0.01917476,0.14407702
10,99539701370604,0.125103,-0.24265814,-0.116699696
4,99539704596281,0.025033714,-0.024234766,0.112119086
10,99539709707635,0.10103059,-0.28294945,-0.059239388
4,99539714541021,0.0127831735,-0.018908445,0.08628642
10,99539719728104,0.1288352,-0.3101349,-0.12504148
4,99539722961698,-0.020772656,-0.009321064,0.07376956
10,99539729399146,0.106113315,-0.30917978,-0.0908618
4,99539734298937,-0.044208474,-0.008255799,0.054594804
10,99539740923833,0.15537012,-0.21392393,-0.03866577
4,99539744233625,-0.046339005,-0.006924219,0.025033714
10,99539749382531,0.065336704,-0.18173027,-0.087742805
4,99539754263052,-0.043409526,-0.025832662,-0.0013315806
10,99539760692010,-0.04727447,-0.21281528,0.075786114
2,99539764019615,-34.0,3.0,22.0
10,99539767370604,0.014974833,-0.22239208,0.1188817
4,99539774540917,-0.03914847,-0.053795855,-0.0561927
10,99539782144458,0.010821819,-0.057867527,0.118635654
4,99539785396542,-0.048469532,-0.037550572,-0.059388492
10,99539789822479,0.0029648542,-0.0540514,0.12365389
4,99539793755240,-0.0727043,-0.039414786,-0.043409526
10,99539800247062,-0.09757471,0.0379467,0.11618328
4,99539803469198,-0.095074855,-0.03914847,-0.04234426
10,99539806328156,-0.06645,0.08104229,0.20237494
4,99539814471490,-0.08495484,-0.034621093,-0.05219796
10,99539820818521,-0.10683656,0.13048267,0.24923277
4,99539825166021,-0.068176925,-0.026897928,-0.054062173
10,99539828775135,-0.17771351,0.14632511,0.25889158
4,99539833599562,-0.068176925,-0.021571605,-0.05566007
10,99539839879146,-0.17636228,0.2005763,0.1967802
4,99539843114875,-0.082025364,-0.018642128,-0.05273059
10,99539846114302,-0.21466953,0.16945171,0.22551107
4,99539853650135,-0.09427591,-0.01917476,-0.041545313
10,99539861195656,-0.26122534,0.18666506,0.3470354
4,99539864510969,-0.06924219,-0.019973708,-0.038615838
10,99539867358677,-0.26122534,0.18666506,0.3470354
4,99539873119823,-0.050600063,-0.020240024,-0.03568636
10,99539880681125,-0.334042,0.110854626,0.37515116
4,99539884006333,-0.048203215,-0.016511599,-0.03195793
10,99539886791802,-0.3747434,0.17070961,0.41106415
4,99539893171490,-0.04527374,-0.020506341,-0.024501082
10,99539900710344,-0.37636906,0.22040272,0.2938509
4,99539904031385,-0.03195793,-0.018642128,-0.009853696
10,99539906915083,-0.29736042,0.19406652,0.3201871
4,99539913333365,-0.019707393,-0.017576864,5.326322E-4
10,99539919665969,-0.27544808,0.14854956,0.3157215
4,99539924003417,-0.01438107,-0.01784318,0.0039947415
10,99539926120500,-0.27784228,0.19164515,0.27023172
4,99539932759146,-0.018642128,-0.014647386,0.0058589545
10,99539938841854,-0.16636682,0.20704985,0.16850328
2,99539942072792,-36.0,3.0,23.0
10,99539947174667,-0.14262903,0.20639896,0.117613316
4,99539951940760,-0.04261058,0.019707393,0.022903185
10,99539958278989,-0.09803724,0.14243317,0.13721466
4,99539961489719,-0.040213734,0.017310547,0.024501082
10,99539966924510,0.011388183,0.1177063,-0.12000084
4,99539971753989,-0.05006743,0.04474111,0.017576864
10,99539978059250,0.114626646,0.10927057,0.1636343
4,99539981351385,-0.09187906,0.05965481,0.031158986
10,99539986703312,-0.14611542,0.051396847,0.19596004
4,99539991481333,-0.083090626,0.050866377,0.04873585
10,99539997829614,-0.035599828,-0.060544014,0.19098139
4,99540001038625,-0.041279,0.044208474,0.040746365
10,99540006470083,0.025369525,-0.3037405,0.18909407
4,99540011336958,0.021837922,0.050866377,0.016511599
10,99540016256177,-0.050305247,-0.28510237,0.19044447
4,99540019638469,0.057790596,0.054594804,0.006924219
10,99540026241229,-0.073762536,-0.1790061,0.13323832
4,99540030350917,0.050866377,0.051931642,7.9894834E-4
10,99540037388625,-0.0027103424,-0.05201435,0.075568676
4,99540040617896,0.008255799,0.050866377,-0.014114754
10,99540046035760,-0.01620853,-0.0425992,0.094419
4,99540050869667,-0.032756884,0.045540057,-0.03834952
10,99540057168156,-0.059847236,-0.13334322,0.17618465
4,99540060383000,-0.047404267,0.0314253,-0.061519023
10,99540065809823,-0.14104009,-0.22760487,0.27627516
4,99540070628937,-0.02263687,0.016511599,-0.07989483
10,99540076931542,-0.19297773,-0.27764797,0.3562336
4,99540080168729,0.011717909,0.011185277,-0.09081379
10,99540085589614,-0.26252806,-0.21308899,0.32584238
4,99540090362739,0.027164243,0.004261058,-0.09427591
10,99540096858208,-0.29909623,-0.07391977,0.312665
4,99540100091177,0.021837922,-0.0015978967,-0.09454222
10,99540105378573,-0.29796994,0.04571104,0.26807356
4,99540110198781,-0.0053263223,-0.014913702,-0.091080114
10,99540115117844,-0.31162095,0.040002346,0.29218245
2,99540118542896,-37.0,3.0,23.0
10,99540124539562,-0.35923296,0.042764664,0.34400988
4,99540129369823,-0.024767399,-0.0396811,-0.09614012
10,99540136281489,-0.41941535,0.06482744,0.3721571
4,99540139522323,-0.014647386,-0.0396811,-0.090014845
10,99540144931489,-0.4836988,0.04085684,0.38527966
4,99540149753989,-0.010386328,-0.03701794,-0.07989483
10,99540156057010,-0.53950804,0.11715412,0.32606173
4,99540159264562,-0.010918961,-0.038615838,-0.070041135
10,99540164703833,-0.5279166,0.20293045,0.3002
4,99540169640969,-0.013848438,-0.037550572,-0.06391586
10,99540175833833,-0.5372974,0.23837042,0.300529
4,99540179069146,-0.016511599,-0.03488741,-0.057257965
10,99540184481750,-0.58870304,0.27393484,0.31994534
4,99540189288416,-0.01571265,-0.03435478,-0.051931642
10,99540195611594,-0.6107695,0.28325558,0.31541252
4,99540198864875,-0.016245283,-0.0314253,-0.041012682
10,99540204258625,-0.61760914,0.29255295,0.34182405
4,99540209093000,-0.007989483,-0.020506341,-0.020772656
10,99540214002531,-0.5986701,0.3132925,0.3985057
4,99540217405291,0.006924219,-0.010386328,0.0018642128
10,99540224048625,-0.6157049,0.34041548,0.40128136
4,99540228866906,0.0127831735,-0.0053263223,0.016511599
10,99540235177896,-0.5908387,0.37903643,0.3578844
4,99540238387896,0.018109497,0.0034621095,0.025033714
10,99540243811125,-0.50797755,0.38854933,0.376266
4,99540248587375,0.022104237,0.01304949,0.032756884
10,99540254961125,-0.4933359,0.32383585,0.39203978
4,99540258185708,0.024767399,0.022370555,0.041545313
10,99540263620344,-0.43724632,0.2998457,0.39334202
4,99540268432271,0.03355583,0.026631612,0.04181163
10,99540274730396,-0.38598067,0.32788897,0.4059825
4,99540277973677,0.055127434,0.03222425,0.047404267
10,99540283378521,-0.3535083,0.32824135,0.40284348
4,99540288160031,0.06471482,0.044208474,0.05832323
10,99540294512010,-0.3341334,0.27051783,0.42042542
2,99540297745448,-35.0,-1.0,23.0
10,99540303066229,-0.33287483,0.32508755,0.3969121
4,99540307912062,0.072171666,0.044208474,0.068176925
10,99540312840604,-0.27234864,0.31722975,0.36137104
4,99540316290656,0.07084008,0.04447479,0.072970614
10,99540322924666,-0.2497552,0.18831396,0.30049896
4,99540327685708,0.06098639,0.041012682,0.08069378
10,99540334066489,-0.22951597,0.18422031,0.34290504
4,99540337312010,0.06471482,0.032490566,0.07563378
10,99540342723000,-0.13894725,0.20387602,0.33032417
4,99540347505656,0.0727043,0.033023197,0.07163903
10,99540353843989,-0.08058691,0.11595154,0.23908186
4,99540357063781,0.06231797,0.030626353,0.075101145
10,99540362488833,-0.06290591,0.059867382,0.22995663
4,99540367382896,0.059921127,0.025832662,0.07669904
10,99540373615500,-0.022080421,0.07368088,0.20707369
4,99540376862114,0.054062173,0.018109497,0.07590009
10,99540382265968,-0.0058095455,0.028198719,0.16569519
4,99540387100708,0.05006743,0.01304949,0.07563378
10,99540393395604,0.017026424,0.024159431,0.12277317
4,99540396634875,0.03781689,0.010652645,0.06684534
10,99540402044302,0.048656702,-0.0032725334,0.14036942
4,99540406803052,0.033023197,0.0053263223,0.060453758
10,99540411867062,2.7394295E-4,-0.044230938,0.10390234
4,99540415175500,0.023435818,-0.0037284256,0.046339005
10,99540421525968,-0.0017473698,-0.093943596,0.13553095
4,99540426304354,0.017310547,-0.008255799,0.03435478
10,99540432949354,0.014434576,-0.121869564,0.07417059
4,99540436184146,0.017576864,-0.007989483,0.023702133
10,99540441598625,-0.027376175,-0.06381512,0.08691025
4,99540446387896,0.0077231675,-0.007989483,0.010652645
10,99540452732635,-0.053321004,-0.043195724,0.076725006
4,99540455971646,-0.012250541,-0.015978966,-0.0037284256
10,99540461368364,-0.03545761,-0.06941986,0.10853386
4,99540466178104,-0.02876214,-0.025300032,-0.019707393
10,99540472516437,-0.068799615,-0.068936825,0.16960096
2,99540475752114,-36.0,2.0,23.0
10,99540481177114,-0.14548278,-0.09723234,0.18039513
4,99540486071854,-0.025832662,-0.03888215,-0.033023197
10,99540499778781,-0.14355671,0.10878754,0.2040844
4,99540505559198,-0.01784318,-0.04261058,-0.042077947
10,99540510631958,-0.1860972,0.14355087,0.13937712
4,99540514878208,-0.04234426,-0.04926848,-0.04474111
10,99540520429250,-0.20288306,0.20793629,0.21931839
4,99540525187843,-0.047137953,-0.054328486,-0.04660532
10,99540531584198,-0.23615605,0.2321825,0.1968441
4,99540534672114,-0.0479369,-0.05566007,-0.039414786
10,99540540217114,-0.28064477,0.16818953,0.1674056
4,99540545012843,-0.0479369,-0.049534798,-0.02743056
10,99540551359718,-0.24977487,0.2112565,0.25203753
4,99540554455812,-0.03169162,-0.039414786,-0.021038974
10,99540559982114,-0.25627297,0.2077837,0.23967934
4,99540564661073,-0.024767399,-0.033822145,-0.021837922
10,99540571162896,-0.24100906,0.18529558,0.23701048
4,99540574309458,-0.031158986,-0.02956109,-0.020240024
10,99540579792218,-0.23721546,0.1848278,0.22516012
4,99540584460343,-0.02956109,-0.021038974,-0.012516857
10,99540590936906,-0.24641854,0.16287994,0.2203269
4,99540594159770,-0.025033714,-0.012516857,-0.005060006
10,99540599539875,-0.2663824,0.11946297,0.17945528
4,99540605068052,-0.021571605,-0.006657903,-0.0055926386
10,99540609879041,-0.26012582,0.10923147,0.11911678
4,99540612951802,-0.011984225,0.0061252704,-0.008522116
10,99540619325031,-0.22912937,0.114923,0.2182107
4,99540624016802,-0.005060006,0.017044231,-0.011984225
10,99540630488833,-0.2361235,0.15582466,0.18246937
4,99540633581229,-0.0013315806,0.01917476,-0.011185277
10,99540639093885,-0.2640987,0.18473577,0.16815615
4,99540643887739,-0.0015978967,0.024767399,-0.0077231675
10,99540650266645,-0.27944833,0.18009615,0.16806173
2,99540653377635,-35.0,1.0,23.0
10,99540657383468,-0.24592954,0.16333675,0.22312832
4,99540664271229,-0.002130529,0.036751624,0.008788432
10,99540671505083,-0.28794324,0.15435028,0.2107544
4,99540674598677,5.326322E-4,0.029294772,0.011185277
10,99540677286229,-0.273578,0.16392708,0.2011776
4,99540682870395,0.0034621095,0.030360037,0.007989483
10,99540690131073,-0.24439853,0.123196125,0.21462297
4,99540693144093,0.0015978967,0.03009372,0.0037284256
10,99540695988781,-0.25636953,0.07531214,0.24814177
4,99540703055864,-0.0018642128,0.025832662,0.006657903
10,99540709941593,-0.23757333,0.121310234,0.228755
4,99540713149354,-5.326322E-4,0.02263687,0.0077231675
10,99540715775291,-0.20644867,0.10215664,0.25748587
4,99540722439927,-0.0018642128,0.017576864,0.009054748
10,99540731305239,-0.19574916,0.043283463,0.28182554
4,99540734687583,-0.01304949,0.007190535,0.006657903
10,99540739520500,-0.2450195,0.025466442,0.28300428
4,99540744462531,-0.023435818,-0.002396845,0.0018642128
10,99540750599875,-0.26188475,0.034430027,0.253695
4,99540753842479,-0.018375812,-7.9894834E-4,-0.0053263223
10,99540756150500,-0.19245684,0.07992983,0.21778154
4,99540763418364,-0.013582122,5.326322E-4,-0.004527374
10,99540770992791,-0.1935786,0.044075966,0.27073288
4,99540774308573,-0.018642128,-5.326322E-4,-0.0063915867
10,99540777180968,-0.1935786,0.044075966,0.27073288
4,99540782949666,-0.029294772,-0.0061252704,-0.017576864
10,99540789253260,-0.22544664,-0.030488014,0.21306467
4,99540792503625,-0.029827405,0.0053263223,-0.023435818
10,99540797594406,-0.1842053,-0.030209064,0.16101599
4,99540802402687,-0.028495824,0.021038974,-0.020240024
10,99540808776541,-0.14291441,0.05163908,0.17377234
4,99540811993000,-0.02263687,0.029028457,-0.021038974
10,99540817213468,-0.1365248,0.06830263,0.14510393
4,99540821993729,-0.021571605,0.027963191,-0.025566347
10,99540828714770,-0.108676314,0.04380417,0.16387892
4,99540833588416,-0.01438107,0.03009372,-0.027164243
10,99540836830447,-0.09581828,-0.0022058487,0.22109413
4,99540842719666,0.007456851,0.04234426,-0.014913702
10,99540849014614,-0.122797966,0.010640621,0.30588531
4,99540852269145,0.030626353,0.0479369,-0.004261058
10,99540856840500,-0.11451125,0.09114456,0.24493456
4,99540861647739,0.03435478,0.051931642,-7.9894834E-4
10,99540868268520,-0.07685053,0.07227516,0.24250221
4,99540871501958,0.025566347,0.066312715,0.0031957934
10,99540876501177,-0.0480541,0.0134038925,0.21910906
4,99540881335500,0.013582122,0.0793622,0.00479369
10,99540888052322,-0.048974156,-0.034769535,0.21098185
4,99540891360968,0.013582122,0.08362326,0.002130529
10,99540896222531,-0.09462845,-0.16158056,0.30366182
4,99540901981229,0.028495824,0.09187906,-0.01571265
10,99540907090135,-0.114123106,-0.20045042,0.30234814
4,99540910192270,0.04474111,0.10333065,-0.037284255
10,99540916259197,-0.16026628,-0.2834139,0.307261
4,99540921010552,0.046072688,0.11638014,-0.050866377
10,99540927591697,-0.20602924,-0.34293222,0.342741
4,99540930833104,0.043942157,0.11318435,-0.06471482
10,99540936031437,-0.27112305,-0.33566713,0.41391134
4,99540940818468,0.05965481,0.1025317,-0.08468852
10,99540947338572,-0.29245484,-0.33645964,0.41025782
4,99540950552583,0.0793622,0.09267801,-0.10626013
10,99540955791489,-0.34191316,-0.34634352,0.48878813
4,99540960567322,0.09241169,0.08628642,-0.133957
10,99540967114614,-0.4001019,-0.24095869,0.54876184
4,99540970366854,0.111852765,0.07590009,-0.16378441
10,99540975567322,-0.39682043,-0.09208679,0.5186715
4,99540980325343,0.10546118,0.08335695,-0.18002969
10,99540986913468,-0.34977847,0.056319237,0.3352008
4,99540990124927,0.07989483,0.08522116,-0.18695392
10,99540995104197,-0.26322925,0.25800467,0.34410286
4,99541000895500,0.08229168,0.09427591,-0.19307919
10,99541006077895,-0.2201187,0.26819134,0.36748123
2,99541009195708,-36.0,1.0,22.0
10,99541014648520,-0.31885672,0.16878176,0.28099155
4,99541019427947,0.09187906,0.12863068,-0.18136127
10,99541026441385,-0.31038916,0.1313467,0.3471675
4,99541029703052,0.13102753,0.15925704,-0.18455707
10,99541033568885,-0.2644866,0.19672012,0.37948513
4,99541040479041,0.17097494,0.19254655,-0.18295917
10,99541046715239,-0.29733777,0.24933672,0.34600973
4,99541049934770,0.18269286,0.20719394,-0.16804546
10,99541054527166,-0.27325845,0.24399996,0.18251896
4,99541059307947,0.16591494,0.21704763,-0.15472966
10,99541066009406,-0.21914142,0.22050714,0.19941568
4,99541069258572,0.15233281,0.21944448,-0.13928333
10,99541074397322,-0.21388727,0.2689762,0.39104176
4,99541079170343,0.15419704,0.22663501,-0.122771725
10,99541085787010,-0.33286816,0.23191977,0.3315525
4,99541089020447,0.13608754,0.24314661,-0.11105382
10,99541094185708,-0.387169,0.18164396,0.387753
.754,99541098812062,0.11584751,0.24527714,-0.1073254
11,99541104133468,-0.338425,0.164884,-0.536723,0.755122,3.0
4,99541107652791,0.12916331,0.23089607,-0.10333065
10,99541113321385,-0.3155895,0.26776075,0.387537
4,99541118950395,0.1635181,0.2247708,-0.083889574
10,99541125094770,-0.23169672,0.31450796,0.2753415
4,99541128180708,0.16005598,0.21544974,-0.062051654
10,99541133356281,-0.2758339,0.37294674,0.24175262
4,99541138010447,0.1307612,0.20266657,-0.043942157
10,99541144868937,-0.20523036,0.3966546,0.3386731
4,99541147948885,0.090281166,0.18295917,-0.028229509
10,99541153141437,-0.118893504,0.48059273,0.3330698
4,99541158507583,0.087884314,0.17417073,-0.019441076
10,99541164646958,-0.11612791,0.33858728,0.3193183
4,99541167726229,0.087884314,0.16058862,-0.015180019
10,99541172910864,-0.13512367,0.14453411,0.40677643
4,99541178284093,0.087884314,0.16192019,-0.022104237
10,99541184425031,-0.13313216,0.051667213,0.34170485
2,99541187529822,-33.0,-1.0,20.0
10,99541192686437,-0.19940734,0.14402151,0.44745255
4,99541198730187,0.133957,0.14274544,-0.010652645
10,99541203688468,-0.17088413,0.20109558,0.3266735
4,99541206651802,0.13928333,0.11930962,-0.030360037
10,99541212130916,-0.040946007,0.28793335,0.28902674
4,99541218032166,0.11371698,0.1041296,-0.058056913
10,99541223969927,-0.10033733,0.27744865,0.34833336
4,99541227049510,0.09827065,0.09161274,-0.061252706
10,99541232240760,-0.15588117,0.20904541,0.28509045
4,99541237615343,0.10839066,0.072970614,-0.04527374
10,99541243756124,-0.23953265,0.069252014,0.34668016
4,99541246836958,0.12144015,0.04314321,-0.03169162
10,99541252019926,-0.20250207,-0.11123943,0.31511974
4,99541257402479,0.123038046,0.03355583,-0.029294772
10,99541263543781,-0.07426649,0.058897972,0.32097197
4,99541266628156,0.15659387,0.031158986,-0.028229509
10,99541271840291,-0.13950467,0.10047102,0.26779795
4,99541276538624,0.15339808,0.024767399,-0.024767399
10,99541283320291,-0.09328073,0.023922443,0.101334095
4,99541286412999,0.10945592,0.007989483,-0.02743056
10,99541291584822,0.08903408,0.07658863,0.13371563
4,99541297323364,0.090014845,0.0127831735,-0.03888215
10,99541302294926,0.09852314,0.06109619,0.07395315
4,99541302294926,0.087618,0.018375812,-0.043942157
4,99541305754926,0.08495484,0.020506341,-0.04527374
10,99541310894562,0.13443089,0.031165123,0.059619904
4,99541316817374,0.09880328,0.036218993,-0.043942157
10,99541321676541,0.18281507,0.07476854,0.03742218
4,99541325644249,0.10173275,0.05885586,-0.052996907
10,99541331582374,0.2729162,0.14385653,-0.10060406
4,99541336360395,0.0892159,0.08735169,-0.05912218
10,99541342897791,0.19114959,0.11915016,0.042875767
4,99541346112218,0.07403588,0.096939065,-0.038083203
10,99541351380656,0.05923021,-0.045021057,0.010447979
4,99541356670656,0.06844324,0.10546118,-0.016245283
10,99541362933416,0.08494544,0.00507164,0.07001829
2,99541366197114,-31.0,-3.0,22.0
10,99541370580239,0.12007606,0.10956097,-0.060213566
4,99541375418937,0.1504686,0.17230652,0.008788432
10,99541382453885,0.06030929,0.01839161,0.07778406
4,99541385672791,0.17337179,0.17150758,0.030626353
10,99541390814406,-0.18676442,-0.16762924,0.1903224
4,99541395673729,0.20080236,0.14993598,0.01571265
10,99541400783572,-0.19711667,-0.12302446,0.14623022
4,99541404065447,0.20293288,0.18136127,-0.013315806
10,99541410494614,-0.21447015,-0.09917498,-0.014753342
4,99541415352895,0.16804546,0.22770028,-0.019973708
10,99541422055864,-0.39737755,-0.3249979,0.06919384
4,99541425256072,0.10918961,0.23222765,-0.0034621095
10,99541430452531,-0.49120182,-0.41206646,0.2916355
4,99541435357062,0.1257012,0.20213392,-0.013848438
10,99541441784874,-0.3871737,-0.3743887,0.19930887
4,99541445031437,0.16884442,0.18801917,-0.060453758
10,99541450148416,-0.15598553,-0.21366262,0.1401205
4,99541455059093,0.1834918,0.19734024,-0.09347696
10,99541461569458,-0.12746155,0.014842987,0.043815613
4,99541464804197,0.16724652,0.19254655,-0.10013486
10,99541469926853,-0.104444265,0.14101267,0.07029152
4,99541474782843,0.15339808,0.1834918,-0.101200126
10,99541481339978,-0.10581863,0.28653526,0.1257658
4,99541484549458,0.1504686,0.180296,-0.10226539
10,99541489735708,-0.20842236,0.35251904,0.04415369
4,99541494657166,0.15259913,0.17070863,-0.092145376
10,99541499747791,-0.39648747,0.30859518,0.132689
4,99541502925812,0.1536644,0.15393071,-0.07989483
10,99541509373624,-0.42975277,0.2816987,0.13541031
4,99541514258208,0.15899073,0.1470065,-0.063116916
10,99541520892999,-0.36692166,0.30285835,0.10237169
4,99541524178624,0.16085494,0.16005598,-0.040746365
10,99541529297791,-0.25401813,0.3335848,0.004477501
4,99541534170812,0.15233281,0.17496969,-0.006924219
10,99541540683416,-0.21239728,0.48165703,0.006887436
2,99541543981593,-29.0,-6.0,25.0
10,99541547306489,-0.27704072,0.6277032,-0.00987196
4,99541554516749,0.113983296,0.1784318,0.017576864
10,99541562068989,-0.23978812,0.6523123,-0.02102375
4,99541565353103,0.09267801,0.18269286,0.007190535
10,99541569840656,-0.22610217,0.64400244,-0.029496193
4,99541574803260,0.086020105,0.18082865,0.0013315806
10,99541581095656,-0.33373567,0.53851366,-0.006061077
4,99541584378572,0.0958738,0.16405073,0.0061252704
10,99541587244145,-0.45344576,0.3757081,0.04661131
4,99541594466385,0.11345066,0.13528858,0.011984225
10,99541600831593,-0.43945056,0.22799015,0.0376935
4,99541605286697,0.14966966,0.11424961,0.014647386
10,99541608943572,-0.38366377,0.22963524,0.088302135
4,99541613802166,0.216515,0.09880328,0.025033714
10,99541620070031,-0.3094871,0.33552122,0.20118713
4,99541623278103,0.28522456,0.1073254,0.049002163
10,99541626285083,-0.19695961,0.32115602,0.3376565
4,99541633620968,0.30333406,0.18322548,0.06364955
10,99541641177739,-0.25120762,-0.046565533,0.5443373
4,99541644492374,0.25699505,0.32037827,0.12010857
10,99541647294249,-0.25120762,-0.046565533,0.5443373
4,99541653023312,0.20692763,0.5267733,0.34807515
10,99541660630447,-0.97915256,-1.0025334,2.032889
4,99541663957947,0.2495382,0.7139935,0.7520767
10,99541666785031,-1.8458536,-1.4789796,2.047254
4,99541673051749,0.39601207,0.74781567,1.1321098
10,99541680648937,-1.8182257,-1.6372609,0.8162961
4,99541683993937,0.7621967,0.5267733,1.0378339
10,99541686879145,-1.5333158,-0.7442236,2.346191
4,99541693376645,0.8479505,0.07643273,0.37710363
10,99541699774249,-1.8069586,-0.6176772,1.2924047
4,99541704113364,0.08841695,-0.30386668,-0.30306774
10,99541706197010,-2.0056772,1.1827626,0.32754183
4,99541712738833,-0.21571605,-0.3752394,-0.47643954
10,99541718804874,-1.8427002,1.3967681,0.16741228
2,99541722062843,-29.0,-9.0,27.0
10,99541727197947,-0.9933547,0.37286234,-0.23166561
4,99541732029978,-0.87112004,-0.31478566,-0.3768373
10,99541738254614,-0.42928693,-0.2981062,0.085773945
4,99541741474614,-0.56672066,-0.40879524,-0.40586576
10,99541746946801,-0.678437,-0.8604102,0.49440622
4,99541751716593,-0.09187906,-0.52171326,-0.5086638
10,99541758028937,-1.0330405,-0.8857517,-0.008110523
4,99541761330395,0.07190535,-0.58456385,-0.5547365
10,99541766679301,-1.1406436,0.71169424,-0.46755075
4,99541771446749,0.066046394,-0.56911755,-0.4860269
10,99541777806749,-1.1293454,1.1491995,-0.50707054
4,99541781043989,-0.039947417,-0.56911755,-0.40932786
10,99541786455708,-0.9722203,1.2972708,-0.5422549
4,99541791232426,-0.21997711,-0.6149239,-0.38056573
10,99541796266958,-0.9641528,1.2458277,-0.57063913
4,99541799608051,-0.3291667,-0.65726817,-0.38083205
10,99541806224614,-0.80008656,1.0578837,-0.17364502
4,99541811082583,-0.30519825,-0.66179556,-0.34594464
10,99541817361697,-0.65157855,0.75880814,-0.12659979
4,99541820580187,-0.2231729,-0.62717444,-0.26525086
10,99541826008624,-0.559474,0.7061038,-0.02377987
4,99541830776801,-0.1206412,-0.5763081,-0.18109496
10,99541837134145,-0.525737,0.8937392,0.085748196
4,99541840379510,-0.077231675,-0.5302354,-0.11025487
10,99541845838833,-0.5198791,1.0054173,-0.0362401
4,99541850609926,-0.13768543,-0.49534798,-0.054594804
10,99541856923208,-0.4863444,0.984427,-0.12210083
4,99541860167322,-0.23462449,-0.45193845,-0.0053263223
10,99541865585499,-0.47060752,0.86874104,-0.19453287
4,99541870372270,-0.3043993,-0.41039312,0.045540057
10,99541876698364,-0.3989095,0.8387399,-0.19734097
4,99541879919197,-0.3206446,-0.36964676,0.094009586
10,99541885333051,-0.22669119,0.7902312,-0.26031256
4,99541890095083,-0.3289004,-0.32330775,0.1454086
10,99541895015187,-0.044756055,0.6954942,-0.3008623
2,99541898517218,-23.0,-2.0,23.0
10,99541904379978,-0.16405249,0.642406,-0.4540639
4,99541910117843,-0.39441416,-0.3518036,0.23622239
10,99541916211697,-0.13619494,0.6187291,-0.39625406
4,99541919464874,-0.38562572,-0.3637878,0.2495382
10,99541924896957,-0.11053455,0.57646084,-0.37841845
4,99541929659978,-0.3320962,-0.36085832,0.2412824
10,99541936025864,-0.08992946,0.5210738,-0.284369
4,99541939275968,-0.28336033,-0.34754252,0.24048345
10,99541944684614,0.07328451,0.47852373,-0.25803757
4,99541949590916,-0.27057716,-0.30919302,0.26365295
10,99541955800239,0.11305165,0.38465118,-0.2928791
4,99541959017010,-0.3304983,-0.27830034,0.29614353
10,99541964465030,-0.120342374,0.43269253,-0.17994452
4,99541969333103,-0.3800331,-0.26072347,0.3158509
10,99541975577426,-0.17075181,0.46786022,-0.1357112
4,99541978814301,-0.38908786,-0.22343922,0.33316147
10,99541984241697,-0.12226093,0.35904694,-0.17128277
4,99541989023728,-0.40240365,-0.17896444,0.35153726
10,99541993944926,-0.1025244,0.2563076,-0.13917017
4,99541997384926,-0.4000068,-0.15978967,0.36671728
10,99542003647895,0.04332924,0.27316332,-0.10474634
4,99542008463676,-0.39734364,-0.15020229,0.3717773
10,99542015187426,0.18200946,0.42316198,-0.14513159
4,99542018423155,-0.38802257,-0.12436963,0.37603834
10,99542023788103,0.14610612,0.41567802,0.14536428
4,99542028569666,-0.3768373,-0.12170646,0.3832289
10,99542034885760,0.009853601,0.23108816,0.15324068
4,99542038129718,-0.3637878,-0.122771725,0.3850931
10,99542042983885,0.11010754,0.10546732,0.28032255
4,99542047777687,-0.3355583,-0.10333065,0.3821636
10,99542054704353,0.17259681,0.10238838,0.29554272
4,99542057910812,-0.25246766,-0.07643273,0.39068574
10,99542063350812,0.09950054,-0.0040717125,0.5112572
4,99542068292062,-0.18269286,-0.09054748,0.40213734
10,99542074487478,-0.08376527,-0.1461072,0.43508673
2,99542077737895,-29.0,2.0,21.0
10,99542083160864,0.02308309,-0.096586704,0.38575506
4,99542087977218,-0.1784318,-0.08974853,0.38269624
10,99542092924562,0.083332896,-0.123250484,0.42810345
4,99542096264041,-0.18056233,-0.07962852,0.37790257
10,99542102896124,0.108438134,-0.3119216,0.43533087
4,99542107747999,-0.16618125,-0.0727043,0.36884782
10,99542114027947,0.1406343,-0.51020527,0.44744062
4,99542117243416,-0.14833808,-0.08362326,0.33422673
10,99542122684301,0.26012886,-0.6063018,0.4211359
4,99542127452739,-0.119043306,-0.0644485,0.29188246
10,99542133804093,0.40972364,-0.7495489,0.3578329
4,99542137051228,-0.10333065,-0.028495824,0.2615224
10,99542142460134,0.31617832,-0.80354977,0.45310688
4,99542147315551,-0.08655274,-0.027164243,0.24820662
10,99542153588572,0.25042087,-0.73394203,0.5476389
4,99542156823051,-0.02263687,-0.04447479,0.17789917
10,99542162238207,0.31162626,-0.6581607,0.42393446
4,99542167027895,-0.021571605,-0.04580637,0.1504686
10,99542173412999,0.3232832,-0.5435257,0.4425888
4,99542176611384,-0.023169503,-0.041545313,0.09640643
10,99542182039249,0.23050827,-0.4969597,0.57054615
4,99542186831280,-0.027696876,-0.047404267,0.08681905
10,99542191758884,0.17196852,-0.5218816,0.596128
4,99542195161905,-0.0314253,-0.07376956,0.0727043
10,99542201793832,0.18672651,-0.49454927,0.61697674
4,99542206652999,-0.034088463,-0.09187906,0.053795855
10,99542212922791,0.20674545,-0.303617,0.5981655
4,99542216145239,-0.014913702,-0.087618,0.046072688
10,99542221572114,0.100943565,-0.16716766,0.7425537
4,99542226390707,-0.005060006,-0.09321064,0.05752428
10,99542231745291,0.03420371,-0.12917137,0.73090506
4,99542234986437,-0.012516857,-0.105993815,0.054328486
10,99542241357947,0.051657736,-0.06416559,0.6580019
4,99542246174301,-0.010918961,-0.11957593,0.042077947
10,99542252473051,0.0962379,-0.058764935,0.51855516
2,99542255705343,-34.0,7.0,21.0
10,99542261159301,0.106482625,-0.06282902,0.42928076
4,99542266082895,-0.009054748,-0.109988555,0.07456851
10,99542272142426,0.032746315,-0.013766766,0.43590975
4,99542275378884,-0.009321064,-0.11424961,0.08522116
10,99542280893520,-0.0026923418,-0.030714035,0.35262632
4,99542285784718,-0.016245283,-0.112119086,0.082558
10,99542290678520,0.017418861,-0.13295698,0.21991348
4,99542294053989,-0.014913702,-0.094009586,0.07856325
10,99542300422166,0.054948926,-0.2449565,0.28803015
4,99542305321645,0.0127831735,-0.0777643,0.06977482
10,99542311814353,0.054480076,-0.3175907,0.20629644
4,99542315052322,0.03568636,-0.06684534,0.04926848
10,99542320450134,0.04788828,-0.28692627,0.09153557
4,99542325362374,0.057257965,-0.049002163,0.011451593
10,99542331583624,0.092538714,-0.12690115,0.13263607
4,99542334791228,0.06764429,-0.026631612,-0.0127831735
10,99542340217947,0.054320216,-0.11343098,0.084487915
4,99542345073832,0.052996907,-0.013315806,-0.017310547
10,99542351440864,-0.03121221,-0.08748531,0.1540842
4,99542354815291,0.030626353,0.0026631611,-0.022903185
10,99542359994874,-0.06284428,0.13003111,0.2738161
4,99542364880499,0.033023197,0.007190535,-0.021571605
10,99542371119197,-0.1531536,0.22056007,0.17301083
4,99542374479093,0.040746365,0.019973708,-0.0058589545
10,99542379863728,-0.1502679,0.26246786,0.14293909
4,99542384741176,0.036485307,0.028495824,0.009853696
10,99542389631072,-0.22871143,0.3211856,0.27773666
4,99542392924457,0.05912218,0.028229509,0.032490566
10,99542399548416,-0.26735097,0.21875238,0.28705645
4,99542404414457,0.08042747,0.03222425,0.05273059
10,99542410687739,-0.2394473,0.098137856,0.22521496
4,99542413991228,0.10013486,0.053263225,0.05539375
10,99542419322947,-0.31425464,0.1941371,0.3293233
4,99542424298468,0.10972224,0.06018744,0.0644485
10,99542430474666,-0.40455604,0.22584295,0.2540474
2,99542433711801,-33.0,10.0,22.0
10,99542437142999,-0.41173863,0.27372694,0.2061634
4,99542444498103,0.058589544,0.06338324,0.05832323
10,99542452043832,-0.38048255,0.22585201,0.13381577
4,99542455315811,0.0479369,0.053263225,0.033822145
10,99542460167114,-0.38096666,0.13991594,0.073223114
4,99542465203051,0.05006743,0.054062173,0.017576864
10,99542471311645,-0.36540687,0.08923006,0.09586811
4,99542474575030,0.06364955,0.0479369,0.008788432
10,99542477417114,-0.42286772,0.10120106,0.18924189
4,99542484527218,0.09267801,0.03009372,7.9894834E-4
10,99542491012895,-0.45471668,0.08505726,0.2531495
4,99542495374145,0.12250541,0.01304949,0.002130529
10,99542499985239,-0.4490642,0.06668234,0.34440756
4,99542504805186,0.13502227,7.9894834E-4,0.013315806
10,99542510895082,-0.4723603,0.18149757,0.27441978
4,99542514222061,0.13102753,-0.006924219,0.031158986
10,99542517044353,-0.43165886,0.3706398,0.28878498
4,99542523769770,0.114782244,-0.010120012,0.046871636
10,99542531332791,-0.3134383,0.4694996,0.23844671
4,99542534587426,0.080960095,-0.0018642128,0.052996907
10,99542538010916,-0.31114364,0.4632864,0.231956
4,99542543173624,0.06338324,0.017044231,0.050866377
10,99542549224770,-0.040238917,0.33781528,0.340775
4,99542552442843,0.08948222,0.046339005,0.049534798
10,99542555458624,0.04595232,0.2659893,0.46527338
4,99542563176697,0.15020229,0.07989483,0.05352954
10,99542570721280,-0.024244487,0.07097864,0.5128355
4,99542574058468,0.20559604,0.10759171,0.050333746
10,99542576887947,-0.024244487,0.07097864,0.5128355
4,99542583322166,0.27403927,0.13528858,0.030360037
10,99542589699457,-0.13257408,0.13728905,0.61064386
4,99542593943624,0.3853594,0.16964336,0.006657903
10,99542596057009,-0.06074804,0.2833357,0.5723362
4,99542602728780,0.4346279,0.18508969,-0.0018642128
10,99542609003988,-0.11920416,0.35070372,0.5123038
2,99542612267582,-33.0,10.0,22.0
10,99542616766853,-0.17873847,0.6037922,0.49232483
4,99542621556697,0.5454154,0.18615496,-0.012250541
10,99542628427843,-0.08095294,0.86428356,0.32247066
4,99542631639770,0.54168695,0.2146508,0.016245283
10,99542636884822,-0.0028552413,1.0386214,0.17730474
4,99542641688155,0.5134575,0.23702134,0.036751624
10,99542648208363,0.052648187,1.017829,0.29189825
4,99542651444978,0.44874266,0.27856666,0.092145376
10,99542656681020,0.028863847,0.47591114,0.4160719
4,99542661506697,0.3422162,0.31957933,0.13795175
10,99542668045916,0.009396136,0.1181941,0.55561733
4,99542671351541,0.24740767,0.40213734,0.2031992
10,99542676258051,-0.29168594,-1.2847948,1.106082
4,99542681986176,0.22503711,0.556867,0.34487936
10,99542687037426,-0.39714468,-1.6815228,1.0441165
4,99542690142374,0.22423817,0.75820196,0.51798487
10,99542696056020,-0.55182683,-1.5251856,1.3154578
4,99542700845916,0.45247108,0.7451525,0.509729
10,99542707543103,-0.6954006,-1.729536,1.8002758
4,99542710758780,0.572047,0.38748994,0.21917816
10,99542715991384,-0.6320001,-2.6100297,1.8101268
4,99542720857895,0.2905509,-0.045007423,-0.19947077
10,99542727297374,-0.057841063,-1.5119104,1.4486594
4,99542730507322,0.17443706,-0.2330266,-0.46365637
10,99542735712791,-0.13605332,-0.41749716,1.0420918
4,99542740516384,0.123836994,-0.2197108,-0.41039312
10,99542747108051,-0.45933953,-0.5239773,0.47569513
4,99542750345395,0.006657903,-0.21118867,-0.22077605
10,99542755313311,-0.20013604,-0.02070713,-0.023783207
4,99542760079718,0.11851067,-0.2825614,-0.16271915
10,99542766918572,0.37896293,0.6911516,-0.45968437
4,99542770165186,0.31931302,-0.33822146,-0.23355924
10,99542775125499,0.48421776,0.89673376,-1.2937002
4,99542779961176,0.2790993,-0.3392867,-0.314253
10,99542785233051,0.07204425,0.9013362,-1.3557038
2,99542788494145,-30.0,15.0,24.0
10,99542794965603,-0.5019655,0.87094355,-1.3995705
4,99542799805968,-0.0793622,-0.38615838,-0.28469193
10,99542806435082,-0.23939562,0.70077085,-0.7487755
4,99542811196228,0.00958738,-0.340352,-0.25326663
10,99542814968988,-0.39869317,0.0954895,-0.6865101
4,99542819745811,0.03169162,-0.32330775,-0.23276028
10,99542826224405,-0.5907237,0.07585001,-0.43361425
4,99542829438103,0.11504856,-0.33156356,-0.2197108
10,99542834609301,-0.5410671,0.3654518,-0.33239603
4,99542839377270,0.15659387,-0.3086604,-0.18642128
10,99542846037686,-0.5559554,0.5215969,-0.5916228
4,99542849274509,0.08175905,-0.26684874,-0.13209279
10,99542854414509,-0.5696702,0.71241236,-0.75028324
4,99542859338572,-0.043409526,-0.23861924,-0.083889574
10,99542865765082,-0.56556845,0.88691807,-0.5559602
4,99542868999926,-0.13795175,-0.24261399,-0.0628506
10,99542874150603,-0.5215014,0.7710295,-0.6127777
4,99542878972582,-0.21731395,-0.22770028,-0.06791061
10,99542884130863,-0.32317615,0.61911917,-0.7182932
4,99542887363936,-0.27403927,-0.180296,-0.07803062
10,99542893875915,-0.3350209,0.3601327,-0.5775795
4,99542898724457,-0.2775014,-0.14674018,-0.07669904
10,99542905333676,-0.36278248,0.11495829,-0.4427457
4,99542908549718,-0.2330266,-0.11930962,-0.066046394
10,99542913686801,-0.20487958,0.070316315,-0.27703428
4,99542918541749,-0.15499598,-0.06924219,-0.049002163
10,99542925109718,-0.11535132,0.04192829,-0.2456708
4,99542928357999,-0.12703279,-0.025300032,-0.023702133
10,99542933535655,-0.3135411,0.013054371,-0.2561283
4,99542938319665,-0.14647387,-0.008522116,-0.011185277
10,99542944928988,-0.30535394,0.1829586,-0.18553638
4,99542948167374,-0.12330436,0.0058589545,-0.03914847
10,99542953334145,-0.12203777,0.18159914,-0.13487864
4,99542958137478,-0.104928546,0.046339005,-0.060453758
10,99542964659249,-0.03919375,0.14963913,-0.18403482
2,99542967923311,-28.0,13.0,26.0
10,99542972834457,-0.016497254,0.27693462,0.07910395
4,99542978613468,-0.14514229,0.09427591,-0.05672533
10,99542983667113,7.367134E-4,0.2782216,0.2302599
4,99542986775603,-0.19947077,0.105727494,-0.047670584
10,99542992390603,-0.11105311,0.07771349,0.32485294
4,99542997167738,-0.24421188,0.11504856,-0.029827405
10,99543004210811,-0.25079775,-0.10395813,0.42541218
4,99543007443103,-0.22237396,0.123038046,-0.02130529
10,99543012679822,-0.26927423,-0.19480085,0.504127
4,99543017471020,-0.1555286,0.13209279,-0.024501082
10,99543023985655,-0.19920713,-0.15148497,0.5738487
4,99543027221749,-0.10279802,0.13662016,-0.03781689
10,99543032002374,-0.12067938,0.027535915,0.59562206
4,99543036922895,-0.09454222,0.13608754,-0.046339005
10,99543042980082,-0.15556246,0.11896372,0.53007793
4,99543046227374,-0.12410331,0.1222391,-0.054062173
10,99543052036853,-0.2988004,0.16076946,0.48179197
4,99543056819665,-0.18961707,0.08894958,-0.055926383
10,99543063543676,-0.2581041,0.13821983,0.37636137
4,99543066782426,-0.23036344,0.064182185,-0.053263225
10,99543071939770,-0.19733745,-0.0021224022,0.54350615
4,99543076756749,-0.21598236,0.06098639,-0.05352954
10,99543081902686,-0.196482,-0.09867525,0.6708441
4,99543085140342,-0.17576863,0.047404267,-0.06524745
10,99543091583415,-0.26671726,-0.24056625,0.70302105
4,99543096394405,-0.15765914,0.021571605,-0.08868326
10,99543103108051,-0.2805745,-0.24924326,0.62482786
4,99543106351697,-0.1667139,0.00958738,-0.113983296
10,99543111519978,-0.2228961,-0.07394791,0.5132055
4,99543116381697,-0.1488707,0.021571605,-0.12676647
10,99543122883884,-0.20820802,-0.060319424,0.49141312
4,99543126129926,-0.13608754,0.037550572,-0.12650016
10,99543131361697,-0.14772952,0.026655674,0.40174532
4,99543136343467,-0.13981596,0.040213734,-0.13981596
10,99543142673155,-0.10595226,0.05804205,0.38852882
2,99543145930707,-34.0,7.0,27.0
10,99543150842478,-0.041799903,0.12462187,0.45354462
4,99543155765238,-0.13022858,0.082558,-0.15978967
10,99543162433259,-0.18713087,0.17606163,0.44544077
4,99543165677895,-0.1107875,0.096939065,-0.13981596
10,99543170822322,-0.27748382,0.20931864,0.4619708
4,99543175712634,-0.08868326,0.11531488,-0.11984225
10,99543180793624,-0.21496338,0.24328566,0.39039612
4,99543184002634,-0.06098639,0.13635385,-0.10652645
10,99543190470030,-0.15778863,0.30864668,0.41947222
4,99543195351697,-0.033289514,0.14567491,-0.09321064
10,99543202044770,-0.17557228,0.3556347,0.42759705
4,99543205280655,-0.027696876,0.14008227,-0.08868326
10,99543208863311,-0.22902864,0.39510298,0.42578936
4,99543215816540,-0.02956109,0.13608754,-0.09134643
10,99543222092634,-0.2992472,0.33564234,0.34173346
4,99543225297113,-0.049002163,0.13635385,-0.08229168
10,99543230212165,-0.2565372,0.20810843,0.40733433
4,99543235115707,-0.046072688,0.13209279,-0.06578008
10,99543241541905,-0.25127447,0.15660954,0.4148035
4,99543244776853,-0.016777916,0.114782244,-0.06098639
10,99543250004249,-0.29730338,0.087070465,0.3996725
4,99543255035967,-0.008788432,0.09880328,-0.06897587
10,99543261313519,-0.2782815,-0.004161358,0.41583967
4,99543264584301,-0.01784318,0.08948222,-0.08149273
10,99543269560134,-0.28614026,-0.039569855,0.47111988
4,99543274479457,-0.01571265,0.084155895,-0.08069378
10,99543279666176,-0.33041102,-0.10398579,0.47832012
4,99543282911644,-0.012516857,0.07403588,-0.07669904
10,99543289349353,-0.23240066,-0.11084223,0.4666872
4,99543293507217,-0.006924219,0.06924219,-0.076965354
11,99543306033311,-0.351401,0.125179,-0.449107,0.811879,3.0
4,99543307923884,0.0015978967,0.055926383,-0.07590009
4,99543314989978,5.326322E-4,0.050866377,-0.072970614
11,99543314989978,-0.350969,0.126447,-0.452088,0.810214,3.0
4,99543316922634,-2.663161E-4,0.04660532,-0.07137272
4,99543327565238,0.0013315806,0.026365295,-0.082558
10,99543335679301,-0.376773,-0.1864171,0.4202695
4,99543335679301,0.011717909,0.019707393,-0.09161274
4,99543337629353,0.022370555,0.015978966,-0.09560748
4,99543342629353,0.027164243,0.016245283,-0.09560748
4,99543348644926,0.029028457,0.01438107,-0.09347696
10,99543356842113,-0.43375236,-0.14430714,0.36066198
4,99543356842113,0.022903185,0.0058589545,-0.09187906
4,99543358782061,0.015446335,-0.0031957934,-0.094808534
10,99543367405551,-0.47142154,-0.074142456,0.35734558
4,99543367405551,0.009054748,-0.012516857,-0.0974717
4,99543369344457,0.00479369,-0.025832662,-0.10226539
10,99543377101488,-0.5177574,-0.046448708,0.31894732
4,99543379499301,5.326322E-4,-0.039947417,-0.10945592
10,99543386561853,-0.56078774,-0.023331165,0.33845568
4,99543388391697,-0.0058589545,-0.041279,-0.1073254
10,99543395308988,-0.53931904,0.09569931,0.29348564
4,99543395308988,-0.0018642128,-0.041545313,-0.105727494
4,99543397568103,0.0010652645,-0.046072688,-0.10359697
10,99543406252113,-0.5180774,0.11390209,0.22195959
4,99543406252113,0.002130529,-0.04181163,-0.09853696
4,99543408225551,0.0029294773,-0.03568636,-0.09321064
10,99543415953936,-0.49162728,0.18475103,0.2317648
4,99543415953936,-7.9894834E-4,-0.03888215,-0.087618
4,99543417923728,-0.0015978967,-0.039414786,-0.08016115
10,99543426576176,-0.45263368,0.24366331,0.1912322
4,99543426576176,0.0026631611,-0.040213734,-0.0727043
4,99543428563467,0.004261058,-0.041012682,-0.06498113
10,99543436295707,-0.38687247,0.23076534,0.13867569
4,99543436295707,0.008522116,-0.035153728,-0.057790596
4,99543438265186,0.0127831735,-0.028495824,-0.04873585
10,99543446939249,-0.36779946,0.26778173,0.12149811
4,99543446939249,0.021038974,-0.016777916,-0.03914847
4,99543448906488,0.024501082,-0.002396845,-0.029294772
10,99543456595342,-0.35564536,0.2820673,0.17937946
4,99543456595342,0.0314253,0.013582122,-0.018908445
4,99543458592894,0.03222425,0.020772656,-0.007989483
10,99543467227894,-0.2971561,0.27503347,0.10047579
4,99543469778519,0.024501082,0.05486112,0.011185277
10,99543476902634,-0.25297612,0.23976564,0.14374352
4,99543479840915,0.016511599,0.08069378,0.0314253
10,99543486369353,-0.2365256,0.201015,0.005728245
4,99543488234196,0.014913702,0.105727494,0.043675844
10,99543495290707,-0.1844058,0.21557522,-0.050622463
4,99543495290707,0.017044231,0.11504856,0.046072688
4,99543497261332,0.022370555,0.12463594,0.04527374
2,99543505946905,-34.0,1.0,28.0
4,99543508265342,0.034088463,0.13741912,0.037284255
4,99543517365499,0.040746365,0.15313177,0.0314253
4,99543520610551,0.050600063,0.16964336,0.026631612
10,99543528346801,0.1264807,0.1669817,-0.06325579
4,99543533254144,0.03781689,0.24074976,0.025033714
10,99543536901488,0.23872435,-0.03369093,-0.081288815
4,99543540138728,0.028495824,0.25992453,0.02396845
10,99543548087999,0.2298361,-0.11730003,-0.07146835
4,99543552941436,0.03888215,0.3089267,-0.0058589545
10,99543556567842,0.30862236,-0.2820716,0.16822004
4,99543559839613,0.055926383,0.330232,-0.021038974
10,99543567871176,0.26144612,-0.28368902,0.1904192
4,99543572676801,0.13475595,0.37310886,-0.064182185
10,99543576346124,0.24353933,-0.12938595,0.28019333
4,99543581106176,0.14940333,0.38748994,-0.07137272
10,99543586316853,0.2735926,-0.12513971,0.28965855
4,99543590140082,0.14913702,0.40426785,-0.08229168
10,99543595898259,0.34431398,-0.07862997,0.2433629
4,99543600699144,0.13928333,0.4013384,-0.09933591
10,99543607419301,0.32833868,-0.064676285,0.13587236
4,99543612220707,0.13528858,0.39894155,-0.12942964
10,99543615848988,0.29804736,-0.28742266,0.1966672
4,99543619109717,0.1419465,0.39414784,-0.14913702
10,99543627208051,0.30242592,-0.3618822,0.31979704
4,99543631460863,0.1818939,0.41758367,-0.17204021
10,99543635785603,0.37609208,-0.39072275,0.40022182
4,99543639028155,0.2247708,0.43249738,-0.21731395
10,99543647027061,0.42126667,-0.41822052,0.3868599
4,99543651821540,0.25859293,0.4394216,-0.262854
10,99543655456644,0.57764995,-0.5576596,0.1593256
4,99543658724092,0.24580978,0.43649212,-0.29880667
10,99543666767061,0.7799704,-0.55841017,0.19803524
4,99543671568832,0.26365295,0.43382895,-0.33529198
10,99543675226176,0.89975137,-0.48855734,0.10448313
2,99543679980446,-34.0,-3.0,25.0
10,99543685124196,0.9662855,-0.46555328,-0.030519962
4,99543689060915,0.30519825,0.44714475,-0.4215784
10,99543694872426,0.93047523,-0.61586285,-0.10138178
4,99543698237998,0.3392867,0.47670585,-0.4631237
10,99543706326957,0.88241106,-0.589911,0.06439304
4,99543711161384,0.45699844,0.51265854,-0.50173956
10,99543714947894,0.65712243,-0.16535378,0.44797754
4,99543718153103,0.65247446,0.50999534,-0.52597433
10,99543726100863,0.20747983,0.016887188,0.4426942
4,99543730875186,0.7952199,0.49188587,-0.5049353
10,99543734587634,0.012937486,0.2622409,0.5221038
4,99543737855498,0.9222527,0.45859635,-0.4577974
10,99543745924769,-0.24055958,0.93031025,0.51456976
4,99543750724509,1.0333065,0.40426785,-0.40373522
10,99543754483780,-0.46790084,1.5301247,0.8014302
4,99543757734717,1.0309097,0.3368899,-0.32277513
10,99543765644405,-0.59129375,1.5864687,0.5828967
4,99543770399301,0.8828379,0.28868666,-0.25539714
10,99543774188155,-0.66274685,1.6012645,0.6145711
4,99543778939978,0.72624403,0.27643612,-0.18748654
10,99543784113936,-0.77823174,1.2325859,0.80391836
4,99543787958780,0.5819007,0.27803403,-0.06844324
10,99543793686592,-1.130213,0.3920045,0.81876993
4,99543797139717,0.45353633,0.2743056,0.023435818
10,99543805206696,-1.2780603,0.079031944,0.98422194
4,99543810040603,0.40959418,0.262854,0.032490566
10,99543813764248,-1.2176443,0.33613062,0.6319041
4,99543816983363,0.3933489,0.27403927,0.008255799
10,99543824992165,-1.0614476,0.6657338,0.25436878
4,99543829764926,0.31451932,0.27004454,-0.014114754
10,99543833571957,-1.1167631,0.9160733,-0.12665653
4,99543836816436,0.19787288,0.2000034,-0.049534798
10,99543844763311,-1.19628,0.82727146,-0.35822248
4,99543849581748,0.13156016,0.10865697,-0.11744541
10,99543853284561,-1.0197828,0.54463196,-0.31282616
2,99543856537426,-27.0,-15.0,29.0
10,99543864543467,-0.89063996,0.23385954,2.7799606E-4
4,99543869341957,0.32304144,0.092944324,-0.20240025
10,99543873022998,-0.8611629,-0.019768715,0.34964323
4,99543877785186,0.3784352,0.13928333,-0.19574234
10,99543882931748,-0.79257715,-0.042859077,0.54134274
4,99543886848103,0.39947417,0.45806372,-0.061519023
10,99543892586123,-1.0111529,-0.007946968,0.8400755
4,99543896018519,0.36112466,0.6085323,0.052464273
10,99543904132478,-1.3010689,0.13092947,0.94629383
4,99543908919925,0.23489082,0.94542223,0.5267733
10,99543912574196,-1.5027783,-0.40656757,0.6050863
4,99543915847946,0.21145499,0.96086854,0.67031765
10,99543923912373,-1.5724252,-0.82151794,0.3072033
4,99543928693571,0.42663842,0.7028082,0.8069378
10,99543932421280,-1.9541023,0.22756767,2.121399
4,99543935633467,0.6245113,0.49215218,0.6535397
10,99543943681800,-2.2264376,-0.0968709,2.3171425
4,99543948498311,0.042876896,-0.21331921,-0.19973709
10,99543952151071,-2.6971266,0.49946213,1.1351414
4,99543955407009,-0.20399815,-0.32597092,-0.36938044
10,99543963497217,-2.6467204,0.9072223,1.2535782
4,99543968248988,-0.59894496,-0.38056573,-0.29454562
10,99543971885134,-1.67256,0.34881735,0.28179932
4,99543976675759,-0.56618804,-0.3832289,-0.21997711
10,99543981767582,-0.95486736,0.058612347,-0.20573282
4,99543985736853,-0.32810146,-0.3965447,-0.20240025
10,99543990376592,-0.14323826,-0.0592618,-0.8366008
4,99543995326123,-0.035153728,-0.44022053,-0.28575718
10,99544002966748,-0.4706024,0.061127186,-0.89668655
4,99544007738259,-0.17949706,-0.5438175,-0.2793656
10,99544011439353,-0.7858242,1.2410736,-1.3033619
4,99544014685550,-0.26658243,-0.57098174,-0.23542345
10,99544022784665,-0.7124331,1.4130597,-1.3358321
4,99544027598415,-0.4990764,-0.60560286,-0.14274544
10,99544030956071,-0.6700471,0.7929282,-1.0560398
2,99544035035186,-24.0,-13.0,30.0
10,99544041679248,-0.7293314,0.7348623,-0.9440069
4,99544046453623,-0.5832323,-0.6460829,-0.11504856
10,99544050102530,-0.5652198,0.54785585,-1.0134788
4,99544054949300,-0.6197176,-0.62371236,-0.08442221
10,99544062303780,-0.5454694,0.6115012,-0.959146
4,99544067117998,-0.6578008,-0.5901565,-0.029028457
10,99544070832946,-0.9486948,0.76156855,-0.566751
4,99544075660967,-0.64555025,-0.59122175,0.012516857
10,99544080749040,-1.0515497,0.6830263,-0.38059616
4,99544084677634,-0.61199445,-0.608266,0.02396845
10,99544090338311,-1.2194912,0.28444242,-0.15898848
4,99544093800290,-0.5635249,-0.619185,0.026365295
10,99544101884769,-1.103874,0.06787157,0.031089783
4,99544106669665,-0.48709217,-0.61678815,0.051665325
10,99544110314144,-0.9107125,0.19846535,-0.0040798187
4,99544113563571,-0.42797,-0.6000102,0.11851067
10,99544121647217,-0.698506,0.41651773,-0.022762299
4,99544126429040,-0.44661212,-0.5789712,0.20479709
10,99544130080863,-0.60066867,0.5779748,-0.15391302
4,99544133355967,-0.51452273,-0.5813681,0.26818034
10,99544141423884,-0.44614044,0.5366144,-0.14877272
4,99544145390238,-0.5550028,-0.59228706,0.28522456
10,99544149706748,-0.32759723,0.31574917,0.043208122
4,99544153123780,-0.5289038,-0.60293967,0.28176245
10,99544161184665,-0.3927958,0.011215687,0.19792843
4,99544166019457,-0.48043427,-0.6002765,0.29188246
10,99544169659821,-0.39252022,-0.033198833,0.20675325
4,99544174617842,-0.44554687,-0.58429754,0.3139867
10,99544179702425,-0.25870413,0.055740833,0.12703657
4,99544183557321,-0.4348942,-0.5613944,0.33103094
10,99544189235342,-0.18686432,0.23697996,0.16859722
4,99544192689509,-0.45380265,-0.5523396,0.3552657
10,99544200737113,-0.15873176,0.33172894,0.1641984
4,99544205611957,-0.4857606,-0.5523396,0.38109836
10,99544209273571,-0.04175514,0.2597766,0.13903666
2,99544212521175,-30.0,-6.0,26.0
10,99544220518884,0.21875954,0.16565943,0.056055546
4,99544225367321,-0.50147325,-0.51265854,0.3965447
10,99544229915394,0.38993442,0.10340309,0.029352188
4,99544233123311,-0.4660532,-0.4777711,0.4013384
10,99544240285811,0.4658131,0.055847168,0.024841785
4,99544245125030,-0.4498079,-0.45859635,0.406931
10,99544248768571,0.44270027,0.10270929,0.04326296
4,99544252036696,-0.43223104,-0.45912898,0.40080574
10,99544260064977,0.5329925,0.12869549,8.6450577E-4
4,99544264904717,-0.40746364,-0.42290998,0.39388153
10,99544268554873,0.73810494,0.097943306,-0.057388783
4,99544273454925,-0.38935417,-0.34674358,0.40879524
10,99544278625863,0.85675263,0.014856815,0.25048733
4,99544282456696,-0.37017938,-0.29214877,0.43542686
10,99544286706227,0.7274791,-0.097664356,0.28640413
4,99544292815915,-0.34434673,-0.26312032,0.44315
10,99544300889144,0.6690601,-0.049203396,0.47163868
4,99544305731488,-0.29933932,-0.2428803,0.4428837
10,99544309380498,0.67370546,-0.023642063,0.49506664
4,99544312592321,-0.26818034,-0.18109496,0.45912898
10,99544319401852,0.75001025,-0.12177563,0.28869247
4,99544324226957,-0.24474451,-0.12916331,0.48709217
10,99544326331227,0.5919845,-0.13134956,0.30545664
4,99544332658154,-0.22663501,-0.12463594,0.49454904
10,99544338992321,0.7564362,-0.15985012,0.37664175
4,99544344023884,-0.18482338,-0.09933591,0.474309
10,99544347674248,0.79633546,-0.25293112,0.36194897
4,99544350951019,-0.17443706,-0.088150635,0.4644553
10,99544358756540,0.76968056,-0.27837133,0.43176556
4,99544363624300,-0.13502227,-0.066046394,0.4295679
10,99544368237477,0.6453722,-0.48252916,0.39718008
4,99544373083727,-0.1272991,-0.05965481,0.41785
10,99544379420550,0.73061126,-0.5469332,0.32770443
4,99544383792217,-0.041279,-0.0063915867,0.37444046
10,99544385888154,0.87426156,-0.6929717,0.33489466
2,99544391719092,-36.0,5.0,21.0
10,99544398440394,0.899512,-0.69535446,0.43327236
4,99544403340967,0.0743022,0.046339005,0.26338664
10,99544407926071,0.74976134,-0.64289904,0.4046874
4,99544411130134,0.07563378,0.046871636,0.23036344
10,99544418221540,0.6160102,-0.6935935,0.30455542
4,99544423291123,0.03834952,0.051132694,0.16325177
10,99544427907321,0.572664,-0.77222633,0.32052088
4,99544431150394,0.024501082,0.053795855,0.14807177
10,99544437876332,0.568008,-0.6856103,0.24336576
4,99544442635654,0.036485307,0.061252706,0.09853696
10,99544446299144,0.5665526,-0.5652418,0.20974827
4,99544451122894,0.048203215,0.064182185,0.084155895
10,99544457647321,0.603345,-0.5238018,0.16937256
4,99544462437790,0.055127434,0.07137272,0.02956109
10,99544466081175,0.5232143,-0.35128307,0.4949975
4,99544470266175,0.05273059,0.06471482,0.009054748
10,99544476516957,0.41594952,-0.32556915,0.5039525
4,99544481351540,0.051665325,0.03834952,-0.015180019
10,99544485014977,0.40304536,-0.30195618,0.40591812
4,99544489841279,0.050333746,0.033822145,-0.019707393
10,99544497213519,0.453178,-0.244802,0.33444595
4,99544502048102,0.06844324,0.04234426,-0.01304949
10,99544506650134,0.40144932,-0.21706247,0.25259638
4,99544509894873,0.07749799,0.036751624,-0.008522116
10,99544516976071,0.41450036,-0.16164017,0.24632645
4,99544521770290,0.0793622,0.038083203,-0.019973708
10,99544526369092,0.41026783,-0.054291725,0.26812983
4,99544529604144,0.0777643,0.040746365,-0.03781689
10,99544536767946,0.27679998,-0.049831867,0.201406
4,99544541560290,0.063116916,0.042876896,-0.049534798
10,99544545222581,0.18167645,0.07002449,0.1303649
4,99544549995290,0.048203215,0.043942157,-0.053795855
10,99544556534456,0.12982899,0.057402134,0.034526348
4,99544561301071,0.028495824,0.05273059,-0.05672533
10,99544565040081,0.078571916,0.048857212,-0.05735588
2,99544569850759,-36.0,10.0,19.0
10,99544574940915,-0.055608153,-0.0039362907,-0.06673002
4,99544579047581,0.013315806,0.028495824,-0.080960095
10,99544584985550,-0.043761253,-0.012951851,-0.15414667
4,99544588263415,0.011451593,0.039947417,-0.08894958
10,99544596107790,-0.054014802,0.076413155,-0.25803232
4,99544600943727,0.0063915867,0.07243799,-0.07563378
10,99544604738831,-0.11175418,0.08062458,-0.41872692
4,99544608003467,-0.005060006,0.12197278,-0.05352954
10,99544615895706,-0.07663435,0.100708485,-0.5880742
4,99544620740550,-0.041012682,0.1784318,-0.04181163
10,99544624432269,-0.07986659,0.11407328,-0.7432704
4,99544627789144,-0.07456851,0.23782028,-0.012250541
10,99544635671227,-0.013321102,0.06137228,-0.85749626
4,99544640537321,-0.1304949,0.30945933,0.023702133
10,99544644263623,0.05732113,-0.023171425,-0.8320279
4,99544647531800,-0.175236,0.3717773,0.041279
10,99544655450498,0.038861036,0.010060787,-0.6823602
4,99544660226384,-0.17496969,0.3717773,0.006924219
10,99544664027477,-0.060370326,0.02662611,-0.53970194
4,99544668788363,-0.14221281,0.35286885,-0.040746365
10,99544673795654,-0.05390519,-0.07677603,-0.3678894
4,99544677925602,-0.09773801,0.34594464,-0.07749799
10,99544683869821,-0.067347705,0.0025138855,-0.2523346
4,99544687120029,-0.053263225,0.330232,-0.113983296
10,99544694995602,-0.14572453,0.1937108,-0.029294968
4,99544699767634,-0.040746365,0.299073,-0.12543489
10,99544703473519,-0.12231529,0.31073904,0.029016972
4,99544706891279,-0.049534798,0.272974,-0.123836994
10,99544714772790,-0.055847585,0.31649065,0.33547068
4,99544719547009,-0.04873585,0.23169503,-0.10759171
10,99544723290967,-0.24992812,0.089901924,0.7088232
4,99544726679248,0.0018642128,0.17923075,-0.0743022
10,99544734394404,-0.41964465,-0.13339901,1.2985182
4,99544739227686,0.10466223,0.09134643,-0.055127434
10,99544743904769,-0.420918,-0.18113804,1.3842764
2,99544747124717,-38.0,5.0,17.0
10,99544754339248,-0.26875964,0.10653019,1.1717925
4,99544759107165,0.17656758,-0.0061252704,-0.090014845
10,99544762818258,-0.25490853,0.3805256,1.0634809
4,99544766614821,0.14567491,-0.022903185,-0.09187906
10,99544773110238,-0.26123133,0.32116413,1.0770788
4,99544777879925,-0.0055926386,-0.14780544,-0.09454222
10,99544782562165,-0.271001,0.13341427,1.0346375
4,99544786000863,-0.056459017,-0.18642128,-0.09986854
10,99544793924769,-0.293779,-0.117711544,0.94368315
4,99544798772529,-0.10226539,-0.25246766,-0.12809806
10,99544803396019,-0.1657061,-0.40587902,1.4172134
4,99544806641279,0.02396845,-0.29614353,-0.16138756
10,99544813645811,-0.2640949,-0.81948566,1.5121574
4,99544818470446,0.12916331,-0.32676986,-0.20240025
10,99544823247321,-0.3284452,-0.8062439,1.587038
4,99544826488258,0.1635181,-0.33449304,-0.22583607
10,99544833436748,-0.30179417,-0.36209393,1.5335507
4,99544838232581,0.20586236,-0.33635727,-0.27457193
10,99544841927894,-0.09331542,0.020614147,0.902441
4,99544845338311,0.17470337,-0.32810146,-0.27510455
10,99544853219717,0.007814169,0.1463685,0.72834015
4,99544857990498,0.030626353,-0.2905509,-0.25992453
10,99544861653258,0.2995652,0.2742033,0.4987359
4,99544866437269,0.0077231675,-0.2793656,-0.2548645
10,99544871559040,0.35075188,0.21777439,0.37927914
4,99544875698519,-0.004527374,-0.24208134,-0.2615224
10,99544881633623,0.41138852,0.099761486,0.26036263
4,99544884913779,0.015180019,-0.16538231,-0.26897928
10,99544892770706,0.4229877,-7.3194504E-4,0.26840353
4,99544897626279,0.14088123,-0.06551377,-0.24234766
10,99544902265029,0.39023864,-0.25399494,0.07033348
4,99544905466852,0.1768339,-0.03435478,-0.23382555
10,99544912545029,0.4525193,-0.26087093,-0.085220814
4,99544917335915,0.24501082,0.04181163,-0.2314287
10,99544921975967,0.51329017,0.02413845,-0.22006941
2,99544925240863,-35.0,5.0,19.0
10,99544932326540,0.4397111,0.08216286,-0.30275536
4,99544937114508,0.2806972,0.19228023,-0.2016013
10,99544941701696,0.44624698,0.33454466,-0.33805132
4,99544944907113,0.2428803,0.24847293,-0.19387813
10,99544952109977,0.39301133,0.3831396,-0.38405943
4,99544956943883,0.22610238,0.28868666,-0.19387813
10,99544960611488,0.28547466,0.26320505,-0.2998762
4,99544965583779,0.22184132,0.31025827,-0.18615496
10,99544970507685,0.24090242,0.22278547,-0.33777332
4,99544974599508,0.24234766,0.32117724,-0.18136127
10,99544980272946,0.08846676,0.18729067,-0.26314068
4,99544985120081,0.2796319,0.32330775,-0.17736652
10,99544991658363,-3.247261E-4,0.091516495,-0.15532684
4,99544996451331,0.31372038,0.3254383,-0.16724652
10,99545001032060,-0.03762555,0.13166618,-0.05983448
4,99545004329821,0.36005938,0.3320962,-0.15819177
10,99545011447842,-0.063352704,0.18970966,0.04896593
4,99545016294769,0.3717773,0.32810146,-0.15393071
10,99545020878467,-0.16808832,0.3306651,-0.0032043457
4,99545024254300,0.36005938,0.32943302,-0.15952335
10,99545031189352,-0.15050638,0.37647772,0.093830585
4,99545036131592,0.33289513,0.32490566,-0.15792546
10,99545040733310,-0.27120733,0.48772287,0.08397436
4,99545044064040,0.32304144,0.30652985,-0.14274544
10,99545050982113,-0.33372062,0.5491891,0.12973595
4,99545055809508,0.3187804,0.28788772,-0.111852765
10,99545060432113,-0.39184844,0.6051717,0.3208561
4,99545065338363,0.36245623,0.2724414,-0.045007423
10,99545070233258,-0.5370514,0.3698616,0.48118258
4,99545074048310,0.39814258,0.2647182,0.045007423
10,99545079072738,-0.6881691,0.15145111,0.5719719
4,99545083948050,0.44448158,0.27377295,0.1222391
10,99545090542269,-0.7505318,0.10521269,0.7915907
4,99545095389925,0.46259108,0.3086604,0.20186761
10,99545099973623,-0.94512415,0.199584,0.80168295
2,99545103226279,-35.0,-7.0,23.0
10,99545110325602,-0.9366754,0.27049065,0.69391584
4,99545115177685,0.41598576,0.41571945,0.4013384
10,99545119796488,-0.8800798,0.04766798,0.63786364
4,99545123036019,0.34274885,0.49002165,0.56459016
10,99545130095550,-0.7952254,0.09690285,0.57213974
4,99545134989560,0.3536678,0.56219333,0.7845673
10,99545139595185,-0.83498865,0.08217001,0.56377745
4,99545142838623,0.4079963,0.5952165,0.94941694
10,99545149876696,-0.8895818,0.115921974,0.121926785
4,99545154773571,0.41998053,0.48203218,0.77125144
10,99545159377113,-1.6674621,-0.052977085,0.9801049
4,99545164278675,0.28362668,0.111852765,0.25060347
10,99545169175029,-2.513651,-0.77838326,1.7756534
4,99545172973519,-0.133957,-0.22530343,-0.25033715
10,99545175587165,-2.568723,-1.2763677,1.4117374
4,99545183004196,-0.42104578,-0.2545982,-0.4631237
10,99545190932529,-2.1290195,-1.250709,0.9551792
4,99545195770654,-0.4593953,-0.13289174,-0.4383563
10,99545200381696,-2.1567392,-1.2136765,0.9870782
4,99545203592008,-0.39574575,-0.06364955,-0.3800331
10,99545209550654,-0.8794395,-0.31062603,-0.38607788
4,99545214459092,-0.34274885,-0.090281166,-0.33262882
10,99545216536123,-0.82198155,0.455513,-0.6685996
4,99545222502269,-0.3009372,-0.1041296,-0.30519825
10,99545229169456,-0.7012822,1.2164512,-0.9467678
4,99545234064508,-0.26498455,-0.10359697,-0.28708878
10,99545237752685,-0.44816613,1.5631633,-1.3982029
4,99545240993675,-0.32623723,-0.105727494,-0.28788772
10,99545248938154,-0.4712132,1.8916368,-1.4588003
4,99545253789404,-0.3965447,-0.14301175,-0.1898834
10,99545257435967,-0.43998688,1.8834467,-1.2799053
4,99545262267008,-0.3520699,-0.16005598,-0.16804546
10,99545267350290,-0.4287398,1.6264625,-1.237216
4,99545271318779,-0.24527714,-0.19947077,-0.15899073
10,99545276987269,-0.42525604,0.63894796,-0.81551886
2,99545280465237,-29.0,-4.0,24.0
10,99545288525498,-0.31231913,0.49792624,-0.72602415
4,99545293435342,0.08735169,-0.21518342,-0.051665325
10,99545297137217,0.037074506,0.80047274,-0.58861256
4,99545300355237,0.14088123,-0.19813919,-0.011185277
10,99545308282946,0.040252507,0.8233485,-0.7132907
4,99545313149404,0.11664646,-0.165116,0.08149273
10,99545316802790,0.2626835,0.5479393,-0.7511573
4,99545320057165,0.07669904,-0.15686019,0.0793622
10,99545328043050,0.29576224,0.36689997,-0.7052698
4,99545333005394,0.01571265,-0.11930962,0.029028457
10,99545336673831,0.32377338,-0.16518593,-0.3695755
4,99545339918935,0.011185277,-0.09081379,0.01784318
10,99545347831383,0.262465,-0.33594084,-0.3505764
4,99545352656331,0.004527374,-0.0015978967,0.0127831735
10,99545356329821,0.2295348,-0.6334119,-0.11881733
4,99545361106331,-0.010652645,0.03222425,0.0061252704
10,99545366281279,0.31497282,-0.68732643,-0.11817455
4,99545370096956,-0.05832323,0.1073254,-0.034621093
10,99545375884456,0.55972147,-0.79863834,0.095136166
4,99545380666748,-0.1025317,0.1933455,-0.08948222
10,99545387395654,0.7697689,-0.88200235,0.4701314
4,99545391358779,-0.11345066,0.25300032,-0.14594123
10,99545395685810,0.7946423,-0.90239096,0.6995559
4,99545400459560,-0.09667275,0.29614353,-0.2082592
10,99545407140446,0.80922204,-0.876606,0.6211443
4,99545411061331,-0.06524745,0.31718248,-0.2428803
10,99545415306123,0.6778306,-0.9177699,0.73946476
4,99545420194456,-0.009853696,0.31611723,-0.2514024
10,99545426992321,0.7203236,-0.8839946,0.6652231
4,99545431815706,0.054062173,0.32463935,-0.25060347
10,99545435472633,0.82901365,-0.5270395,0.8314066
4,99545438717321,0.13608754,0.34621096,-0.24501082
10,99545446732269,0.8361493,-0.18296862,0.9233961
4,99545451590289,0.16751283,0.3358246,-0.22876555
10,99545455232425,0.7017425,0.11141014,0.7841263
2,99545460023727,-33.0,-7.0,21.0
10,99545465343102,0.7211294,0.2854457,0.77148056
4,99545469142581,0.12703279,0.2910835,-0.22929817
10,99545474889925,0.648729,0.1861558,0.9019599
4,99545478196904,0.10892329,0.27457193,-0.21864553
10,99545486277998,0.34647745,0.0029659271,1.0174217
4,99545491073102,0.11797804,0.2559298,-0.20213392
10,99545494833362,0.3005702,-0.0650568,1.0541053
4,99545498043675,0.15286545,0.25646242,-0.20293288
4,99545508883831,0.18109496,0.267914,-0.21784659
10,99545513985185,0.39143854,0.20272446,0.9798193
4,99545518675862,0.18242654,0.26498455,-0.21624869
10,99545525577164,0.33543193,0.22701454,0.7819724
4,99545530222269,0.16138756,0.2609898,-0.22370553
10,99545533784873,0.29813653,0.015723705,0.43900442
4,99545538442842,0.13741912,0.25726137,-0.2394182
10,99545545364873,0.15576869,0.031939507,0.28004456
4,99545549957112,0.16378441,0.23755397,-0.23702134
10,99545553576071,0.16962445,0.13344526,0.161273
4,99545558218258,0.21358553,0.22849922,-0.20905815
10,99545563967998,0.21234363,0.32152987,0.15861702
4,99545568690446,0.23222765,0.2082592,-0.1933455
10,99545573346227,0.038909018,0.58770466,0.10765314
4,99545577963362,0.23489082,0.175236,-0.20852552
10,99545584907946,-0.03159982,0.79562235,-0.051335335
4,99545589560602,0.24101609,0.1882855,-0.22104238
10,99545593215758,0.061126947,0.7395482,0.04805851
4,99545597858571,0.25007084,0.24367924,-0.19068234
10,99545604690654,-0.12922639,0.74714756,0.13888788
4,99545609344821,0.2908172,0.31771514,-0.09933591
10,99545612945185,-0.23884064,0.79594755,0.105044365
4,99545617609664,0.35739622,0.44767737,0.036751624
10,99545624469196,-0.20331073,0.60660505,0.29684973
4,99545629060602,0.40559945,0.65034395,0.24527714
10,99545632540237,-0.6047124,-0.16996908,0.7274761
2,99545637127112,-32.0,-15.0,23.0
10,99545644285394,-1.9007653,-0.8844514,1.0502391
4,99545648866644,0.2000034,0.75447357,0.9076053
10,99545652401956,-2.4063733,-0.47158384,0.8795743
4,99545657031435,0.23249397,0.73290193,1.0295781
10,99545662863206,-1.8877606,1.0616813,-0.04113102
4,99545667570602,0.63889235,0.5009406,0.74675035
10,99545672342789,-1.6791923,1.8874521,0.8793373
4,99545677006644,0.65859973,0.31691617,0.3930826
10,99545683824300,-2.7451959,0.6194763,-0.10730648
4,99545688461748,-0.6306366,-0.2181129,-0.3850931
10,99545691947946,-3.4953108,1.1215639,0.8894315
4,99545696569039,-0.84848315,-0.2942793,-0.39894155
10,99545702649091,-3.2615523,0.9610839,1.4808664
4,99545706631019,-0.81705785,-0.37390783,-0.3304983
10,99545711915654,-1.7628713,-1.6877637,0.99259233
4,99545716807477,-0.44900897,-0.46179214,-0.3882889
10,99545723610289,-1.6303488,-2.1556091,0.7919631
4,99545728389612,0.20639499,-0.67990506,-0.53502905
10,99545732101487,-1.477704,-1.2254624,0.31328535
4,99545735366175,0.30120352,-0.7139935,-0.5187838
10,99545743386852,-1.4153172,-0.23416758,0.1463623
4,99545748202894,0.23409186,-0.7302388,-0.36591834
10,99545751824404,-1.0883272,1.5809922,-0.4626274
4,99545756665029,0.07962852,-0.73103774,-0.33502567
10,99545761777112,-1.0119267,1.4837971,-0.42934704
4,99545765711279,-0.2761698,-0.7459514,-0.31691617
10,99545771435810,-0.6694699,0.77442026,-0.19216537
4,99545776215914,-0.47164583,-0.73636407,-0.30812773
10,99545782943987,-0.5701746,0.201725,0.13177538
4,99545787761539,-0.38695732,-0.6229134,-0.14434333
10,99545791451279,-0.5701798,-0.13903522,0.14191628
4,99545794705289,-0.31611723,-0.5744439,-0.056991648
10,99545802770758,-0.59894294,-0.06140709,0.058941364
4,99545807542633,-0.11744541,-0.47137952,0.13662016
10,99545811154196,-0.45278177,0.5685272,-0.41407537
2,99545814533466,-26.0,-12.0,26.0
10,99545822513623,-0.48690292,0.8261199,-0.4788251
4,99545827277737,-0.15925704,-0.4511395,0.20080236
10,99545830919248,-0.40029258,1.4089618,-0.64058447
4,99545834219456,-0.27217507,-0.43116578,0.22716765
10,99545842325758,-0.3453946,1.3082066,-0.6311965
4,99545847157008,-0.39920786,-0.42104578,0.267914
10,99545850794352,-0.6996595,0.83946466,-0.4006977
4,99545855709768,-0.48070058,-0.46552056,0.31185618
10,99545860816435,-0.60028327,0.8298178,-0.2976408
4,99545864717477,-0.4293016,-0.484429,0.2809635
4,99545869717477,-0.3568636,-0.45540056,0.22503711
4,99545877435081,-0.33529198,-0.4511395,0.21491711
4,99545875544248,-0.33529198,-0.4511395,0.21491711
4,99545882435081,-0.30626354,-0.46152583,0.21571605
4,99545887446852,-0.30626354,-0.46152583,0.21571605
4,99545889426643,-0.2727077,-0.47351006,0.221575
11,99545895705081,-0.307504,0.165865,-0.568619,0.744715,3.0
4,99545897570810,-0.20905815,-0.4673848,0.22770028
4,99545902570810,-0.20266657,-0.44821003,0.22956449
4,99545910598831,-0.2213087,-0.43569317,0.2394182
10,99545918240810,-0.2214942,-0.0012950897,-0.081059456
4,99545918240810,-0.24554345,-0.42184472,0.25326663
4,99545920187477,-0.27217507,-0.41385525,0.2660498
4,99545930879508,-0.28788772,-0.40533313,0.26764768
4,99545934186696,-0.29214877,-0.360592,0.24847293
10,99545939816435,-0.06134844,-0.17146969,-0.0013456345
4,99545944696071,-0.2593919,-0.30253512,0.2330266
10,99545950840393,0.074120045,-0.12065363,0.062936306
4,99545954137529,-0.20905815,-0.27377295,0.24181503
10,99545959496643,0.33263898,-0.03007412,0.0260849
4,99545964425862,-0.19547603,-0.24607609,0.2561961
10,99545969334039,0.38369024,0.14421797,-0.16447067
4,99545972664143,-0.23435818,-0.2463424,0.2561961
10,99545979286018,0.2767414,0.36193848,-0.31894112
4,99545984234977,-0.2862898,-0.24580978,0.25060347
10,99545990424560,0.23731804,0.3937168,-0.2430005
2,99545993686018,-29.0,-2.0,22.0
10,99545997049977,0.26126003,0.24767065,-0.020339489
4,99546004452268,-0.28016454,-0.23755397,0.2647182
10,99546011362425,0.28537118,0.056233406,0.15209484
4,99546014602060,-0.2548645,-0.23489082,0.25246766
10,99546019475289,0.38001263,0.07580805,0.26934862
4,99546023418310,-0.23568976,-0.21065605,0.23169503
10,99546030005914,0.38749218,0.33824348,0.4667821
4,99546033249821,-0.20799288,-0.17576863,0.22450449
10,99546036244404,0.29651248,0.3071189,0.49311876
4,99546042989248,-0.20985709,-0.13821806,0.25193503
10,99546051229143,0.2752483,0.07707453,0.43296766
4,99546054561227,-0.23116238,-0.11318435,0.2841593
10,99546057438779,0.2800367,-0.0043287277,0.42099667
4,99546064311227,-0.20240025,-0.0892159,0.30493194
10,99546070666070,0.33040845,-0.027717113,0.37381744
4,99546073770498,-0.16644756,-0.04527374,0.32490566
10,99546076547529,0.39745438,-0.10910702,0.18707657
4,99546083639612,-0.15339808,-0.007190535,0.33955306
10,99546091313623,0.364614,-0.08169794,0.15297413
70310,99546098084039,0.38124263,-0.06475735,0.16669464
4,99546102352425,-0.17150758,0.023435818,0.304133
10,99546107950498,0.4671061,-0.2589326,0.1825347
4,99546111096435,-0.15792546,0.033023197,0.2841593
10,99546116312008,0.35457873,-0.534266,0.25196648
4,99546122862529,-0.09720538,0.07882957,0.25060347
10,99546128800498,0.3975519,-0.88104105,0.29488802
4,99546131882164,-0.064182185,0.11797804,0.21172132
10,99546137063466,0.47940695,-1.0111303,0.2863841
4,99546142434404,-0.036751624,0.13502227,0.18508969
10,99546148565654,0.48370695,-1.1251268,0.22483015
4,99546151655498,0.007190535,0.1933455,0.11345066
10,99546156838206,0.33245534,-1.1298118,0.19847393
4,99546162878362,-2.663161E-4,0.20985709,0.09081379
10,99546167812945,0.2630971,-0.9823184,0.08009434
2,99546170785237,-33.0,1.0,21.0
10,99546176747945,0.31525743,-0.93750286,-0.025584698
4,99546181347425,0.013315806,0.2330266,-0.05566007
10,99546188153310,0.58552647,-0.7883792,-0.29649305
4,99546191240029,0.013848438,0.24820662,-0.1355549
10,99546196394716,0.64198565,-0.66496086,-0.21881485
4,99546201765445,0.022370555,0.25513083,-0.21012342
10,99546207902893,0.6577043,-0.6584158,-0.16872406
4,99546210996175,0.039414786,0.2580603,-0.28708878
10,99546216170914,0.7801815,-0.8018193,-0.14086056
4,99546221544612,0.06737798,0.29667616,-0.36005938
10,99546227718466,0.75819296,-0.88273525,-0.10268307
4,99546230805498,0.112119086,0.350472,-0.39547944
10,99546235947737,0.6824931,-0.82684565,0.12007618
4,99546241315393,0.17736652,0.4016047,-0.4034689
10,99546247446643,0.59590805,-0.50198174,0.20682526
4,99546250538050,0.19014971,0.43356264,-0.40959418
10,99546255732737,0.46699035,-0.051889896,0.19823265
4,99546261739091,0.16831179,0.44341633,-0.4146542
10,99546266694560,0.39920545,0.2084794,0.29908705
4,99546269649820,0.12463594,0.43782368,-0.4114584
10,99546275490706,0.3581965,0.21478939,0.39244747
4,99546280908935,0.0793622,0.42770368,-0.4048005
10,99546286995914,0.39118564,0.18286896,0.6175685
4,99546290083206,0.05752428,0.4247742,-0.39734364
10,99546295253831,0.348302,0.20776844,0.6695304
4,99546300658622,0.050600063,0.44235107,-0.39867523
10,99546305829612,0.36586535,0.2806549,0.6952028
4,99546310369716,0.048203215,0.4676511,-0.39894155
10,99546314199300,0.28085196,0.18687963,0.66154385
4,99546321010445,0.05965481,0.46658584,-0.40187103
10,99546327336852,0.15214288,-0.06344986,0.48300838
4,99546330574872,0.08175905,0.4575311,-0.40240365
10,99546334975914,0.20642102,-0.14231014,0.5121107
4,99546339777529,0.17337179,0.4612595,-0.39388153
10,99546346621018,0.07572746,-0.049791336,0.5570464
2,99546349887320,-34.0,-5.0,16.0
10,99546354676435,-0.17416942,0.10830879,0.46647644
4,99546360460445,0.2660498,0.44208476,-0.36911413
10,99546365597945,-0.2249617,0.31203318,0.2876792
4,99546368684820,0.24154872,0.43303,-0.37603834
10,99546374648883,-0.18109864,0.52066565,0.3008461
4,99546379397685,0.22956449,0.42184472,-0.39547944
10,99546386173831,-0.18687105,0.6051593,0.3290968
4,99546389427477,0.20293288,0.40080574,-0.40266997
10,99546394391643,-0.2656839,0.53379726,0.22557163
4,99546399168518,0.15765914,0.38242993,-0.4066647
10,99546405934091,-0.34514034,0.36972284,0.43149376
4,99546409178310,0.14434333,0.35286885,-0.4032026
10,99546414389768,-0.43957186,0.2124095,0.51966
4,99546419162997,0.17710021,0.32277513,-0.39494678
10,99546425690914,-0.5371338,0.13536263,0.5399227
4,99546428937685,0.23808661,0.29241508,-0.37923414
10,99546432907164,-0.62554216,0.21228647,0.5183811
4,99546439716279,0.2972088,0.2545982,-0.35340148
10,99546445978622,-0.6904466,0.46368456,0.3895192
4,99546449223987,0.32037827,0.2146508,-0.340352
10,99546453848831,-0.66881496,0.764081,0.37516785
4,99546458631018,0.32783514,0.17869811,-0.3339604
10,99546463840497,-0.61887515,0.9911399,0.24277592
4,99546467099872,0.30812773,0.14940333,-0.31931302
10,99546472659768,-0.5424541,1.0678596,0.22388458
4,99546479035758,0.28815404,0.1371528,-0.27510455
10,99546485300081,-0.5624437,1.0862942,0.29491615
4,99546488532789,0.3190467,0.17124127,-0.17949706
10,99546493488414,-0.4761091,0.9125252,0.5276151
4,99546498293674,0.35286885,0.31931302,-0.0034621095
10,99546504877633,-0.3933531,0.66794825,0.7617402
4,99546508076174,0.33795515,0.5704491,0.28122982
10,99546513205237,-0.83241737,0.05739546,1.5466409
4,99546518107112,0.24767399,0.7566041,0.6860303
10,99546524658622,-1.7023747,-0.9272027,1.6032968
2,99546527905706,-30.0,-16.0,17.0
10,99546532768466,-1.6436739,-1.0655365,0.75471306
4,99546537547216,0.2972088,0.7688546,1.3110743
10,99546544385341,-0.7422177,0.60858536,-0.16918755
4,99546547636279,0.685764,0.5382249,0.89109373
10,99546552763466,-0.6870152,0.9205408,0.9673171
4,99546557503466,0.18908444,0.08016115,0.1222391
10,99546562742008,-2.373458,-0.19209003,-0.06919813
4,99546565979039,-0.39627838,-0.13768543,-0.18801917
10,99546572468883,-2.681394,0.5691323,0.15038729
4,99546577321331,-1.3771206,-0.20932446,-0.47484162
10,99546583945497,-2.2775664,-0.33947468,0.20640421
4,99546587182372,-1.557683,-0.05912218,-0.3683152
10,99546592358466,-1.464607,-1.808526,0.19594479
4,99546597110081,-1.500425,-0.06498113,-0.37044573
10,99546603703258,-0.6839599,-2.5271153,0.61061144
4,99546606951174,-0.90254533,-0.26551718,-0.7012103
10,99546612077268,-0.67072344,-2.4498496,0.45204592
4,99546616852008,-0.77897465,-0.32011196,-0.8064052
10,99546623498466,-1.0982231,-0.8376818,-0.105793
4,99546626749195,-0.7275756,-0.34674358,-0.7866978
10,99546631858727,-1.1264397,0.5261364,-0.34246302
4,99546636620081,-0.7978831,-0.36485308,-0.7459514
10,99546643275133,-1.0851395,0.80720043,-0.3056059
4,99546646497945,-0.9603359,-0.44581318,-0.7350325
10,99546651673258,-0.77673256,0.40442133,0.2349906
4,99546656488466,-0.9832391,-0.5603291,-0.7797736
10,99546661646852,-0.85587037,0.15067577,0.42518377
4,99546664874143,-0.83516735,-0.65460503,-0.77151775
10,99546671373674,-1.0229949,-0.085326195,0.4679098
4,99546676238883,-0.6106629,-0.69668293,-0.67058396
10,99546682895133,-1.1269819,0.3090949,0.52390194
4,99546686134195,-0.386691,-0.6961503,-0.5294364
10,99546691243154,-0.8897306,1.287816,0.5985265
4,99546696073206,-0.24714136,-0.680704,-0.40586576
10,99546702610862,-0.9264188,1.4987082,0.5365591
2,99546705841851,-23.0,-14.0,14.0
10,99546710854091,-0.97972006,1.5999322,0.35331297
4,99546715840966,-0.28788772,-0.7550062,-0.2910835
10,99546722389508,-0.9200793,1.3590937,0.09511566
4,99546725633466,-0.32597092,-0.773382,-0.26977822
10,99546730755601,-0.8737708,1.3042121,-0.05066538
4,99546735610706,-0.294013,-0.75420725,-0.20133498
10,99546742166643,-0.73150516,1.4649291,-0.089019775
4,99546745402268,-0.23861924,-0.72251564,-0.1041296
10,99546750529091,-0.4443264,1.6400533,-0.32691145
4,99546756339351,-0.21704763,-0.68629664,-0.016511599
10,99546761503258,-0.14938068,1.6633015,-0.3156662
4,99546764612633,-0.252734,-0.6447513,0.068176925
10,99546770224039,-0.28770578,1.2236557,-0.46269083
4,99546775121747,-0.3720436,-0.62717444,0.15739283
10,99546781730549,-0.62062585,0.9241805,-0.492177
4,99546784935289,-0.40586576,-0.60746706,0.21731395
10,99546790089768,-0.5807251,0.8362484,-0.3417611
4,99546795026643,-0.33182988,-0.551807,0.2396845
10,99546801499820,-0.34063184,0.7503743,-0.41310072
4,99546804738831,-0.27057716,-0.46711847,0.25726137
10,99546809905133,-0.14248359,0.7518439,-0.28866053
4,99546814891226,-0.24181503,-0.40533313,0.27776772
10,99546821316331,-0.14169157,0.63627005,-0.122261524
4,99546824534195,-0.26551718,-0.36218992,0.30919302
10,99546829657164,-0.18026423,0.34694672,-0.16173315
4,99546834517164,-0.3187804,-0.30146983,0.34141725
10,99546841042060,-0.2948159,0.20777655,-0.09542084
4,99546844327789,-0.34248254,-0.27004454,0.36272255
10,99546849519456,-0.42443454,0.43867922,-0.21961737
4,99546854359143,-0.25246766,-0.2647182,0.35313517
10,99546859454351,-0.18404174,0.5772972,-0.3951931
4,99546862624664,-0.16378441,-0.26844665,0.314253
10,99546869072841,-0.012160659,0.53072023,-0.3894062
4,99546873914143,-0.13901702,-0.28442562,0.262854
10,99546880623987,-0.017079711,0.4573264,-0.2396779
2,99546883936747,-23.0,-4.0,14.0
10,99546887329143,-0.09130001,0.39028883,0.0021367073
4,99546894439768,-0.10705908,-0.32410672,0.23568976
10,99546902044143,-0.17036688,0.27022696,0.2181797
4,99546905265341,-0.11105382,-0.31132352,0.2775014
10,99546909682893,-0.16793609,0.28203344,0.2315011
4,99546914671956,-0.12969595,-0.28309402,0.32730252
10,99546920923987,-0.16792035,0.12998343,0.34095097
4,99546924190393,-0.13901702,-0.2330266,0.38722363
10,99546927064924,-0.08171499,0.12759972,0.3505354
4,99546934200028,-0.14966966,-0.20240025,0.44874266
10,99546941799195,-0.09699702,0.16465807,0.48941803
4,99546945049091,-0.15899073,-0.20905815,0.484429
10,99546949460237,-0.07672989,0.18015194,0.50270987
4,99546954318570,-0.15765914,-0.22104238,0.4926848
10,99546959398414,0.12760556,0.23735332,0.45277977
4,99546962507216,-0.16564862,-0.20985709,0.49428272
10,99546966361070,0.13478816,0.081730366,0.3665886
4,99546973579612,-0.19307919,-0.18801917,0.5121259
10,99546981113101,0.1451292,0.02207613,0.5135946
4,99546984442997,-0.17550232,-0.175236,0.52411014
10,99546987289143,0.1451292,0.02207613,0.5135946
4,99546993029508,-0.13582122,-0.1818939,0.5110606
10,99547000623935,0.1094538,-0.11249161,0.70619154
4,99547003859039,-0.09827065,-0.20373182,0.47537425
10,99547006690237,-0.015044689,-0.11728001,0.7540755
4,99547012958414,-0.07137272,-0.22583607,0.45193845
10,99547019009508,-0.003499508,-0.2640648,0.7819295
4,99547022251799,-0.054328486,-0.24394555,0.4511395
10,99547027478206,-0.016076088,-0.39300537,0.88788986
4,99547031452945,-0.032756884,-0.25007084,0.45859635
10,99547038687685,-0.1121186,-0.4302969,0.84327745
4,99547041935185,0.04660532,-0.2743056,0.47058058
10,99547047259403,0.08292174,-0.403234,0.8937917
4,99547052043310,0.06791061,-0.27776772,0.4673848
10,99547056993674,0.047106624,-0.23778582,0.64893675
2,99547060426435,-30.0,5.0,13.0
10,99547067045028,0.1531688,-0.2136159,0.7032051
4,99547071831174,0.06498113,-0.26365295,0.4293016
10,99547078158622,0.13624239,-0.15489674,0.41900778
4,99547081372112,0.018908445,-0.28229508,0.40187103
10,99547086821903,0.3115934,-0.12743568,0.33968163
4,99547091580237,-0.002396845,-0.2841593,0.36911413
10,99547097925810,0.31806183,-0.11489773,0.23715925
4,99547101157216,-0.018109497,-0.27350664,0.3470099
10,99547106586591,0.2685647,-0.18044186,0.23895979
4,99547111501278,-0.019973708,-0.26551718,0.32810146
10,99547117726435,0.26144373,-0.21460104,0.238873
4,99547120971539,-0.0010652645,-0.26658243,0.29960564
10,99547126368258,0.30267215,-0.31929207,0.25940657
4,99547131120810,0.050866377,-0.2759035,0.2660498
10,99547137502112,0.28818333,-0.3210101,0.14596987
4,99547140752997,0.10945592,-0.27643612,0.23861924
10,99547146144768,0.3235829,-0.36028767,0.19807196
4,99547150946955,0.15899073,-0.2724414,0.22370553
10,99547155981122,0.35520136,-0.27379465,0.13356209
4,99547159306435,0.19547603,-0.24847293,0.20399815
10,99547165612841,0.46919608,-0.21423674,0.13026857
4,99547170441435,0.16751283,-0.22237396,0.18588865
10,99547177076851,0.3923185,-0.07085371,0.09815502
4,99547180301122,0.13182648,-0.21012342,0.16724652
10,99547185707060,0.42692196,-0.025910378,0.030626774
4,99547190474299,0.10226539,-0.17443706,0.15180019
10,99547196842424,0.5519873,-0.09886217,0.010995865
4,99547200080289,0.054594804,-0.1304949,0.1488707
10,99547205475445,0.44338644,-0.17604971,0.027777195
4,99547210273674,0.01438107,-0.11957593,0.1438107
10,99547216640185,0.34142065,-0.102745056,0.11613846
4,99547219873310,0.04234426,-0.11638014,0.12037488
10,99547225265653,0.34112144,-0.03520441,0.11258793
4,99547230030237,0.09347696,-0.1123854,0.095074855
10,99547236423205,0.33445132,-0.10030508,0.15789461
2,99547239649195,-28.0,15.0,14.0
10,99547245073310,0.23401392,-0.1517415,0.3000207
4,99547249918466,0.14274544,-0.12676647,0.06498113
10,99547254795185,0.106751084,-0.10669708,0.37314796
4,99547258199351,0.14061491,-0.13528858,0.05965481
10,99547264832164,-0.025543094,0.007461548,0.33343887
4,99547269620237,0.1304949,-0.14274544,0.06977482
10,99547275945653,-0.10206056,-0.030145168,0.15652561
4,99547279193883,0.10040118,-0.15579493,0.07563378
10,99547284609612,-0.052399755,0.04626608,0.17318106
4,99547288587164,0.116912775,-0.16245283,0.06338324
10,99547295731018,0.002855897,0.07163811,0.22279215
4,99547298970133,0.13102753,-0.16538231,0.054062173
10,99547304408362,-0.06677508,-0.028115273,0.13528109
4,99547309188153,0.099069595,-0.16751283,0.046871636
10,99547315505862,-0.122276425,0.026319027,0.18308735
4,99547318741070,0.07536746,-0.17230652,0.046339005
10,99547324153883,-0.08751273,0.013675213,0.059194565
4,99547328930445,0.071106404,-0.1635181,0.04660532
10,99547335294091,0.013521194,-0.05785942,-0.015440941
4,99547338515133,0.055926383,-0.15579493,0.046339005
10,99547343932424,-0.02826643,-0.0016903877,-0.101251125
4,99547348735341,0.061519023,-0.14274544,0.043675844
10,99547353662060,0.011730552,0.013499737,0.01603651
4,99547357077320,0.09321064,-0.123038046,0.03888215
10,99547363720966,-0.012176514,4.377365E-4,0.030253887
4,99547368618882,0.111852765,-0.10546118,0.04234426
10,99547374849820,-0.077225566,0.019470692,0.032702446
4,99547378059716,0.1025317,-0.082558,0.04660532
10,99547383497372,-0.06461418,0.16606617,-0.18934488
4,99547388271226,0.07590009,-0.05139901,0.058589544
10,99547394615549,-0.028215885,0.27552032,-0.21896362
4,99547397833987,0.05539375,-0.020240024,0.07350325
10,99547403307997,0.08207333,0.21894884,-0.1633668
4,99547408146747,0.046339005,0.0,0.07643273
10,99547414426747,0.20296812,0.07946968,-0.10454941
2,99547417684612,-26.0,18.0,17.0
10,99547423046487,0.29069197,0.02349329,-0.019836903
4,99547427841122,0.07643273,0.088150635,0.04234426
10,99547434200757,0.3698734,-0.07007885,0.069756985
4,99547437444507,0.1206412,0.16405073,0.046072688
10,99547442830757,0.48833585,-0.12880182,0.2860341
4,99547447661955,0.17283916,0.22556975,0.047137953
10,99547452630341,0.50346744,-5.950928E-4,0.5507798
4,99547455961174,0.20799288,0.24234766,0.038615838
10,99547461685237,0.46035385,0.08375549,0.6912379
4,99547467634924,0.3371562,0.27563718,-5.326322E-4
10,99547473745653,0.31722844,0.10489464,0.6955533
4,99547476986747,0.40373522,0.2860235,-0.009054748
10,99547482386278,0.13262224,0.11437464,0.62501764
4,99547487536278,0.41731736,0.2876214,-0.010652645
10,99547493611278,0.011018038,0.23135519,0.67127895
4,99547496860237,0.42024684,0.262854,-0.02743056
10,99547502163257,0.0049693584,0.22138166,0.59135485
4,99547506993570,0.41039312,0.25699505,-0.035153728
10,99547513298882,0.08766508,0.06439829,0.54984
4,99547516515185,0.39121836,0.27217507,-0.05273059
10,99547521941278,0.15322804,-0.15128136,0.6082134
4,99547526700393,0.4000068,0.27723506,-0.055127434
10,99547533068622,0.0030750036,-0.47446728,0.5948572
4,99547536308882,0.4245079,0.29161614,-0.05352954
10,99547541715080,-0.23463678,-0.7206702,0.5120568
4,99547546484924,0.4314321,0.30519825,-0.047137953
10,99547551398153,-0.3667016,-0.8083744,0.5798807
4,99547554864560,0.46658584,0.31158987,-0.036485307
10,99547561537268,-0.67814744,-1.0002837,0.2223754
4,99547566327893,0.5238438,0.32996565,-0.04580637
10,99547572624143,-0.7712821,-0.9685068,0.10765743
4,99547575845497,0.5797702,0.3320962,-0.087884314
10,99547581325705,-1.0204349,-0.25448132,-0.3034382
4,99547586131487,0.59841233,0.31824777,-0.13342437
10,99547592400757,-1.0341434,-0.08767557,-0.46328974
2,99547595660601,-28.0,15.0,21.0
10,99547601084507,-1.154787,0.3383484,-0.5757327
4,99547606005914,0.50387007,0.2231729,-0.18615496
10,99547612165966,-1.3565638,0.5592284,-0.24359941
4,99547615383830,0.45912898,0.16937704,-0.18002969
10,99547620837320,-1.6187315,0.5642929,0.10073662
4,99547625686018,0.4631237,0.123836994,-0.15286545
10,99547632004143,-1.6946479,0.48908472,0.19046354
4,99547635211851,0.50653327,0.09241169,-0.108124346
10,99547640594455,-1.6211,0.5353546,0.25102043
4,99547645468309,0.5632586,0.05885586,-0.039947417
10,99547650367372,-1.5871016,0.64840174,-0.03317976
4,99547653739143,0.5952165,0.026897928,0.036485307
10,99547659224039,-1.337132,0.7555423,-0.16003084
4,99547665828987,0.56911755,0.03355583,0.12357068
10,99547671957372,-0.94645244,0.9279833,-0.07810402
4,99547675160601,0.5653891,0.058589544,0.19867182
10,99547680357632,-0.7264581,1.0840659,-0.02944088
4,99547685204768,0.55739963,0.083090626,0.25965822
10,99547691319924,-0.49817216,1.0609031,-0.23199224
4,99547694554612,0.509729,0.11664646,0.32304144
10,99547699924195,-0.18080646,0.9795966,-0.25858545
4,99547704985393,0.4759069,0.15419704,0.39254996
10,99547711085132,-0.17598772,0.7616749,-0.38215733
4,99547714383987,0.43089947,0.16005598,0.46179214
10,99547719750028,-0.3230065,0.6006603,-0.40850353
4,99547724621070,0.39574575,0.13954964,0.4857606
10,99547730827632,-0.15914941,0.5772681,-0.55048656
4,99547734105862,0.3304983,0.15419704,0.45726478
10,99547739483049,0.04771322,0.7292099,-0.89042187
4,99547744329768,0.1949434,0.18056233,0.3768373
10,99547749283570,0.08223146,0.55817175,-0.7082205
4,99547752623674,-0.01917476,0.11930962,0.23196134
10,99547758118987,-0.025026143,-0.41368294,-0.05775976
4,99547764599976,-0.30945933,-0.028495824,0.1073254
10,99547770663987,0.16360313,-0.9987254,0.23854876
2,99547773969872,-27.0,19.0,19.0
10,99547777365914,0.4604842,-1.5853047,0.7221775
4,99547784438049,-0.32091093,0.00958738,0.009853696
10,99547791983726,0.054140747,-1.9077959,0.7932844
4,99547795248101,-0.22370553,0.026365295,0.0479369
10,99547800133309,0.18128836,-1.1940737,0.31140566
4,99547805174716,0.04314321,0.06471482,0.018375812
10,99547811332684,0.41243654,-1.1072688,0.8123498
4,99547814602216,0.06178534,-0.04660532,-0.09374327
10,99547819436226,-0.085587144,-1.2669897,1.3540549
4,99547824341122,0.04660532,-0.24767399,-0.24208134
10,99547830450549,0.19385141,-1.0371785,1.7118211
4,99547833690080,0.1387507,-0.2806972,-0.3270362
10,99547836609716,0.23934132,-0.8001523,1.5897164
4,99547844160601,0.12676647,-0.18748654,-0.25246766
10,99547850521643,-0.44568348,-0.370409,1.2563028
4,99547853637424,0.040213734,-0.13129385,-0.08495484
10,99547856432372,-0.37146324,0.20419931,1.2826395
4,99547863543257,-0.0026631611,-0.14141385,0.002396845
10,99547871135289,0.04398799,0.59637165,1.2032418
4,99547874457320,0.012516857,-0.17576863,2.663161E-4
10,99547879371434,0.027026534,0.5900097,1.1997638
4,99547884209559,0.009054748,-0.20586236,-0.009321064
10,99547890278570,0.029929042,1.0275364,0.35711718
4,99547893490445,-0.0055926386,-0.21731395,-0.015978966
10,99547896380809,-0.03710866,1.1352754,0.04108286
4,99547903210809,-0.06524745,-0.20612867,-0.029827405
10,99547910768674,-0.035817146,0.9373832,-0.33307362
4,99547914114820,-0.15339808,-0.21012342,-0.06178534
10,99547916925809,-0.035817146,0.9373832,-0.33307362
4,99547922696799,-0.17976338,-0.22077605,-0.09827065
10,99547928960966,-0.04903233,0.37436724,-0.51985073
4,99547932200914,-0.16271915,-0.21038973,-0.120907515
10,99547937164039,-0.1404866,0.007829666,-0.3519168
4,99547941995132,-0.14620754,-0.20479709,-0.13502227
10,99547947184820,-0.28615904,-0.15599394,-0.4792037
2,99547950429820,-25.0,18.0,21.0
10,99547956847111,-0.29626864,-0.10023308,-0.4151678
4,99547961630236,-0.010652645,-0.17044231,-0.21145499
10,99547968392059,-0.22202206,-0.23853827,-0.3456564
4,99547971628466,0.0018642128,-0.180296,-0.23915187
10,99547976688205,0.14922893,0.3031931,-0.3157072
4,99547981475445,0.040480047,-0.15419704,-0.22397186
10,99547988134403,0.16982853,0.487391,-0.642786
4,99547991369611,0.060720075,-0.036485307,-0.18535602
10,99547996507268,-0.26334286,0.29200888,-0.29523945
4,99548001350028,0.025832662,-0.03435478,-0.18508969
10,99548007909039,-0.3685773,0.22345734,-0.186162
4,99548011155705,-0.032490566,-0.050866377,-0.20985709
10,99548016347424,-0.09227085,0.3544259,0.0152897835
4,99548021232216,-0.01571265,0.0010652645,-0.22024342
10,99548027657268,-0.17378938,0.36463833,0.047956467
4,99548030906122,0.0026631611,0.08548747,-0.16964336
10,99548035986382,-0.5580409,0.43093395,0.16824293
4,99548040806018,0.009054748,0.12650016,-0.09986854
10,99548046056434,-0.5028647,0.4825406,0.18843651
4,99548049289716,0.0077231675,0.13688648,-0.07084008
10,99548055726434,-0.41119164,0.5444107,0.07224083
4,99548060503466,0.0058589545,0.14114754,-0.0644485
10,99548067245236,-0.3906945,0.6328411,0.027976513
4,99548070462632,0.013315806,0.14088123,-0.04261058
10,99548075485497,-0.44531667,0.65432215,-0.06915903
4,99548080269872,0.016511599,0.13981596,-0.010120012
10,99548087013413,-0.3478619,0.66573715,0.01498127
4,99548090252268,0.008788432,0.14141385,0.017576864
10,99548095488726,-0.26332557,0.5964632,0.051661015
4,99548100261851,-0.009321064,0.14221281,0.038083203
10,99548106795288,-0.30117702,0.45021486,0.111424446
4,99548110035809,-0.035153728,0.13315806,0.054062173
10,99548115259195,-0.37127882,0.39027596,0.065600395
4,99548120074976,-0.05219796,0.13821806,0.07163903
10,99548126576070,-0.34237534,0.35138416,0.023828983
2,99548129804455,-27.0,14.0,23.0
10,99548134666643,-0.3440507,0.32976627,0.08021164
4,99548140459299,-0.036485307,0.18295917,0.09161274
10,99548145553101,-0.39584124,0.30205774,0.1876421
4,99548148650861,-0.017576864,0.18295917,0.08362326
10,99548154829403,-0.59676766,0.26669407,0.07652044
4,99548159647528,0.00479369,0.14354439,0.07376956
10,99548166132528,-0.68736494,0.2972498,-0.02085638
4,99548169372476,0.038615838,0.12037488,0.06524745
10,99548174501174,-0.5093811,0.3967185,-0.06751442
4,99548179297007,0.07403588,0.13928333,0.080960095
10,99548185925184,-0.37929493,0.49747992,0.050169945
4,99548189168466,0.100933805,0.17230652,0.13448964
10,99548194374038,-0.325988,0.5554228,0.1124897
4,99548199180861,0.14487597,0.26525086,0.21624869
10,99548205683153,0.055075288,0.59055424,0.3930316
4,99548208925705,0.16112125,0.46019423,0.33422673
10,99548214049143,0.077486396,0.20708847,0.5011153
4,99548218837320,0.0892159,0.6468818,0.5339638
10,99548225537528,-0.73085403,-0.35570002,0.68832636
4,99548228766018,0.06231797,0.6689861,0.824781
10,99548233923674,-1.7459573,-0.96966267,1.0073061
4,99548238738570,0.32091093,0.47643954,0.9851033
10,99548243889559,-2.0758798,-2.5047011,3.0049033
4,99548247058361,0.42797,0.03169162,0.8412926
10,99548252563882,-2.8670921,-4.6237917,3.6665883
4,99548259195184,0.0029294773,-0.6048039,0.34248254
10,99548265534976,-2.1671484,-3.4822454,4.1457677
4,99548268776018,-0.103064336,-0.88683265,-0.13129385
10,99548273265236,-0.96687317,-1.9893923,3.1892881
4,99548278028986,-0.24660872,-0.7930894,-0.31771514
10,99548284837580,-1.1197646,-1.4635477,1.8009224
4,99548288047528,-0.42876893,-0.7004114,-0.32170987
10,99548293240965,-0.14405674,-1.0134978,0.77024794
4,99548298152320,-0.2825614,-0.685764,-0.40187103
10,99548304585393,1.0203702,-0.41631556,-0.12002659
2,99548307847215,-32.0,14.0,26.0
10,99548312813726,1.0028751,0.39495802,-0.88810825
4,99548317643361,0.53289855,-0.5318333,-0.479369
10,99548324351590,0.43080294,1.3627858,-1.2537861
4,99548327601226,0.4631237,-0.3752394,-0.45912898
10,99548332664038,0.34116888,2.2109756,-2.048532
4,99548337463778,0.017310547,-0.2908172,-0.5997439
10,99548342777736,0.25027537,2.2242174,-2.3724403
4,99548345947945,-0.20186761,-0.2692456,-0.6492787
10,99548352412111,0.19270265,1.4165826,-1.5699358
4,99548357260080,-0.48336375,-0.17576863,-0.53289855
10,99548363943309,0.36482656,0.43999052,-0.81160975
4,99548367185340,-0.34940675,-0.087618,-0.43303
10,99548372319820,0.038817883,-0.08582878,-0.3398037
4,99548377079455,-0.1206412,-0.010918961,-0.3291667
10,99548383734195,-0.26259553,0.23453665,-0.17516994
4,99548386970757,0.05539375,0.08894958,-0.24900557
10,99548391973309,-0.06570375,0.790709,-0.21629572
4,99548396755132,0.08681905,0.14674018,-0.21864553
10,99548403466382,-0.08211017,1.0863509,-0.32613897
4,99548406673986,-0.039414786,0.2330266,-0.14168017
10,99548411863570,-0.26911008,1.3332186,-0.39595556
4,99548416745184,-0.103863284,0.2314287,-0.12756541
10,99548423292945,-0.2315005,1.4991708,-0.18601751
4,99548426530288,-0.25300032,0.21092236,-0.08495484
11,99548435064872,-0.365935,0.078114,-0.379049,0.846351,3.0
4,99548435064872,-0.2615224,0.20932446,-0.07057377
4,99548438775393,-0.25060347,0.19201392,-0.054328486
10,99548443782893,-0.27388644,1.1174693,0.10008478
4,99548446936903,-0.1898834,0.18002969,-0.020772656
10,99548450041122,-0.50012976,0.53018236,0.5462651
4,99548455470340,-0.13741912,0.16937704,0.0015978967
10,99548461420080,-0.47526044,0.4438963,0.6219182
4,99548464684924,-0.03009372,0.18482338,0.05486112
10,99548469694507,-0.5612126,0.3387642,0.60829353
4,99548476365861,-2.663161E-4,0.18881813,0.11638014
10,99548481677007,-0.7151978,0.35363436,0.47697496
2,99548485102736,-25.0,12.0,21.0
10,99548490840705,-0.67604184,0.43531275,0.023239136
4,99548495679715,-0.056991648,0.11025487,0.11105382
10,99548502359038,-0.2850039,0.65980625,-0.109200954
4,99548505596486,-0.07084008,0.100933805,0.0793622
10,99548510708934,-0.102617145,0.72629404,-0.049557686
4,99548515615757,-0.07057377,0.08841695,0.07483483
10,99548522138049,-0.07657063,0.5571017,0.06897688
4,99548525392945,-0.12330436,0.06524745,0.08522116
10,99548530519976,-0.1575737,0.25177813,0.23298979
4,99548535428153,-0.1882855,0.05672533,0.08894958
10,99548541881851,-0.21895766,-0.072313786,0.29418564
4,99548545123413,-0.21172132,0.072171666,0.092944324
10,99548549813986,-0.27622986,-0.21309948,0.40911245
4,99548554661226,-0.17869811,0.090281166,0.09614012
10,99548561693778,-0.13612449,-0.2539811,0.23891163
4,99548564942580,-0.123038046,0.123836994,0.07669904
10,99548570073257,0.12290919,-0.020186424,0.14982367
4,99548574925028,-0.07803062,0.17230652,0.048203215
10,99548581500288,0.24363923,0.2355361,0.24553871
4,99548584723101,-0.052996907,0.19387813,0.016777916
10,99548589894663,0.17383897,0.27114677,0.16167879
4,99548594814038,-0.09773801,0.15819177,-0.015978966
10,99548601235236,-0.20995355,0.07971859,0.033097267
4,99548604539611,-0.14993598,0.09986854,-0.03568636
10,99548609656434,-0.19090092,-0.24785566,0.016062737
4,99548614516434,-0.133957,0.11158645,-0.049801115
10,99548621012372,0.1267494,-0.14083624,0.2854619
4,99548624300705,-0.007989483,0.16751283,-0.060720075
10,99548629412163,0.13457417,0.06003952,0.3705454
4,99548634289351,0.062051654,0.19041602,-0.08016115
10,99548639434247,-0.056705713,0.26787376,0.1873846
4,99548642609455,0.007989483,0.18801917,-0.12863068
10,99548649061851,-0.03063941,0.44957447,0.010066986
4,99548653926642,-0.07190535,0.18295917,-0.22397186
10,99548660579663,0.16495991,0.86878586,0.15576172
2,99548663828986,-30.0,12.0,22.0
10,99548667232580,0.39719748,1.0315914,0.14857912
4,99548674419715,-0.09853696,0.18269286,-0.50786483
10,99548682042736,0.29285312,0.49700117,-0.25290775
4,99548685295705,-0.14594123,0.15845808,-0.613326
10,99548689748986,0.25730538,0.5038924,-0.23970652
4,99548694679090,-0.18082865,0.12942964,-0.6711166
10,99548701101903,0.14765728,0.011806011,-0.03427887
4,99548704405497,-0.040213734,0.11451593,-0.7414241
10,99548708816174,0.23669326,0.22421074,0.2378254
4,99548713669299,0.0628506,0.09454222,-0.813862
10,99548720003465,-0.11014712,-0.079027176,0.16521215
4,99548723230132,0.0127831735,0.044208474,-0.8564726
10,99548726101278,-0.428576,-0.6129341,0.2825284
4,99548734461955,-0.1123854,-0.005060006,-0.8223842
10,99548740843049,-0.6878922,-1.0290952,0.5487871
4,99548745264767,-0.16937704,-0.016777916,-0.69721556
10,99548748881955,-0.68626785,-1.18501,0.8085098
4,99548753778986,-0.084155895,0.017044231,-0.49960902
10,99548760028830,-0.63747245,-1.0630217,1.0195904
4,99548763263882,0.05912218,0.073236935,-0.29028457
10,99548766206799,-0.5895884,-0.5722103,1.014802
4,99548773303882,0.16085494,0.10040118,-0.13448964
10,99548780911174,-0.5604987,0.09878826,0.86863565
4,99548784232007,0.16831179,0.103064336,-0.04873585
10,99548787029403,-0.5604987,0.09878826,0.86863565
4,99548792777111,0.07536746,0.09321064,-0.006657903
10,99548800344299,-0.44981742,0.43530035,0.6061945
4,99548803607788,-0.03169162,0.051931642,0.02130529
10,99548806499663,-0.64614195,0.227005,0.67083836
4,99548812767892,-0.073236935,-5.326322E-4,0.047404267
10,99548820326069,-0.6732062,0.0628891,0.6201587
4,99548823572163,-0.0644485,-0.015180019,0.08974853
10,99548826413205,-0.6899656,-0.24835682,0.6201587
4,99548833166538,-0.05885586,-0.010918961,0.118776985
10,99548839508882,-0.722025,-0.42818356,0.74318886
2,99548843930653,-38.0,6.0,25.0
10,99548846089351,-0.6118917,-0.3156557,0.913177
4,99548852527372,0.03834952,-0.03435478,0.16378441
10,99548858589247,-0.4961723,-0.18812895,0.6380439
4,99548861839455,0.094009586,-0.05273059,0.12144015
10,99548866844663,-0.36089206,-0.0070004463,0.38408947
4,99548871632684,0.09347696,-0.046871636,0.114782244
10,99548877937163,-0.21717608,0.18682861,0.28252745
4,99548881185549,0.080960095,-0.036751624,0.11265171
10,99548886573882,-0.1601969,0.29442978,0.19542503
4,99548891473986,0.03781689,-0.050333746,0.09667275
10,99548897718101,-0.11970019,0.31843567,0.09453392
4,99548900967424,-0.011451593,-0.07163903,0.06657903
10,99548906378153,0.01241827,0.08733559,0.09605551
4,99548911198517,-0.040213734,-0.062051654,0.05219796
10,99548917505132,-0.012255669,-0.018358707,0.06511593
4,99548920760392,-0.0561927,-0.038083203,0.06231797
10,99548926133309,-0.09181881,-0.067246914,0.1478405
4,99548930905601,-0.026631612,-0.012516857,0.082558
10,99548935919507,-0.08214688,-0.08357382,0.09012079
4,99548939279663,0.00958738,0.010918961,0.08974853
10,99548945910184,-0.017832875,-0.18095541,0.063504696
4,99548950681121,0.026631612,0.036218993,0.083889574
10,99548957045705,0.04743254,-0.11746311,0.09468126
4,99548960283101,0.05965481,0.06364955,0.07803062
10,99548965676486,0.051437378,0.094044685,0.04628229
4,99548970457632,0.088150635,0.08681905,0.08735169
10,99548976842163,0.09274125,0.18187284,-0.20025635
4,99548980093101,0.064182185,0.1222391,0.09720538
10,99548985465080,0.16016638,0.3441062,-0.21721411
4,99548990255132,0.049002163,0.16085494,0.101200126
10,99548996662996,0.016656399,0.36852837,-0.12395525
4,99548999906382,0.0314253,0.15526229,0.08468852
10,99549005246174,-0.17553663,0.19104767,-0.058165073
4,99549010085601,0.013848438,0.14247912,0.05965481
10,99549016391955,-0.2282033,-0.023287296,0.10997248
2,99549019641694,-36.0,8.0,24.0
10,99549025081278,-0.21062922,-0.11148405,0.1628108
4,99549029845288,0.06950851,0.17230652,0.036485307
10,99549034779351,-0.20870268,-0.04973507,0.25058985
4,99549039529871,0.08628642,0.17923075,0.054328486
10,99549044607684,-0.17906141,0.010341167,0.20482826
4,99549049374871,0.061519023,0.17044231,0.058589544
10,99549055941278,-0.14231312,0.09521103,0.19346523
4,99549059178309,0.034088463,0.14940333,0.03781689
10,99549064574455,-0.17239857,0.114929676,0.14847565
4,99549069415549,0.017310547,0.13582122,0.022370555
10,99549075730288,-0.18547499,0.063551426,0.29615355
4,99549078978517,0.029827405,0.12170646,0.023702133
10,99549084352528,-0.24213684,0.009115696,0.44331026
4,99549089170288,0.04580637,0.099069595,0.030360037
10,99549095496851,-0.28725457,-0.043697357,0.4102583
4,99549098714403,0.03701794,0.0727043,0.036218993
10,99549104138986,-0.21247768,0.001830101,0.40414524
4,99549108957580,0.046871636,0.063116916,0.04234426
10,99549115290548,-0.17699516,0.075390816,0.40474176
4,99549118541017,0.06098639,0.070041135,0.05486112
10,99549123916278,-0.16464293,0.16940403,0.34190273
4,99549128708465,0.060720075,0.07882957,0.06231797
10,99549133656694,-0.039672494,0.32232666,0.35237455
4,99549137050548,0.04447479,0.08575379,0.047404267
10,99549143684351,-0.06809747,0.44212914,0.32257557
4,99549148540913,0.016511599,0.08681905,0.029028457
10,99549154846590,-0.12805331,0.37735462,0.19677544
4,99549158078048,-0.025033714,0.07829694,0.019441076
10,99549163462684,-0.20999599,0.25651646,0.12495041
4,99549167418153,-0.033289514,0.08442221,0.011185277
10,99549174626330,-0.18243611,0.09649801,0.20553017
4,99549177870965,-0.015446335,0.09720538,0.017576864
10,99549183250340,-0.29643297,-0.06787872,0.120952606
4,99549188014038,-0.0055926386,0.098004326,0.026365295
10,99549194400861,-0.3252825,-0.15398455,0.20303774
2,99549197663257,-37.0,5.0,24.0
10,99549203085132,-0.29788655,-0.036255836,0.28098536
4,99549207915861,0.03488741,0.08042747,-0.0063915867
10,99549214179455,-0.33666974,-0.030554295,0.29514742
4,99549217395392,0.021837922,0.06338324,-0.029827405
10,99549222826121,-0.4038884,-9.880066E-4,0.27131128
4,99549227604871,0.004261058,0.048469532,-0.047404267
10,99549232518882,-0.3921553,-0.01575756,0.28491354
4,99549235940653,-0.0018642128,0.04234426,-0.053795855
10,99549242569923,-0.37276304,0.027159214,0.31103277
4,99549247350965,-0.0039947415,0.038615838,-0.07962852
10,99549253727215,-0.3952645,0.14601374,0.30320263
4,99549256972580,0.004527374,0.035153728,-0.08548747
10,99549262357840,-0.47052336,0.12335062,0.24964857
4,99549267112840,-0.01438107,0.019707393,-0.087884314
10,99549273503465,-0.49154043,0.06093836,0.28333426
4,99549276755236,-0.022903185,0.00958738,-0.09241169
10,99549282135757,-0.46131796,0.13749838,0.40117645
4,99549286971121,-0.012516857,0.009853696,-0.096939065
10,99549293282267,-0.47719562,0.25054932,0.37374496
4,99549296515028,0.018109497,0.0061252704,-0.08655274
10,99549301912944,-0.42390436,0.2810874,0.2495389
4,99549306689871,0.008522116,0.0063915867,-0.07456851
10,99549313191173,-0.33644158,0.36054754,0.2387309
4,99549316429559,-0.026897928,-0.0026631611,-0.039414786
10,99549321691121,-0.26298535,0.4131708,0.18177938
4,99549326470236,-0.03701794,-0.0031957934,-0.03089267
10,99549331385757,-0.24858916,0.39555693,0.18367195
4,99549334828257,-0.049534798,-0.002130529,-0.014114754
10,99549341457319,-0.28708494,0.3530016,0.1936779
4,99549346237632,-0.05219796,0.004261058,0.004261058
10,99549351850496,-0.34315807,0.26763105,0.23480558
4,99549355190236,-0.03701794,0.010386328,0.019441076
10,99549361225288,-0.27859032,0.2174635,0.1481986
4,99549366082319,-0.026365295,0.024234766,0.034621093
10,99549372401434,-0.23864281,0.2246666,0.1306386
2,99549375677475,-38.0,2.0,25.0
10,99549381066590,-0.16843379,0.21841383,0.04184866
4,99549386031903,-0.043942157,0.03488741,0.07057377
10,99549392199350,-0.12895703,0.21292782,0.092596054
4,99549395529090,-0.040480047,0.036751624,0.06844324
10,99549400782632,-0.12046826,0.10903692,0.15746403
4,99549405658778,-0.033822145,0.037284255,0.054328486
10,99549411950965,-0.16994941,0.047718048,0.22192097
4,99549415189403,-0.026365295,0.03781689,0.0396811
10,99549420558100,-0.19878829,0.04561138,0.21889305
4,99549425445184,-0.019707393,0.025300032,0.03089267
10,99549430366173,-0.20546257,0.017186642,0.14676142
4,99549433726330,-0.022104237,0.019441076,0.02130529
10,99549439208309,-0.17210114,-0.082764626,0.18756104
4,99549445620080,-0.016245283,0.012250541,0.012516857
10,99549451701382,-0.25398672,-0.18770695,0.2449851
4,99549454946069,0.0010652645,-0.0063915867,0.009321064
10,99549460124767,-0.2823369,-0.2607622,0.30589962
4,99549465031903,0.017310547,-0.0053263223,0.015978966
10,99549471330340,-0.2001015,-0.15638018,0.26652002
4,99549474571017,0.04261058,0.009853696,0.032490566
10,99549479901121,-0.22560489,-0.12711477,0.39106846
4,99549484952840,0.06231797,0.008522116,0.054062173
10,99549491040965,-0.12950504,-0.07358265,0.27430868
4,99549494355913,0.06924219,0.025566347,0.047137953
10,99549499662840,-0.07244933,0.04916048,0.31507254
4,99549504713361,0.05539375,0.03169162,0.04580637
10,99549510832423,-0.25816196,0.11256695,0.31538773
4,99549514141538,0.0396811,0.017576864,0.0561927
10,99549519457736,-0.33499753,0.07202387,0.38150787
4,99549524298725,0.025300032,0.018908445,0.09267801
10,99549529232007,-0.45091343,-0.04591036,0.54666376
4,99549532590496,0.042077947,0.014647386,0.13315806
10,99549539257059,-0.5620054,-0.056168556,0.67319155
4,99549544165600,0.10279802,-0.013848438,0.14753912
10,99549550380444,-0.600776,0.10678053,0.480237
2,99549553634246,-38.0,2.0,25.0
10,99549559174350,-0.47605973,0.29994154,0.24881363
4,99549564060705,0.09773801,-0.03542004,0.09560748
10,99549570148882,-0.39052963,0.41532612,0.28965187
4,99549573393413,0.06524745,-0.055127434,0.06684534
10,99549577211434,-0.3785559,0.38660288,0.26570988
4,99549584291173,0.032756884,-0.06551377,0.047137953
10,99549591856173,-0.37534034,0.244174,0.31739187
4,99549595130548,-0.014913702,-0.06498113,0.03834952
10,99549599981798,-0.3748032,0.2461257,0.31916237
4,99549604915496,-0.04474111,-0.05752428,0.02876214
10,99549611031486,-0.551183,0.03434038,0.39435673
4,99549614376173,-0.03568636,-0.03568636,0.010652645
10,99549619167059,-0.51910913,-0.027838707,0.39175272
4,99549624018465,-0.0031957934,0.004527374,-0.002130529
10,99549629009246,-0.43719834,-0.08408642,0.18653965
4,99549632111382,0.017576864,0.03781689,0.009321064
10,99549635970392,-0.5425278,-0.1056242,0.28231335
4,99549643509871,0.066312715,0.02609898,0.03222425
10,99549651091798,-0.5824757,-0.06124592,0.334548
4,99549654478465,0.14168017,0.010918961,0.031158986
10,99549659332423,-0.5789624,-0.071088314,0.3246827
4,99549664168517,0.15765914,0.02396845,0.027164243
10,99549670286017,-0.34291512,0.46107054,-0.072060585
4,99549673551694,0.1304949,0.041279,0.031158986
10,99549676388986,-0.28306007,0.5999346,-0.036147594
4,99549683179350,0.0628506,0.04660532,0.046339005
10,99549690742892,-0.2150408,0.5389581,0.072010994
4,99549694061330,0.008788432,0.04474111,0.059388492
10,99549696954142,-0.2150408,0.5389581,0.072010994
4,99549701763882,-0.011451593,0.052996907,0.06498113
10,99549708788413,-0.16144973,0.21062088,0.25756884
4,99549712022684,0.010652645,0.056991648,0.07483483
10,99549717010496,-0.2825895,-0.01789236,0.23601246
4,99549722751382,0.03089267,0.06338324,0.082558
10,99549729096746,-0.15981048,-0.009223938,0.22034454
2,99549733432788,-36.0,2.0,24.0
10,99549735582267,0.034119844,0.1416111,0.31371832
4,99549742396382,0.15499598,0.11371698,0.09241169
10,99549748659715,-0.021533847,0.21354485,0.14753962
4,99549751865600,0.18775286,0.108124346,0.090014845
10,99549756681017,0.09052777,0.22991371,0.2133317
4,99549761463882,0.17124127,0.10652645,0.08362326
10,99549768117736,0.038626313,0.35610723,0.27188492
4,99549771368673,0.11105382,0.11797804,0.087618
10,99549776374194,-0.10374302,0.28067493,0.3896346
4,99549781146069,0.08522116,0.11851067,0.101200126
10,99549787893777,-0.22081202,0.106321335,0.41723967
4,99549791138257,0.02263687,0.0958738,0.12357068
10,99549795919402,-0.46009016,-0.16571379,0.5691328
4,99549800722788,0.015978966,0.06364955,0.105727494
10,99549807660652,-0.46431732,-0.17722893,0.5411711
4,99549810899038,0.055926383,0.045007423,0.073236935
10,99549816093725,-0.39409506,-0.20336103,0.54253626
4,99549820858413,0.08016115,0.016777916,0.054594804
10,99549826095496,-0.34188408,-0.117099285,0.46786785
4,99549829246902,0.08974853,-0.020506341,0.02396845
10,99549835700809,-0.20893079,0.09383917,0.5044327
4,99549840496798,0.07590009,-0.059388492,-0.01571265
10,99549847220184,-0.16587853,0.111215115,0.36498213
4,99549850467788,0.024234766,-0.08841695,-0.038083203
10,99549855650079,-0.12972325,0.11260462,0.3128519
4,99549860512996,-0.021837922,-0.08628642,-0.033289514
10,99549867016017,-0.08474672,0.12230587,0.32390547
4,99549870266069,-0.035952676,-0.0793622,-0.01304949
10,99549875288100,-0.06472337,0.1294713,0.17165184
4,99549880113100,-0.033023197,-0.070041135,-0.0055926386
10,99549886776017,0.07262057,0.18960238,0.093903065
4,99549890020913,0.0015978967,-0.047137953,-0.014913702
10,99549895199038,0.18121493,0.25213337,0.08819628
4,99549899971069,0.034621093,-0.017310547,-0.01304949
10,99549906547319,0.21713305,0.19290495,0.010978222
2,99549909783777,-36.0,5.0,23.0
10,99549914726902,0.08160472,0.122341156,-0.08768082
4,99549920471590,0.03568636,-0.002130529,0.005060006
10,99549925560444,0.054769754,0.16667128,-0.08114815
4,99549928657944,0.05672533,0.025033714,0.0010652645
10,99549934590132,0.088620186,0.25723124,-0.1361084
4,99549939394454,0.06391586,0.056991648,0.0034621095
10,99549946110340,0.05805123,0.28447866,-0.11818218
4,99549949346746,0.045007423,0.073236935,0.010652645
10,99549954339975,-0.079155505,0.17372465,0.029322624
4,99549959173204,0.013582122,0.060720075,0.004527374
10,99549965897788,-0.16330433,0.05088377,0.16927528
4,99549969121486,0.017310547,0.050600063,-0.010918961
10,99549974251486,-0.26748586,-0.13099575,0.2622242
4,99549979031486,0.04314321,0.050600063,-0.010386328
10,99549985664090,-0.44218904,-0.16838837,0.3415923
4,99549988920079,0.087618,0.042876896,0.0015978967
10,99549994050600,-0.53923345,-0.046385765,0.35067558
4,99549998897944,0.10839066,0.028229509,5.326322E-4
10,99550005302840,-0.42989922,0.13282871,0.23792076
4,99550008511017,0.092145376,0.015978966,-0.013848438
10,99550013736746,-0.33037132,0.3378954,0.20172071
4,99550018566486,0.061519023,-0.002130529,-0.025832662
10,99550023797527,-0.2577449,0.43210554,0.14111996
4,99550027051434,0.022903185,-0.013848438,-0.023169503
10,99550033102423,-0.14641237,0.34740162,0.11947584
4,99550038829402,-7.9894834E-4,-0.00479369,-0.013848438
10,99550045105756,-0.05878097,0.23111534,0.32699776
4,99550048364715,0.029294772,-0.006924219,0.0013315806
10,99550053269559,-0.09662598,0.08581352,0.34013987
4,99550058090600,0.11638014,0.0010652645,0.005060006
10,99550064788361,0.0018109083,-0.051650524,0.20592451
4,99550067995340,0.19094865,0.06737798,0.03488741
10,99550073202423,0.002472043,-0.24841595,0.124637604
4,99550078144715,0.23329292,0.14780544,0.10839066
10,99550084565288,-0.023089767,-0.252213,0.1707201
2,99550087824038,-35.0,5.0,24.0
10,99550092832423,0.09642041,-0.36283684,0.42924356
4,99550097668361,0.18801917,0.3400857,0.4133226
10,99550104398413,0.08809066,-0.41159868,0.5506463
4,99550107629559,0.18615496,0.4183826,0.57391125
10,99550112750600,0.2613228,-0.7886963,1.3043232
4,99550117514975,0.19813919,0.34168357,0.566987
10,99550122687631,0.09253526,-0.94094706,1.7111797
4,99550125938934,0.23515713,0.25166872,0.46019423
10,99550132417736,0.09952742,-1.3024368,2.674559
4,99550137172475,0.09933591,-0.25859293,-0.18002969
10,99550143884402,0.12207651,-1.1840897,2.0327106
4,99550147102944,0.006657903,-0.4346279,-0.5382249
10,99550152225704,0.6272341,-0.71749306,1.1881628
4,99550156987371,0.021571605,-0.30812773,-0.57604176
10,99550163670288,0.7586434,-0.8472948,0.36349678
4,99550166908256,-0.056991648,-0.18801917,-0.4564658
10,99550172070913,0.92660797,-0.89368963,0.029499054
4,99550176849559,-0.055127434,-0.180296,-0.42903525
10,99550183492527,1.250297,-1.1799998,0.4756937
4,99550186728465,0.072970614,-0.24261399,-0.556867
10,99550191845340,0.9528494,-1.0638618,0.17725086
4,99550196696329,0.11504856,-0.25513083,-0.60959756
10,99550203277683,0.7336607,-0.20273685,0.15523243
4,99550206509402,0.48363006,-0.077231675,-0.5275722
10,99550211490600,0.5705099,0.46692038,-0.51936865
4,99550216348465,0.55313855,0.0127831735,-0.44075316
10,99550221570913,0.5092648,0.7218981,-0.4585185
4,99550224825861,0.6213155,0.13102753,-0.30253512
10,99550231313621,0.4792503,1.2309766,-0.69058037
4,99550236072631,0.6197176,0.16298546,-0.23009712
10,99550242776329,0.48397374,1.7587175,-0.8324337
4,99550245993465,0.5997439,0.19734024,-0.1635181
10,99550251159246,0.0954591,1.9046526,-0.9509988
4,99550256030236,0.5382249,0.24900557,-0.04314321
10,99550262593413,-0.216133,1.7687864,-1.0031776
2,99550265854246,-27.0,3.0,25.0
10,99550270741642,-0.32827115,1.8856492,-0.83127546
4,99550275662163,0.47510794,0.37257624,0.2548645
10,99550282341642,-0.14712119,1.9218102,-0.7939234
4,99550285579715,0.5142564,0.5209143,0.3616573
10,99550290681694,-0.12738943,1.8430429,-0.55059433
4,99550295566277,0.47191215,0.68176925,0.51052797
10,99550302116954,-0.26216745,1.8121428,-0.5306573
4,99550305328725,0.37923414,0.8404937,0.6860303
10,99550310441694,-0.4708423,1.6446366,-0.3600464
4,99550315345079,0.24714136,0.94941694,0.9033443
10,99550320501329,-1.4060994,0.6838541,-0.099227905
4,99550323693361,0.16911073,1.0005497,1.1675298
10,99550330138569,-1.9111791,-0.35263968,0.17858648
4,99550334956381,0.25672874,0.9270464,1.2167983
10,99550341698413,-2.4737463,-0.41587782,0.6180482
4,99550344915288,0.5323659,0.536627,0.69135666
10,99550350082058,-3.573663,-2.4036508,3.2278485
4,99550355095183,-0.07749799,-0.08974853,-0.11584751
10,99550361473829,-4.6068945,-2.9519987,1.9762354
4,99550364718777,-0.5954828,-0.48149952,-0.6644587
10,99550369831277,-3.5672421,-1.6310639,2.0890927
4,99550374803100,-0.50813115,-0.38242993,-0.7342335
10,99550381205548,-1.764974,-1.900259,1.1522355
4,99550384512163,-0.29134983,-0.22716765,-0.5965481
10,99550389632892,-0.42724797,-1.6394486,-0.35090876
4,99550394568621,0.071106404,-0.29667616,-0.53502905
10,99550400977788,0.38343215,-0.14678049,-0.75368595
4,99550404254558,0.51265854,-0.47137952,-0.59628177
10,99550409379350,0.17774987,1.2770071,-1.2401619
4,99550415147110,0.5275722,-0.5320996,-0.65007764
10,99550420269090,-0.22956413,2.3215191,-2.13701
4,99550423374454,0.13422333,-0.505468,-0.644485
10,99550429123360,-0.30275798,2.6565673,-1.6711359
4,99550434040808,-0.23382555,-0.39121836,-0.5616607
10,99550440540288,0.11050868,1.6300602,-0.4270997
2,99550443805860,-25.0,3.0,31.0
10,99550447224975,0.18951738,0.48563194,0.41326475
4,99550454412579,-0.2942793,-0.024234766,-0.24101609
10,99550461977527,0.08319569,-0.24958467,1.0217018
4,99550465234142,0.03888215,0.23009712,0.03355583
10,99550469703673,0.11354965,-0.2576728,1.0119185
4,99550474632006,0.3257046,0.5592638,0.40053943
10,99550480954610,-0.15245116,-0.62770605,0.75028944
4,99550484249715,0.3898868,0.82105255,0.82211787
10,99550487057215,-0.5474945,0.102525234,0.10146093
4,99550493959454,0.4857606,0.95421064,1.1667309
10,99550501567527,0.13051468,0.80630255,-0.053027153
4,99550504825288,0.4958806,1.0245181,1.3326459
10,99550518903725,0.36296266,2.6896732,-0.4819746
4,99550521853204,0.252734,0.46205845,0.43089947
10,99550525391538,-2.0408158,0.091964245,1.4309926
4,99550533318048,-0.83516735,-0.1355549,-0.1834918
10,99550540647006,-3.5573516,-0.7055588,1.2292709
4,99550543759558,-1.143295,-0.46924898,-0.5456817
10,99550546431069,-2.1304073,-1.6297207,2.0385113
4,99550552757215,-0.81226414,-0.3930826,-0.6151902
10,99550560278569,-1.1036562,-3.1547513,1.3427958
4,99550563359454,-0.29321405,-0.35952675,-0.5323659
10,99550566145079,-0.31356955,-2.122851,0.48088312
4,99550572821225,0.41785,-0.44421527,-0.5230448
10,99550578546485,-0.1552879,0.17607546,-0.07384634
4,99550581635444,0.6926882,-0.5086638,-0.60720074
10,99550587219194,-0.6918061,1.5062218,-1.3137422
4,99550591822527,0.19574234,-0.5430186,-0.7057377
10,99550598317319,-0.9139425,2.3962028,-2.1001945
4,99550601404558,-0.41065946,-0.6000102,-0.79042625
10,99550607004350,-0.8449236,1.8782549,-1.3192053
4,99550612609975,-0.6378271,-0.6213155,-0.8032094
10,99550617395652,-0.3913988,0.40187025,0.31501818
2,99550620405808,-24.0,1.0,29.0
10,99550626428933,-0.48349887,-0.37402964,0.653389
4,99550632003777,-0.79388833,-0.608266,-0.75154406
10,99550637864975,-0.9633853,-1.4543138,1.2364264
4,99550640964662,-0.5209143,-0.536627,-0.62744075
10,99550646560287,-1.118715,-0.6504631,1.057066
4,99550651149402,-0.1025317,-0.41785,-0.43223104
10,99550657656277,-0.6945771,0.3204031,0.3885808
4,99550660735287,0.20719394,-0.26045716,-0.20133498
10,99550666594090,-0.5173729,1.1287217,-0.48563385
4,99550671328465,0.22370553,-0.17443706,0.0058589545
10,99550677428256,-0.36506665,1.5308609,-0.7616391
4,99550680512944,0.08149273,-0.16458336,0.11504856
10,99550686071069,-0.0025917292,2.1200938,-0.9701686
4,99550690755860,-0.09986854,-0.18109496,0.12809806
10,99550697247787,0.07997596,2.1456513,-0.92374706
4,99550700337683,-0.26711506,-0.18216023,0.112119086
10,99550705832475,-0.02878189,1.7021704,-0.7339015
4,99550711031381,-0.38109836,-0.15526229,0.14168017
10,99550715837631,-6.414652E-4,1.0867438,-0.46968365
4,99550719262423,-0.41172472,-0.109988555,0.22343922
10,99550725895392,0.07326484,0.5687227,-0.2322607
4,99550730880965,-0.3472762,-0.09347696,0.29481193
10,99550737054142,0.06589866,0.4371853,-0.24581861
4,99550740299506,-0.20932446,-0.08735169,0.28522456
10,99550745653048,0.17348576,0.46444225,-0.4221239
4,99550750483881,-0.12969595,-0.053795855,0.252734
10,99550756854037,0.05957842,0.42600584,-0.3372264
4,99550760077371,-0.12144015,-0.040746365,0.2514024
10,99550765442423,-0.07581425,0.43955183,-0.03734541
4,99550770265704,-0.14274544,-0.072970614,0.25379926
10,99550776584610,-0.05469668,0.3063283,0.022378922
4,99550779805912,-0.1784318,-0.09986854,0.23568976
10,99550785229819,0.043996215,0.052487373,-0.07203722
4,99550790060496,-0.21598236,-0.092944324,0.20959078
10,99550796346642,0.05489862,0.0017595291,0.17072725
2,99550799579194,-25.0,3.0,24.0
10,99550805057944,-0.042757273,-0.16869736,0.45437908
4,99550809838881,-0.11052119,-0.10679276,0.22956449
10,99550814774871,-0.08453214,-0.36219978,0.62211895
4,99550818141746,-0.08575379,-0.15313177,0.21944448
10,99550824516642,-8.8334084E-4,-0.4289279,0.6709752
4,99550829418152,-0.06231797,-0.18455707,0.16325177
10,99550835914037,0.05743301,-0.38075066,0.697103
4,99550839123881,-0.029827405,-0.1768339,0.11504856
10,99550844559610,0.20657742,-0.3504715,0.8047161
4,99550849347527,-0.015978966,-0.15180019,0.113983296
10,99550855696017,0.2032547,-0.23817825,0.6664915
4,99550858941121,-0.014114754,-0.14061491,0.1304949
10,99550864338621,0.26819706,3.566742E-4,0.51796293
4,99550869147892,-0.011451593,-0.14620754,0.14301175
10,99550875467579,0.32119048,0.19565964,0.2759385
4,99550878683933,-0.016511599,-0.13848437,0.16325177
10,99550884105912,0.514848,0.37177896,0.20397568
4,99550888893360,-0.0055926386,-0.052996907,0.20453078
10,99550895262110,0.81577325,0.32790518,0.63472843
4,99550898505704,-0.028495824,0.13662016,0.2910835
10,99550903938412,0.63024783,0.13273239,0.7459526
4,99550908727058,-0.16138756,0.37364152,0.42876893
10,99550913662683,0.43991196,0.39231205,1.0055876
4,99550917031694,-0.31851408,0.61838603,0.6058692
10,99550923715235,0.6595989,0.8603225,1.06918
4,99550928546121,-0.4348942,0.845021,0.8117315
10,99550934819246,0.663113,0.9741769,1.3633742
4,99550938059819,-0.46552056,0.9259811,1.0317086
10,99550943491850,0.09171879,0.45029116,1.0364599
4,99550948253204,-0.40506682,0.7861652,1.0647318
10,99550954628464,-0.37596595,0.3442588,0.23141956
4,99550957866798,-0.18136127,0.484429,0.629305
11,99550964552475,-0.327516,0.141072,-0.435667,0.826453,3.0
4,99550964552475,-0.3110572,0.267914,0.30360037
4,99550968360756,-0.6644587,0.04447479,-0.023435818
10,99550972910131,-1.6199576,-1.6126761,1.5361867
2,99550976391225,-33.0,5.0,24.0
10,99550981652006,-1.2835245,-0.6153288,1.3146911
4,99550987011225,-1.3598101,-0.21225394,-0.64581656
10,99550992754714,-0.8224781,-1.3356538,1.3031054
4,99550996156485,-1.3387711,-0.16618125,-0.60959756
10,99551002693673,-0.49674863,-2.2639666,0.6453786
4,99551007506902,-0.9938917,-0.29614353,-0.49960902
10,99551012519714,0.31300735,-1.5402837,0.32448578
4,99551015912996,-0.70493877,-0.37071204,-0.5137238
10,99551022225183,0.71907943,-0.2618718,-0.04395914
4,99551027002579,0.14780544,-0.42983422,-0.59388494
10,99551032813517,0.046743214,0.18211508,-0.19502068
4,99551036044194,0.21438447,-0.4511395,-0.5603291
10,99551041662371,-0.48822793,1.1415262,-0.5896311
4,99551047422839,0.19680761,-0.5302354,-0.39787626
10,99551053529246,-0.022724152,1.3627272,-0.43357897
4,99551056774767,-0.0039947415,-0.54168695,-0.37736994
10,99551062111433,0.018159628,1.0664501,-0.4569459
4,99551066914142,-0.10839066,-0.5486112,-0.3850931
10,99551073298621,-0.23413062,0.77492523,0.14737225
4,99551076521016,-0.20985709,-0.59628177,-0.36751625
10,99551081892266,-0.51823616,0.31185532,0.42011547
4,99551086695652,-0.19787288,-0.6058692,-0.34887412
10,99551093028048,-0.5583144,-0.028194904,0.33970610,99551100243777,-0.54999375,-0.20874166,0.33179804,99551106024714,-0.13342437,-0.48389637,-0.2263687
10,99551111378204,-0.590814,-0.24357033,0.23579407
4,99551115758256,-0.088150635,-0.43010053,-0.15339808
10,99551121221798,-0.53198117,-0.19391108,-0.032853603
4,99551125868464,-0.043942157,-0.38935417,-0.09374327
10,99551132327162,-0.3100692,-0.041071415,-0.26380968
4,99551135408152,-0.016245283,-0.32037827,-0.036218993
10,99551140965860,-0.18289149,0.04924345,-0.3984089
4,99551145683725,-0.010652645,-0.27670243,0.010120012
10,99551152099246,-0.23353481,0.2386198,-0.6836958
2,99551155205964,-29.0,7.0,27.0
10,99551160733360,-0.11418116,0.35430527,-0.80737495
4,99551165542214,-0.092944324,-0.24980451,-0.054328486
10,99551171882735,-0.058352828,0.23176861,-0.96048737
4,99551174963569,-0.14753912,-0.20985709,-0.0743022
10,99551180500600,-0.1118592,-0.07644367,-0.83044195
4,99551185203256,-0.170176,-0.19068234,-0.07669904
10,99551191664506,-0.26375866,-0.23181581,-0.5191722
4,99551194768569,-0.1371528,-0.17976338,-0.082025364
10,99551200286433,-0.3023157,-0.4016142,-0.2416625
4,99551205881277,-0.10013486,-0.14833808,-0.082025364
10,99551210706954,-0.31202424,-0.40506315,-0.22462082
4,99551213694766,-0.06231797,-0.1041296,-0.090281166
10,99551220066173,-0.3255986,-0.22722054,-0.11813545
4,99551224737006,-0.040480047,-0.07163903,-0.08974853
10,99551231205339,-0.53960323,-0.1125865,-0.18333483
4,99551234353308,-0.03781689,-0.06870956,-0.064182185
10,99551239843725,-0.45177162,3.5715103E-4,-0.16893959
4,99551244513308,-0.0055926386,-0.036751624,-0.03169162
10,99551250987162,-0.18859124,0.2867198,-0.058630466
4,99551254139975,0.01571265,-7.9894834E-4,-5.326322E-4
10,99551259206694,-0.14639592,0.531374,-0.0173769
4,99551264787214,-0.028229509,-0.0026631611,0.01571265
10,99551270758777,-0.17632103,0.78270435,0.15042448
4,99551273895391,-0.08468852,-0.029294772,0.002130529
10,99551279396016,-0.19452465,0.84436035,0.17970562
4,99551284058100,-0.14993598,-0.041545313,-0.013582122
10,99551290542787,-0.1752019,0.71941185,0.056384087
4,99551293630339,-0.18695392,-0.03435478,-0.0026631611
10,99551298851433,-0.27530372,0.46619272,0.055791855
4,99551303988985,-0.18242654,-0.022370555,0.032490566
10,99551309161798,-0.27570522,0.1052413,0.24346209
4,99551313538725,-0.14221281,-0.020506341,0.0777643
10,99551319332371,-0.22346306,-0.036685944,0.38602972
4,99551324237006,-0.07483483,-0.014647386,0.09640643
10,99551330351902,-0.14876926,0.06289053,0.5373039
2,99551333587214,-30.0,9.0,26.0
10,99551337056121,-0.12243307,0.21133089,0.6115241
4,99551344385443,-0.03781689,-0.012516857,0.09560748
10,99551351950860,-0.19307387,0.28078032,0.49441576
4,99551355215235,-0.081226416,-0.011984225,0.10013486
10,99551360067996,-0.18736553,0.28729343,0.5000677
4,99551364978881,-0.11558119,0.0,0.118776985
10,99551371110183,-0.08848238,0.118844986,0.4405656
4,99551374444506,-0.10945592,0.011717909,0.14114754
10,99551379306641,-0.06669438,0.052570343,0.53303146
4,99551384153204,-0.082558,0.010918961,0.15233281
10,99551390238673,-0.07075739,0.10827541,0.5795994
4,99551393485964,-0.05539375,0.01571265,0.15925704
10,99551396343881,-0.046815395,0.1777072,0.5293207
4,99551404115912,-0.04926848,0.024767399,0.15978967
10,99551410488152,-0.0106470585,0.23394394,0.42800665
4,99551414974766,-0.04261058,0.029827405,0.15526229
10,99551418638152,-0.09927857,0.25500154,0.39164305
4,99551423536277,-0.054062173,0.025300032,0.15073492
10,99551429599610,-0.14734638,0.14138699,0.32616425
4,99551432843933,-0.08069378,0.018375812,0.15313177
10,99551435718725,-0.16889417,1.2874603E-4,0.39080763
4,99551443268725,-0.07563378,0.019707393,0.16484967
10,99551450824766,-0.1676997,-0.029409409,0.5076804
4,99551454123985,-0.033822145,0.018109497,0.17257284
10,99551456923308,-0.1676997,-0.029409409,0.5076804
4,99551462731381,-0.0034621095,0.022903185,0.17417073
10,99551469049818,-0.10689747,0.14136457,0.45084572
4,99551472303621,0.008255799,0.026365295,0.16005598
10,99551477285443,-0.073138714,0.18559742,0.45420313
4,99551482112891,-5.326322E-4,0.016777916,0.13901702
10,99551488754089,-0.24301386,0.038241386,0.37136555
4,99551491999923,-0.015978966,-0.009054748,0.12809806
10,99551497212527,-0.35866714,-0.18413258,0.34554005
4,99551501999193,-0.019973708,-0.022903185,0.128897
10,99551507098725,-0.3609631,-0.36414957,0.3601799
2,99551510381173,-34.0,10.0,25.0
10,99551516898777,-0.30904293,-0.3624301,0.43701553
4,99551521733204,0.024767399,-0.017044231,0.14114754
10,99551528314402,-0.13526893,0.14564085,0.50998545
4,99551531562943,0.07190535,-0.0037284256,0.11638014
10,99551536587579,-0.03950596,0.30772638,0.315938
4,99551541395600,0.053263225,-0.00479369,0.10865697
10,99551547988881,-0.0053366423,0.27337074,0.20833254
4,99551551225131,-0.012250541,-0.010386328,0.095074855
10,99551556522891,-0.09140849,0.12138319,0.09614229
4,99551561316798,-0.049801115,-0.0314253,0.07856325
10,99551567869818,-0.109977126,0.085214615,0.12919998
4,99551571117995,-0.033289514,-0.045540057,0.07483483
10,99551576255131,-0.1679709,-0.06587267,0.20559502
4,99551581099870,0.0015978967,-0.049002163,0.09161274
10,99551587647579,-0.1703831,-0.0918231,0.15547466
4,99551590888204,0.0127831735,-0.04447479,0.11504856
10,99551595869818,-0.08035076,0.086447716,0.3186941
4,99551601629506,0.02396845,-0.032490566,0.1272991
10,99551606723256,-0.07053983,0.1987915,0.26717663
4,99551609820183,0.019973708,-0.01784318,0.12863068
10,99551615745756,0.006632924,0.28450727,0.20571852
4,99551620566589,-0.024767399,-0.0037284256,0.122771725
10,99551627198412,-0.015887737,0.267725,0.08254576
4,99551630436850,-0.06524745,0.0010652645,0.10519487
10,99551635426277,-0.045768023,0.14644766,0.08268213
4,99551640206954,-0.081226416,5.326322E-4,0.08468852
10,99551646976225,-0.09557426,-0.018983841,0.22331667
4,99551650226745,-0.066312715,-0.016245283,0.07483483
10,99551654927943,-0.22469068,-0.26584768,0.32329226
4,99551659717006,-0.0396811,-0.03435478,0.07989483
10,99551666745287,-0.22314537,-0.37995243,0.37655258
4,99551669995860,-7.9894834E-4,-0.03222425,0.084155895
10,99551675166745,-0.1526773,-0.24554539,0.36930132
4,99551679942995,0.032490566,-0.014647386,0.08229168
10,99551686532058,-0.15098405,-0.118793964,0.36114168
2,99551689796641,-35.0,12.0,25.0
10,99551694929610,-0.14427352,0.017830849,0.25750494
4,99551699695756,-0.023435818,-0.010918961,0.06018744
10,99551704895495,-0.041348934,0.11069441,0.24474192
4,99551708127995,-0.033822145,-0.015978966,0.03195793
10,99551714572943,-0.03903675,0.056177616,0.20251322
4,99551719362006,-0.02956109,-0.009054748,0.01571265
10,99551726088360,-0.11122525,-0.11312723,0.284997
4,99551729340339,-0.0061252704,-0.0015978967,0.010386328
10,99551734482787,-0.23010123,-0.18825245,0.44449472
4,99551739369662,0.029028457,0.009321064,0.009321064
10,99551745858829,-0.27859926,-0.1910181,0.3575344
4,99551749116172,0.041012682,0.023435818,0.011984225
10,99551754276589,-0.24050343,0.010259151,0.31154966
4,99551759058152,0.045007423,0.04181163,0.020240024
10,99551765646485,-0.21086991,0.14622688,0.26939487
4,99551768870912,0.03355583,0.054594804,0.032756884
10,99551774011589,-0.1774683,0.20370913,0.2490921
4,99551778770756,0.016777916,0.06018744,0.04580637
10,99551785445287,-0.19727886,0.21716595,0.18696404
4,99551788687683,0.00479369,0.059388492,0.0561927
10,99551793881589,-0.25657427,0.18391895,0.1737833
4,99551798686433,-0.00479369,0.050866377,0.06657903
10,99551803817683,-0.31968647,0.12766981,0.22131062
4,99551807021381,0.005060006,0.047670584,0.08042747
10,99551812556589,-0.26056457,0.12342882,0.33753204
4,99551818957839,0.04660532,0.058056913,0.095074855
10,99551825242631,-0.27169597,0.1912117,0.29304028
4,99551828488047,0.06578008,0.07376956,0.10466223
10,99551833434297,-0.2810145,0.25261974,0.22492409
4,99551838228829,0.054594804,0.07882957,0.09241169
10,99551844768412,-0.30688506,0.2830758,0.20486784
4,99551847992787,0.020240024,0.07350325,0.072171666
10,99551852972527,-0.33870053,0.22223473,0.17057753
4,99551857868985,-0.03089267,0.058056913,0.049534798
10,99551864547735,-0.3110932,0.09080124,0.13362026
2,99551867823360,-36.0,12.0,24.0
10,99551872717839,-0.21879208,-0.074304104,0.19054222
4,99551877505860,-0.05219796,0.06178534,0.014114754
10,99551884327579,-0.3035636,-0.17962742,0.30005312
4,99551887563620,-0.035153728,0.048469532,-0.006924219
10,99551892749870,-0.37538463,-0.16660547,0.33889008
4,99551897540235,-0.016511599,0.036218993,-0.03222425
10,99551902667214,-0.32116497,-0.19760418,0.24083471
4,99551905902266,-0.010652645,0.034088463,-0.041545313
10,99551912348881,-0.25235623,-0.1434226,0.19951248
4,99551917156381,0.010918961,0.04261058,-0.05139901
10,99551923873777,-0.23415345,-0.004515171,0.16142225
4,99551927118464,0.038615838,0.036218993,-0.05752428
10,99551932301172,-0.1290574,0.14839172,0.19003296
4,99551937133464,0.046339005,0.03355583,-0.06338324
10,99551943644297,-0.085241795,0.14266634,0.1128788
4,99551946870756,0.011451593,0.031158986,-0.07483483
10,99551952003620,-0.11359739,0.14736271,0.26656914
4,99551956834454,0.0029294773,0.029028457,-0.07243799
10,99551963431120,-0.15372753,0.010392189,0.125525
4,99551966675391,0.063116916,0.051665325,-0.05832323
10,99551971811954,0.055354595,-0.019991398,0.33728743
4,99551976587214,0.090014845,0.070041135,-0.05539375
10,99551983212318,-0.13363779,0.18348503,0.17851257
4,99551986445131,0.11957593,0.10839066,-0.04527374
10,99551991620131,-0.043692827,0.29208994,0.10646725
4,99551996448985,0.09933591,0.112918034,-0.042077947
10,99552001547527,-0.0011945963,0.3548417,0.019835949
4,99552004793516,0.055127434,0.13315806,-0.049002163
10,99552010263620,0.04885435,0.49123478,0.08597326
4,99552016796745,0.01304949,0.1438107,-0.07190535
10,99552023083881,-0.044540763,0.525053,0.056916237
4,99552026332735,-0.023169503,0.14913702,-0.07590009
10,99552030518464,-0.12731397,0.23902845,0.086425304
4,99552035518047,-0.054328486,0.15180019,-0.057257965
10,99552041678672,-0.13165998,0.14425802,0.13466692
2,99552044917214,-35.0,11.0,24.0
10,99552050792058,-0.07987261,0.12225914,0.22663307
4,99552055756172,-0.002396845,0.16724652,-0.02130529
10,99552062321381,-0.017355919,0.22562456,0.23751974
4,99552065561589,0.040480047,0.17763285,-0.0063915867
10,99552070750287,0.017985225,0.30247593,0.26688814
4,99552075605860,0.05486112,0.17710021,0.005060006
10,99552082084089,0.015721917,0.33831024,0.30777645
4,99552085297318,0.044208474,0.16964336,0.017576864
10,99552090469610,0.0021392107,0.325006,0.33784533
4,99552095379974,0.024767399,0.16564862,0.032490566
10,99552100512995,-0.017294526,0.29628468,0.31170845
4,99552103659349,0.028495824,0.15899073,0.0644485
10,99552110114454,-0.024586916,0.13643742,0.40546513
4,99552114976745,0.046871636,0.15606125,0.10040118
10,99552121638724,-0.07232845,-0.13610268,0.43879938
4,99552124882683,0.06551377,0.14727281,0.112918034
10,99552130071172,-0.12492299,-0.22644567,0.5584321
4,99552134924193,0.10972224,0.13608754,0.08362326
10,99552141420183,-0.14436358,-0.21731424,0.6125736
4,99552144669454,0.15686019,0.11851067,0.05219796
10,99552149826485,-0.22973377,-0.37185574,0.3551817
4,99552154805547,0.18216023,0.105993815,0.022104237
10,99552161191224,0.008533716,-0.42354536,0.40948915
4,99552164464818,0.21145499,0.092944324,-0.014114754
10,99552169607370,-0.08079028,-0.44845772,0.26574802
4,99552174452214,0.21758026,0.09161274,-0.053263225
10,99552180963985,-0.1770494,-0.6130085,0.4832468
4,99552184257526,0.19707392,0.06950851,-0.08042747
10,99552189388568,-0.24598342,-0.61428595,0.27571297
4,99552194251849,0.19254655,0.06657903,-0.109988555
10,99552199374454,-0.13796073,-0.5325141,0.17557335
4,99552202580443,0.17896444,0.08149273,-0.13928333
10,99552209001224,-0.10278022,-0.40211248,0.31104803
4,99552213852631,0.17070863,0.080960095,-0.15765914
10,99552220518724,-0.0612092,-0.2651968,0.027380943
2,99552223782370,-36.0,8.0,23.0
10,99552227148099,0.10877919,-0.14548683,0.16385031
4,99552234376849,0.13156016,0.12250541,-0.1898834
10,99552241935495,0.035911202,-0.20269871,0.048374653
4,99552245185756,0.1323591,0.15233281,-0.21678132
10,99552249725599,-0.028454065,-0.35556936,0.15959454
4,99552254652266,0.13928333,0.1933455,-0.252734
10,99552260948829,0.053497553,-0.3315425,0.36858702
4,99552264230495,0.1736381,0.25859293,-0.2825614
10,99552267038985,8.251667E-4,-0.2573223,0.28478956
4,99552273682006,0.18295917,0.3371562,-0.3139867
10,99552281241797,0.1337862,-0.20749998,0.36095762
4,99552284570131,0.1784318,0.41412157,-0.36485308
10,99552289062370,0.18086386,-0.30618954,0.12555122
4,99552293923933,0.16298546,0.5267733,-0.4082626
10,99552299041849,0.34352887,-0.33555126,0.7726455
4,99552302154870,0.23036344,0.6575345,-0.44741106
10,99552306215026,0.23100138,-0.40019464,0.93784523
4,99552313499662,0.36671728,0.72437984,-0.53316486
10,99552321091901,-0.15497667,-0.56417084,0.34310055
4,99552324417110,0.39281628,0.77231675,-0.5733786
10,99552327216381,-0.15497667,-0.56417084,0.34310055
4,99552333011276,0.32437304,0.8229168,-0.46898267
10,99552340563620,-0.35274416,-1.0324712,-0.29964828
4,99552343838412,0.48203218,0.83516735,-0.30919302
10,99552346750547,-0.041497946,-0.6541872,-0.029103756
4,99552352876172,0.7187872,0.768322,-0.22370553
10,99552360498568,0.19449818,-0.53668356,-0.05085802
4,99552363774193,0.8311726,0.65700185,-0.24181503
10,99552366726172,0.105912805,-0.0075650215,0.06166935
4,99552372561745,0.86472845,0.56618804,-0.32943302
10,99552378646745,-0.13541472,0.777668,0.15934944
4,99552381894453,0.8330368,0.51292485,-0.41864893
10,99552387187474,-0.39801764,1.2790241,0.021447659
4,99552392012735,0.76778936,0.49534798,-0.4498079
10,99552396970235,-0.48285687,1.4881382,-0.0979476
2,99552400365651,-33.0,8.0,21.0
10,99552406975235,-0.48870707,1.491437,-0.20480919
4,99552411800964,0.314253,0.4082626,-0.49534798
10,99552418158933,-0.39892626,1.3040161,0.016481876
4,99552421370339,0.04474111,0.32357407,-0.48709217
10,99552426772058,-0.5845412,0.88674116,0.27710342
4,99552431556693,0.025832662,0.28575718,-0.4676511
10,99552437889818,-0.6613141,0.57288504,0.4223094
4,99552441127787,0.054328486,0.20133498,-0.41305628
10,99552446524922,-0.9134403,0.24496174,0.6971674
4,99552451438203,0.15739283,0.12650016,-0.35286885
10,99552457706797,-0.9489283,0.30925035,0.5462446
4,99552460936537,0.2559298,0.0892159,-0.2892193
10,99552466305808,-0.8029873,0.6979189,0.33545017
4,99552471077787,0.30386668,0.086020105,-0.21252026
10,99552477445391,-0.7712541,0.8734617,0.31175423
4,99552480682266,0.3174488,0.068176925,-0.14780544
10,99552486089922,-0.7101732,1.0661917,0.35800457
4,99552490918516,0.33502567,0.041545313,-0.105727494
10,99552495876381,-0.6721091,1.1048384,0.29109478
4,99552499237839,0.3552657,0.04181163,-0.08282431
10,99552504717891,-0.5386697,1.1466112,0.30923796
4,99552511225651,0.34780884,0.088150635,-0.06178534
10,99552517395183,-0.6253839,1.1326051,0.4341669
4,99552520628308,0.32011196,0.13289174,-0.0061252704
10,99552525671745,-0.8803091,0.964066,0.3983097
4,99552530450026,0.2862898,0.17976338,0.076166406
10,99552536767110,-1.0154285,0.5541501,0.39934444
4,99552540019974,0.22929817,0.20612867,0.15952335
10,99552545404558,-1.2292439,0.05635643,0.2813959
4,99552550201537,0.19387813,0.18429075,0.20399815
10,99552556537474,-1.3101685,-0.08977556,0.34889746
4,99552559786120,0.24421188,0.1488707,0.20106867
10,99552565203828,-1.212276,0.008103371,0.2472477
4,99552570034558,0.27643612,0.12144015,0.1768339
10,99552576340547,-1.0596087,0.18119001,0.09536362
2,99552579606693,-30.0,-7.0,22.0
10,99552585054922,-0.9774402,0.22873259,0.045879364
4,99552589897370,0.08575379,0.019973708,0.061519023
10,99552594827735,-0.8991662,0.120382786,0.107746124
4,99552598096953,-0.031158986,-0.037284255,-0.013315806
10,99552604759974,-0.65522045,-0.09309149,0.192945
4,99552609536485,-0.10652645,-0.05139901,-0.06844324
10,99552615853620,-0.37147975,-0.3762498,0.31081343
4,99552619090495,-0.14727281,-0.046072688,-0.105727494
10,99552624525547,-0.2299068,-0.52162457,0.43440437
4,99552629306224,-0.13475595,-0.054594804,-0.14833808
10,99552635644766,-0.06169629,-0.4828186,0.36921644
4,99552638887526,-0.08655274,-0.04873585,-0.19201392
10,99552644312787,0.1995616,-0.47134638,0.26354885
4,99552649185391,-0.06524745,-0.014913702,-0.20959078
10,99552655429297,0.24045181,-0.261652,0.10533285
4,99552658677318,-0.02396845,0.015978966,-0.18855181
10,99552664091068,0.2484265,-0.0029792786,0.037223816
4,99552668917787,0.008788432,0.040213734,-0.15952335
10,99552675213516,0.27899992,0.20682812,-0.06987953
4,99552678449714,0.027164243,0.05566007,-0.14327806
10,99552683866693,0.29026973,0.31697607,-0.16406345
4,99552689699974,0.051665325,0.072970614,-0.13795175
10,99552694625808,0.2770207,0.33937454,-0.23575592
4,99552697735287,0.066046394,0.09267801,-0.133957
10,99552703500130,0.120868325,0.20533991,-0.16239834
4,99552708307683,0.050333746,0.09560748,-0.12650016
10,99552714785391,-0.22939414,0.17855883,0.14229012
4,99552718028412,0.040746365,0.05752428,-0.12144015
10,99552723423412,-0.68505114,0.24936771,0.5156946
4,99552728182422,0.054062173,0.002130529,-0.08735169
10,99552734551224,-1.0179887,0.22174072,0.50095844
4,99552737784245,0.06098639,-0.03195793,-0.040746365
10,99552743221641,-0.9329902,0.32223177,0.6099038
4,99552747996537,0.08894958,-0.044208474,-0.007190535
10,99552754331328,-0.89275783,0.5294695,0.7926736
2,99552757578620,-29.0,-9.0,21.0
10,99552763024818,-0.9731693,0.5270028,0.8188219
4,99552767826016,0.07563378,-0.16884442,0.008522116
10,99552774154193,-1.0133084,0.5265918,0.63174295
4,99552777383099,-0.0018642128,-0.20746025,0.022903185
10,99552782746745,-1.0277395,0.6289902,0.62110424
4,99552787561433,-0.03834952,-0.2282329,0.05219796
10,99552792483828,-1.0895021,0.6137686,0.56610394
4,99552795902110,-0.05219796,-0.2412824,0.068176925
10,99552802534610,-1.1152682,0.53908825,0.55642414
4,99552807307318,-0.08655274,-0.29481193,0.116912775
10,99552813663568,-1.1059542,0.48838758,0.57990694
4,99552816905547,-0.08894958,-0.32357407,0.14327806
10,99552822310547,-1.1283092,0.4676237,0.44641972
4,99552827138828,-0.0892159,-0.33795515,0.15606125
10,99552833441953,-1.0061945,0.6498604,0.33905888
4,99552836658151,-0.053795855,-0.350472,0.19467708
10,99552842087787,-0.89380544,0.74886847,0.2661867
4,99552846918151,-0.047404267,-0.350472,0.21038973
10,99552853201797,-0.8614244,0.69103336,0.36216593
4,99552856439401,-0.03888215,-0.38935417,0.26977822
10,99552861899141,-0.89523476,0.5573182,0.35091162
4,99552866685495,-0.040480047,-0.41172472,0.2908172
10,99552872999818,-0.9124706,0.3661251,0.26259184
4,99552876250547,-0.058589544,-0.43862265,0.33156356
10,99552881633047,-0.817235,0.3398509,0.13528824
4,99552886487682,-0.053795855,-0.44048685,0.37390783
10,99552891390026,-0.68061846,0.37263727,0.19163895
4,99552894788724,-0.01917476,-0.41705105,0.4146542
10,99552901479505,-0.42288023,0.3797531,0.07883358
4,99552906310339,-0.025566347,-0.3882889,0.4263721
10,99552912553568,-0.15230215,0.40309715,-0.032557964
4,99552915790078,-0.048469532,-0.36139098,0.42797
10,99552921187891,0.17361557,0.2076912,-0.37063503
4,99552926095130,-0.09054748,-0.3187804,0.43382895
10,99552932329245,0.3094688,0.16678524,-0.39463997
2,99552935581380,-29.0,-4.0,23.0
10,99552940950651,0.47741836,0.09531832,-0.41825914
4,99552945908464,-0.059388492,-0.221575,0.37790257
10,99552952143099,0.50635046,-0.16463661,-0.54170895
4,99552955371016,-0.034088463,-0.16538231,0.3552657
10,99552960743412,0.5191589,-0.42614317,-0.45370197
4,99552965599401,-0.040213734,-0.08548747,0.33635727
10,99552971882735,0.657345,-0.51799154,-0.1987567
4,99552975125130,-0.029028457,0.01304949,0.29374668
10,99552980518776,0.8927839,-0.6807585,-0.14182186
4,99552985365860,0.018375812,0.16085494,0.26312032
10,99552990322214,1.1007514,-0.8521738,0.11411476
4,99552993671745,0.037550572,0.36724994,0.30786142
10,99552999129297,0.9655283,-0.8879051,0.19436169
4,99553005625599,0.0037284256,0.556867,0.42024684
10,99553011708464,0.5230846,-0.5797963,0.18977451
4,99553014929870,0.02743056,0.6583334,0.55553544
10,99553020114089,0.35427552,-0.4229226,0.16069412
4,99553024935599,0.2298308,0.67218184,0.6420882
10,99553031195547,0.543537,-0.9264989,0.07744074
4,99553034601589,0.40586576,0.5789712,0.61838603
10,99553039839818,0.27496582,-0.5946007,0.65806866
4,99553044918047,0.4878911,0.2743056,0.40932786
10,99553051110443,-0.41880816,-0.46136904,1.5681453
4,99553054406641,0.26205507,-0.12330436,0.09347696
10,99553059640339,-0.9418515,-0.3644352,1.4103312
4,99553064515495,0.027963191,-0.32011196,-0.13821806
10,99553070735026,-0.9206743,0.056909084,1.1040101
4,99553074037162,-0.08655274,-0.31318775,-0.19893813
10,99553079441641,-0.7265321,0.05563402,0.4189477
4,99553084346120,-0.18881813,-0.3190467,-0.15899073
10,99553089242995,-0.160828,0.30679798,-0.19121122
4,99553092564714,-0.16085494,-0.4316984,-0.19121496
10,99553098134766,0.31923848,0.5159464,-0.34798908
4,99553104491641,-0.06764429,-0.5683186,-0.29321405
10,99553110597005,-0.0092820525,0.3989272,-0.49039984
2,99553113855807,-31.0,-4.0,22.0
10,99553117254297,-0.19124138,0.0661335,-0.2868924
4,99553124374297,-0.07856325,-0.5800365,-0.32783514
10,99553131930026,0.29048568,-0.08526373,0.47316122
4,99553135176953,-0.010652645,-0.35579833,-0.23861924
10,99553140097162,0.2574581,-0.085439205,0.4769969
4,99553145052266,0.020772656,-0.09241169,-0.047137953
10,99553151130703,-0.38613588,-0.021622181,0.6162858
4,99553154456068,0.13981596,0.09960223,0.17496969
10,99553159282682,-0.05771333,0.32773685,0.23001528
4,99553164192162,0.20293288,0.27057716,0.35899413
10,99553170311589,0.61524713,0.30701065,-0.60046434
4,99553173540912,0.13582122,0.45193845,0.5182512
10,99553176509974,0.732563,0.9031668,-0.62680054
4,99553184107787,0.2031992,0.58935755,0.66845345
10,99553190466224,0.6081075,1.7019439,-0.13701153
4,99553193575807,0.32437304,0.62744075,0.753142
10,99553196354922,-0.17958486,1.2566223,-0.36206627
4,99553203516641,0.1984055,0.5049353,0.69721556
10,99553211091797,-1.0564072,-0.15916252,1.8377638
4,99553214403151,-0.31372038,0.09161274,0.39760995
10,99553217243880,-1.0564072,-0.15916252,1.8377638
4,99553222107422,-0.64741445,-0.3054646,-0.049534798
10,99553230499557,-1.5831081,-1.0175691,1.9637542
4,99553233762526,-0.56272596,-0.33449304,-0.3470099
10,99553236601953,-0.9845576,-1.4772558,1.2191567
4,99553242954297,-0.4079963,-0.24474451,-0.4002731
10,99553250492578,-0.9876719,-1.4777427,0.16219378
4,99553253756016,-0.23728766,-0.257794,-0.36245623
10,99553256715130,-0.1353361,0.059334755,-0.73563194
4,99553262509922,0.058589544,-0.3206446,-0.4282363
10,99553268828672,0.16354263,1.4957166,-1.5237036
4,99553272071224,0.17949706,-0.35420042,-0.4990764
10,99553277029349,-0.25674686,1.6658406,-1.1525455
4,99553282791432,0.092944324,-0.37124467,-0.5070659
10,99553289167109,-1.0187557,1.3560123,-1.4920588
2,99553293480391,-30.0,1.0,22.0
10,99553295640234,-0.38188264,1.147727,-0.48169994
4,99553302393047,-0.35073832,-0.5640575,-0.5470133
10,99553308668516,-0.30058676,0.44008112,-0.058359146
4,99553311916432,-0.30519825,-0.5291701,-0.46578687
10,99553316594974,-0.6206455,0.18102646,0.54786825
4,99553321419714,-0.23702134,-0.5201154,-0.42743737
10,99553328168984,-0.6883037,0.09190655,0.74538565
4,99553331414141,-0.076965354,-0.47723848,-0.28842035
10,99553336334505,-0.92647463,-0.00494051,0.71049786
4,99553341163672,-0.040213734,-0.45540056,-0.2394182
10,99553347878255,-0.9186413,0.10979271,0.7171421
4,99553351119505,0.057790596,-0.3850931,-0.14274544
10,99553356122943,-0.6603525,0.46278572,0.2124114
4,99553360949661,0.08974853,-0.30386668,-0.04261058
10,99553367632474,-0.5405919,0.595603,-0.003625393
4,99553370881953,0.01917476,-0.22024342,0.04926848
10,99553376080495,-0.07915223,1.1884017,-0.27860737
4,99553380853411,-0.09081379,-0.16245283,0.12436963
10,99553386060286,-0.10228562,1.2914777,-0.452178
4,99553389196484,-0.22690132,-0.16138756,0.19414444
10,99553395652578,-0.08236027,1.2018542,-0.9073386
4,99553400493307,-0.3472762,-0.17710021,0.26019084
10,99553407230339,-0.06357026,0.8420167,-0.9358783
4,99553410438984,-0.37124467,-0.19148129,0.2724414
10,99553415451016,-0.22591865,0.16924763,-0.43326473
4,99553420225391,-0.32357407,-0.2394182,0.22876555
10,99553426965286,-0.39096212,-0.32082796,-0.13968086
4,99553430213359,-0.23116238,-0.27457193,0.16591494
10,99553435400026,-0.22402418,-0.4752617,-0.0060653687
4,99553440202891,-0.15259913,-0.2559298,0.124902256
10,99553446787370,-0.04954624,-0.36248016,0.10449457
4,99553450003776,-0.11584751,-0.20799288,0.13475595
10,99553455192943,-0.14373112,-0.37420988,0.40645695
4,99553460054453,-0.16751283,-0.18961707,0.15792546
10,99553466516589,-0.42082465,-0.5119014,0.34403992
2,99553470180078,-31.0,1.0,23.0
10,99553473604922,-0.46249026,-0.36981773,0.22107649
4,99553480760807,-0.29374668,-0.19148129,0.06338324
10,99553485964141,-0.28427327,-0.33541346,0.17082548
4,99553489068724,-0.26711506,-0.15153387,0.023169503
10,99553494335963,-0.19574809,-0.4559698,0.26780844
4,99553499178672,-0.23169503,-0.13741912,0.01438107
10,99553506076328,-0.15932941,-0.41537046,0.46886063
4,99553509317838,-0.20612867,-0.16005598,0.0031957934
10,99553513220234,-0.1012156,-0.22018242,0.50447226
4,99553520084088,-0.216515,-0.19014971,-0.011717909
10,99553526373776,-0.2770599,-0.04949236,0.40829325
4,99553529618724,-0.25699505,-0.21837921,-0.016777916
4,99553546018359,-0.3206446,-0.20586236,-0.025033714
4,99553549902266,-0.33609092,-0.21225394,-0.027963191
10,99553555697109,-0.10788095,0.47339535,0.4464655
4,99553558877005,-0.33422673,-0.23062976,-0.032490566
10,99553562545130,-0.17180943,0.17928696,0.4469056
4,99553569207370,-0.3323625,-0.2695119,-0.03542004
10,99553575277213,-0.08803558,0.11714935,0.5556569
4,99553578505755,-0.2695119,-0.2828277,-0.042077947
10,99553583744870,0.1092428,0.10899639,0.4992504
4,99553588497995,-0.2016013,-0.24048345,-0.018908445
10,99553593432161,0.07792473,0.069129944,0.7076564
4,99553596890495,-0.16538231,-0.2034655,0.025566347
10,99553603523568,-0.030509114,0.026127815,0.87341213
4,99553608303828,-0.16538231,-0.19520971,0.051665325
10,99553614705234,-0.0017290115,-0.009685993,0.9236531
4,99553618206953,-0.13741912,-0.165116,0.055127434
10,99553623378828,0.13795519,-0.13924026,0.7986512
4,99553628155911,-0.1073254,-0.1073254,0.08042747
10,99553633923932,0.058164477,-0.12681913,0.7546396
4,99553637279818,-0.08362326,-0.0561927,0.14061491
10,99553643081276,0.031057239,0.09016228,0.62876177
2,99553647868203,-35.0,4.0,20.0
10,99553654414401,0.2902168,0.34815073,0.27972937
4,99553657648828,-0.073236935,0.013315806,0.20799288
10,99553662856276,0.58153903,0.5363412,0.1168704
4,99553667619401,-0.06231797,0.024767399,0.19627498
10,99553674033880,0.55321276,0.4586501,0.018296719
4,99553677264036,-0.050600063,0.013582122,0.16911073
10,99553682633203,0.44304085,0.18608189,0.31633234
4,99553687462943,-0.042876896,-0.0053263223,0.14460965
10,99553692411432,0.30709255,-0.051414967,0.52535963
4,99553695776640,-0.029294772,-0.019973708,0.1403486
10,99553702429088,0.12134576,-0.20112038,0.5515485
4,99553707199765,0.03834952,-0.0077231675,0.17656758
10,99553713550963,0.07734656,-0.3913784,0.6611161
4,99553716775599,0.09560748,0.006657903,0.19734024
10,99553722187943,0.04845643,-0.47451067,0.54679203
4,99553727026380,0.10865697,0.0127831735,0.19467708
10,99553733338255,0.086051464,-0.30234337,0.54909706
4,99553736575911,0.14008227,-0.002396845,0.1488707
10,99553742007161,0.115606666,-0.22068024,0.45204353
4,99553746889297,0.13635385,-0.007190535,0.13102753
10,99553753111693,0.080124736,-0.28195715,0.38502073
4,99553756321849,0.08548747,-0.02956109,0.086020105
10,99553761741849,-0.06941199,-0.32195473,0.42814493
4,99553766563411,0.07376956,-0.043409526,0.06684534
10,99553772887838,-0.13661778,-0.35823965,0.4613819
4,99553776125390,0.060720075,-0.0727043,0.018375812
10,99553781509401,-0.08214295,-0.4690442,0.6031313
4,99553786297109,0.06657903,-0.08229168,-0.02609898
10,99553791228672,-0.104712486,-0.52337456,0.6415577
4,99553794664505,0.079095885,-0.09960223,-0.05219796
10,99553800978255,-0.19019306,-0.50487757,0.6170182
4,99553805796015,0.08628642,-0.1304949,-0.07669904
10,99553812442578,-0.14884293,-0.2986412,0.49638176
4,99553815652995,0.09374327,-0.14460965,-0.1107875
10,99553821097005,-0.082024574,-0.048648834,0.37480116
2,99553825936015,-35.0,6.0,22.0
10,99553832190338,-0.111420155,0.07930136,0.32526255
4,99553835425026,0.06578008,-0.14913702,-0.12783173
10,99553840829609,-0.19091833,0.20602798,0.36547947
4,99553845809713,0.039947417,-0.16591494,-0.1272991
10,99553851990286,-0.22569644,0.2979169,0.4117589
4,99553855196953,0.03701794,-0.17044231,-0.14354439
10,99553860606953,-0.3068564,0.2709236,0.34179354
4,99553865440390,0.02609898,-0.1667139,-0.14594123
10,99553871786224,-0.34562147,0.22321892,0.26273394
4,99553875038568,0.025566347,-0.15073492,-0.12623383
10,99553880394609,-0.47730613,0.31659746,0.22841597
4,99553885277213,0.03701794,-0.14434333,-0.09933591
10,99553890195130,-0.46852195,0.36871338,0.25546932
4,99553893543880,0.043409526,-0.15153387,-0.0892159
10,99553899073359,-0.43160844,0.42349815,0.15367794
4,99553905464922,0.04580637,-0.1470065,-0.083090626
10,99553911564505,-0.37228644,0.4403329,0.023338318
4,99553914811276,0.040746365,-0.12543489,-0.058056913
10,99553919951328,-0.35196233,0.41203165,0.059998512
4,99553924805963,0.048203215,-0.10359697,-0.024234766
10,99553931103620,-0.42130136,0.39349174,0.11272764
4,99553934400807,0.051665325,-0.09454222,-0.0018642128
10,99553939728203,-0.391456,0.36827564,0.0268507
4,99553944652057,0.05139901,-0.08069378,0.010918961
10,99553950880338,-0.3400427,0.39194536,-0.0753932
4,99553954188047,0.050866377,-0.05832323,0.043942157
10,99553959515338,-0.40892267,0.37532043,-0.13276243
4,99553964369713,0.049801115,-0.04181163,0.07669904
10,99553970697578,-0.3821559,0.36846018,-0.1114831
4,99553973962161,0.048469532,-0.036218993,0.08282431
10,99553979285390,-0.33837068,0.40798616,-0.11813021
4,99553984128828,0.025566347,-0.027164243,0.07803062
10,99553989042213,-0.3321525,0.36044407,-0.085188866
4,99553992430026,0.0031957934,-0.016245283,0.08735169
10,99553997915963,-0.40743792,0.23552036,-0.15188837
2,99554004381901,-30.0,8.0,24.0
10,99554010646067,-0.46539354,0.17056751,-0.24503374
4,99554013939349,-0.055926383,-0.02956109,0.107858025
10,99554016777786,-0.46060514,0.09155893,-0.19714975
4,99554024230442,-0.028229509,-0.03009372,0.10466223
10,99554031890130,-0.46176636,-0.09004259,0.063010216
4,99554035180286,0.024501082,-0.04447479,0.087618
10,99554040056692,-0.45840013,-0.0891819,0.06305027
4,99554044981953,0.0479369,-0.048469532,0.06870956
10,99554051095390,-0.2888775,-0.09002066,0.12643576
4,99554054417630,0.033023197,-0.008788432,0.072970614
10,99554059251797,-0.2420137,-0.08113861,0.1386137
4,99554064093047,-0.01304949,0.007989483,0.103064336
10,99554070181484,-0.46667695,-0.19173002,0.068565845
4,99554073419870,-0.06551377,-0.007456851,0.11984225
10,99554076352786,-0.45949435,-0.24200821,0.10208464
4,99554083955495,-0.06897587,-0.013315806,0.10652645
10,99554090311172,-0.26995146,-0.20106077,0.09360123
4,99554094749453,-0.03542004,0.012250541,0.092145376
10,99554099372161,-0.21261537,-0.11049986,0.12495327
4,99554104223672,-0.024234766,0.024767399,0.084155895
10,99554110346120,-0.19454646,0.05303526,0.23433542
4,99554113617109,-0.03435478,0.014647386,0.06737798
10,99554116464974,-0.10117257,0.1823225,0.25109482
4,99554122207422,-0.054062173,0.024234766,0.049801115
10,99554130337474,-0.108322024,0.10480499,0.281291
4,99554133609088,-0.086020105,0.05219796,0.06338324
10,99554135752786,-0.3716842,-0.13461494,0.26932
4,99554142902265,-0.11824436,0.04873585,0.09321064
10,99554150426588,-0.49521363,-0.17447329,0.30532265
4,99554153699557,-0.092944324,0.040213734,0.08362326
10,99554156648099,-0.38986886,0.009880066,0.22870827
4,99554162374713,-0.059388492,0.04261058,0.06098639
10,99554168649609,-0.35002732,-0.033461094,0.19525194
4,99554171860547,0.0063915867,0.010918961,-0.026897928
10,99554177051328,-0.457263,-0.20288324,0.21374083
2,99554181870286,-30.0,10.0,24.0
10,99554187003411,-0.30453706,-0.2538867,0.21788311
4,99554190267109,-0.019441076,-0.018642128,-0.07882957
10,99554196791119,-0.22933543,-0.1787448,0.3326912
4,99554201594869,-0.032756884,-0.00479369,-0.08628642
10,99554208164453,-0.23770297,0.05392313,0.5714803
4,99554211407317,-0.046339005,0.0063915867,-0.08575379
10,99554216438307,-0.16591084,0.1144743,0.3194623
4,99554221335442,-0.06098639,0.024767399,-0.09081379
10,99554227943672,-0.052661657,0.16327906,0.48462582
4,99554231158203,-0.10146644,0.024234766,-0.08468852
10,99554236151380,-0.008046031,0.3637128,0.31277418
4,99554240975755,-0.105727494,0.038615838,-0.0644485
10,99554247709036,-0.0031030178,0.33941698,0.39002562
4,99554250957890,-0.0974717,0.03542004,-0.026365295
10,99554256140755,-0.071840405,0.470428,0.32743454
4,99554260910599,-0.026365295,0.03169162,-0.0015978967
10,99554267488255,0.02063477,0.47874546,0.2665186
4,99554270735338,0.029028457,0.053795855,0.022104237
10,99554275965026,-0.025407076,0.48094082,0.27550507
4,99554280709609,0.05486112,0.073236935,0.051132694
10,99554285900234,-0.05078566,0.49999142,0.29571438
4,99554289097682,0.058589544,0.08522116,0.07749799
10,99554295670338,-0.06622279,0.4712882,0.24600267
4,99554300494297,0.050333746,0.09534117,0.09374327
10,99554307051276,-0.034283996,0.43632984,0.23990536
4,99554310287786,0.04660532,0.113983296,0.0974717
10,99554315329192,0.02972734,0.38498116,0.2890482
4,99554320108828,0.0396811,0.14274544,0.100933805
10,99554326829453,0.08119714,0.19906092,0.15292692
4,99554330075599,0.02876214,0.16964336,0.105993815
10,99554335032994,0.16288745,0.10074854,0.094507694
4,99554339827057,0.016245283,0.20479709,0.104928546
10,99554346648776,0.393201,0.105947495,0.09648514
4,99554349875651,0.008522116,0.2444782,0.08894958
10,99554354815911,0.35780168,0.161026,0.21491146
2,99554359639505,-29.0,10.0,22.0
10,99554366393932,0.38596857,0.11546373,0.15105486
4,99554369629140,0.002396845,0.31931302,0.07989483
10,99554374815807,0.22687554,0.023825169,0.035461903
4,99554379595234,-0.005060006,0.3438141,0.08735169
10,99554384719088,0.16647553,-0.14333057,0.17421246
4,99554387988619,0.004527374,0.3571299,0.091080114
10,99554394426692,0.14561808,-0.081278324,0.11587143
4,99554399269505,0.06018744,0.36751625,0.096939065
10,99554405937421,0.09526968,0.05175686,0.11879587
4,99554409183255,0.14514229,0.3619236,0.10466223
10,99554414317578,0.14798331,1.7166138E-4,0.028316021
4,99554419099713,0.20559604,0.36325517,0.0958738
10,99554425716432,0.1834631,0.14875317,0.09530258
4,99554428949921,0.2545982,0.37337518,0.06711166
10,99554434146484,0.16274536,0.30223417,0.086327076
4,99554438933671,0.2580603,0.38482678,0.054062173
10,99554445502630,0.018394232,0.24648714,0.033413887
4,99554448737161,0.20266657,0.376571,0.066046394
10,99554453937161,-0.112540364,0.25594234,0.08863592
4,99554458720338,0.17070863,0.34940675,0.073236935
10,99554465277682,-0.13404596,0.16760874,0.22821331
4,99554468492890,0.1768339,0.34834146,0.08016115
10,99554473625807,-0.10074663,-0.030035019,0.28020477
4,99554478414244,0.18242654,0.3752394,0.10466223
10,99554483617682,-0.2687925,-0.14420223,0.43428278
4,99554486867474,0.19414444,0.37044573,0.13582122
10,99554493313880,-0.47075188,-0.17251444,0.48223495
4,99554498068724,0.19600865,0.3552657,0.1419465
10,99554504827526,-0.45730197,-0.22044945,0.5300226
4,99554508077734,0.19121496,0.34194988,0.1355549
10,99554513215859,-0.47142977,-0.22209358,0.42814398
4,99554518040338,0.18855181,0.31185618,0.116912775
10,99554524614765,-0.547436,-0.14250135,0.35774946
4,99554527848359,0.18855181,0.26658243,0.10279802
10,99554533045182,-0.51063687,-0.061056614,0.36427402
2,99554537824140,-32.0,7.0,23.0
10,99554544389974,-0.42645985,-0.060870647,0.24967766
4,99554547637161,0.18295917,0.16644756,0.059921127
10,99554552797942,-0.2698745,0.04586506,0.40069675
4,99554557595911,0.17656758,0.10066749,0.014114754
10,99554564167005,-0.21933907,0.038508415,0.24947786
4,99554567408515,0.18242654,0.06657903,-0.02396845
10,99554572550859,-0.16270679,-0.11282444,0.39083195
4,99554577321953,0.21358553,0.021837922,-0.042077947
10,99554582530026,-0.22528392,-0.268291,0.47610903
4,99554585758880,0.24767399,-0.0015978967,-0.04527374
10,99554591216640,-0.18846655,-0.19578218,0.38803387
4,99554597785182,0.31158987,-0.022370555,-0.021837922
10,99554604037994,-0.09036535,0.22809792,0.46533442
4,99554607282942,0.35739622,-0.025033714,-0.0031957934
10,99554611734609,0.055336535,0.6310258,0.30683517
4,99554616681015,0.396811,-0.030360037,-0.0018642128
10,99554623548151,0.22059327,0.810802,0.06032133
4,99554626784296,0.46578687,-0.043409526,-0.02396845
10,99554631916067,0.13117188,0.7041855,-0.31640148
4,99554636861484,0.46179214,-0.058056913,-0.033023197
10,99554643338515,0.0279333,0.5647664,-0.35200357
4,99554646576223,0.48522797,-0.080960095,-0.004527374
10,99554651699661,-0.071837306,0.45704365,-0.06580782
4,99554656569765,0.5067996,-0.070041135,0.033289514
10,99554663075651,0.0238415,0.43999863,0.4597807
4,99554666290911,0.5834986,0.16964336,0.2711098
10,99554671418203,-0.008315563,0.014743805,1.1714191
4,99554677229453,0.5520733,0.29294774,0.40240365
10,99554682391953,-0.33592767,-0.44284105,1.5025511
4,99554685500494,0.4045342,0.504669,0.7102651
10,99554691022994,-1.0235084,-1.1374831,2.0436034
4,99554695928723,0.3435478,0.61385864,0.99069595
10,99554702600546,-1.1770344,-1.384295,1.7577329
4,99554705846953,0.49454904,0.6309029,1.1140003
10,99554711035026,-0.52538276,-0.39684916,-0.006107807
2,99554715959765,-35.0,4.0,26.0
10,99554722491848,-0.5216554,-0.028692722,0.7657547
4,99554725710026,0.9635317,0.0479369,0.2197108
10,99554730711901,-2.5220292,-0.9468751,0.89291334
4,99554735719296,0.10546118,-0.50387007,-0.44208476
10,99554742170911,-2.352618,-0.35087872,0.8509941
4,99554745420963,-0.39787626,-0.6580671,-0.7076019
10,99554750080963,-1.4003685,0.21990252,0.9450908
4,99554755037213,-0.39734364,-0.51771855,-0.567786
10,99554761936484,-0.774724,-0.6638894,0.90593624
4,99554765171901,-0.12250541,-0.4775048,-0.41758367
10,99554770324453,0.17864913,-1.2150369,0.20144653
4,99554775159348,0.21864553,-0.5291701,-0.48070058
10,99554780287942,0.25207037,-0.30130243,-0.22997713
4,99554783540494,0.41918156,-0.51771855,-0.5723133
10,99554789974661,-0.23231387,0.8553057,-0.6191592
4,99554794835390,0.22184132,-0.42983422,-0.51265854
10,99554801534244,-0.39222306,1.8287392,-1.1612659
4,99554804777109,-0.025033714,-0.26418558,-0.40373522
10,99554809907786,-0.055778563,2.0450182,-0.8386979
4,99554814745182,-0.22743396,-0.1257012,-0.3683152
10,99554821256953,-0.15954405,1.0830593,-0.62237644
4,99554824556328,-0.31478566,-0.059921127,-0.36884782
10,99554829726953,-0.27822328,0.33697224,-0.44093227
4,99554834685859,-0.23675503,-0.01571265,-0.3121225
10,99554841032994,-0.3902607,0.1310873,-0.39621973
4,99554844339453,-0.07829694,0.057257965,-0.19414444
10,99554849504817,-0.36742836,0.33278942,-0.4987116
4,99554854426067,0.028495824,0.1470065,-0.07163903
10,99554860817109,-0.35848564,0.69558287,-0.5793381
4,99554864122213,0.037550572,0.1917476,-0.0031957934
10,99554869032578,-0.34185642,0.977036,-0.6175008
4,99554874833150,-0.00479369,0.19361182,-0.0018642128
10,99554879885963,-0.2281605,0.9175348,-0.5686712
4,99554882984609,-0.04181163,0.20532973,-0.010386328
10,99554889022525,-0.18444431,0.61038303,-0.3590722
2,99554893889765,-26.0,6.0,27.0
10,99554900403619,-0.21989644,0.31795883,-0.2571702
4,99554903646692,-0.006657903,0.2609898,0.021038974
10,99554906584921,-0.0666675,0.17191267,-0.20449781
4,99554914217057,0.011717909,0.304133,0.01917476
10,99554921763775,-0.078193545,0.13326883,-0.06698942
4,99554925047682,-0.006657903,0.31052458,0.0053263223
10,99554929471744,-0.17596519,0.1476245,-0.074897766
4,99554934376275,-0.036218993,0.2974751,-0.03195793
10,99554940613619,-0.046001434,0.13079023,-0.18092251
4,99554943916848,-0.058589544,0.3089267,-0.07590009
10,99554946731848,0.030613005,0.03502226,-0.2240181
4,99554953883932,-0.0561927,0.32091093,-0.09827065
10,99554961405755,-0.046221077,0.04353571,-0.10896826
4,99554964673515,-0.051132694,0.28788772,-0.09560748
10,99554969146848,-0.03279531,0.04885912,-0.106203556
4,99554973997213,-0.041012682,0.24873926,-0.11025487
10,99554979077890,0.0072990656,-0.10341692,0.07266426
4,99554982181484,-0.020506341,0.23435818,-0.123038046
10,99554986131432,0.019270062,0.030658722,0.273777
4,99554993329348,0.0314253,0.24714136,-0.10839066
10,99555000869400,0.07838756,0.15269136,0.47909403
4,99555004190807,0.072171666,0.26391926,-0.10066749
10,99555008668411,0.090915024,0.1436491,0.47056675
4,99555013570234,0.09880328,0.29880667,-0.092944324
10,99555019851536,0.014364481,0.20565796,0.4849763
4,99555023071588,0.088150635,0.3339604,-0.046072688
10,99555025989609,-0.014365971,0.31100273,0.5424371
4,99555031709088,0.10333065,0.42344263,0.047404267
10,99555038610859,0.16373146,0.34432554,0.53482914
4,99555041826380,0.10040118,0.56485647,0.20612867
10,99555047312525,0.0702436,0.16936016,0.5356355
4,99555052102265,0.066046394,0.67963874,0.4149205
10,99555058398255,-0.4793635,-0.08449221,0.9841261
4,99555061606171,0.08016115,0.6964166,0.65700185
10,99555067080234,-0.998095,-0.8727784,1.5901031
2,99555071850859,-32.0,6.0,28.0
10,99555076751536,-1.5432326,-0.74560356,2.4264212
4,99555080208463,0.2330266,0.48176584,0.81066626
10,99555086824661,-1.5801196,-0.7703934,3.4969144
4,99555091650182,0.18295917,0.06711166,0.41438788
10,99555097996327,-1.6169195,-0.9830928,2.4214463
4,99555101214140,-0.474309,-0.37044573,-0.32011196
10,99555106602213,-1.2193797,-0.010755539,2.039134
4,99555111371171,-0.54435015,-0.38775626,-0.38029942
10,99555117779505,-1.1438762,-0.121742725,1.8461571
4,99555120985130,-0.58269966,-0.4114584,-0.28469193
10,99555126379036,-0.19651686,-0.8381424,0.5479212
4,99555131176588,-0.43116578,-0.48363006,-0.23329292
10,99555137519452,0.15472412,-0.67931366,-0.012124062
4,99555140752682,-0.12117383,-0.5134575,-0.31851408
10,99555146207473,0.24516642,0.65324545,-1.7226143
4,99555150973619,0.12836437,-0.4564658,-0.37017938
10,99555157294765,-0.0082322955,1.0094028,-2.0198712
4,99555160530130,0.08628642,-0.4032026,-0.36778256
10,99555165932994,-0.32651615,1.1536937,-1.5343146
4,99555170700702,-0.15739283,-0.4631237,-0.37284255
10,99555175743411,-0.5556679,0.97624207,-1.3325086
4,99555179074869,-0.2197108,-0.5209143,-0.40932786
10,99555185702838,-0.22515267,0.7353411,-0.75139713
4,99555190522734,-0.12144015,-0.45859635,-0.41065946
10,99555196847682,-0.32276583,0.16057825,-0.17234993
4,99555200067630,-0.05539375,-0.3850931,-0.3853594
10,99555205491536,-0.8009122,-0.08458233,0.14510489
4,99555210269296,-0.0127831735,-0.3603257,-0.35340148
10,99555216628515,-0.9332805,0.0012845993,0.2313509
4,99555219841952,0.03435478,-0.31451932,-0.30519825
10,99555225310546,-0.71750194,0.10563612,0.0132603645
4,99555230124452,0.049534798,-0.23116238,-0.22770028
10,99555236414557,-0.63858676,0.38055754,-0.19770622
4,99555239652265,0.021571605,-0.18136127,-0.13502227
10,99555245055650,-0.6429162,0.734591,-0.19192553
2,99555249833671,-27.0,1.0,29.0
10,99555256141952,-0.5465895,0.85130453,-0.33870888
4,99555259376432,-0.13981596,-0.17896444,-0.07563378
10,99555264823723,-0.4269991,0.68443537,-0.4353118
4,99555269676952,-0.24927188,-0.17257284,-0.11558119
10,99555274641275,-0.40775943,0.50446653,-0.31873035
4,99555277973150,-0.26338664,-0.16245283,-0.1073254
10,99555283440754,-0.28843135,0.3865509,0.008152962
4,99555290096640,-0.1933455,-0.13182648,-0.058589544
10,99555296184921,-0.17004663,0.03425169,0.10059881
4,99555299424557,-0.17337179,-0.09454222,-0.008788432
10,99555304610754,-0.3575151,-0.29731417,0.12668228
4,99555309383827,-0.1635181,-0.066046394,0.033289514
10,99555315506015,-0.49774468,-0.30155468,0.33326483
4,99555318751588,-0.07456851,-0.03888215,0.059921127
10,99555323910234,-0.26028717,-0.30595684,0.35112286
4,99555328842057,-0.0055926386,-0.0063915867,0.06791061
10,99555335364713,0.037208915,-0.17013454,0.09833145
4,99555338612057,-0.0031957934,0.027696876,0.06258429
10,99555343945338,0.18708599,0.24726582,0.050918102
4,99555348726327,-0.052464273,0.04261058,0.06338324
10,99555355078619,0.06859028,0.34896612,-0.13338137
4,99555358326067,-0.1667139,0.038083203,0.06684534
10,99555363721484,-0.0058466196,0.23893452,-0.16458368
4,99555369397838,-0.21891184,0.04314321,0.037284255
10,99555374345182,0.06660795,0.041024208,0.015032768
4,99555377453150,-0.18642128,0.076166406,0.009054748
10,99555383197994,0.15759516,-0.13685703,0.23660898
4,99555387990234,-0.12916331,0.111852765,0.004261058
10,99555394648254,0.17159939,-0.04259777,0.40530014
4,99555397889973,-0.09054748,0.13129385,0.015180019
10,99555403265182,0.07369244,0.13622141,0.39535713
4,99555408107890,-0.109988555,0.12037488,0.03488741
10,99555414430702,-0.0010845661,0.21034193,0.29238462
4,99555417640911,-0.14833808,0.099069595,0.02743056
10,99555423044088,-0.02208054,0.4300294,0.23435974
2,99555427816432,-29.0,2.0,26.0
10,99555434345807,0.1864692,0.57553816,0.12443733
4,99555437580025,-0.14647387,0.10279802,0.0061252704
10,99555442821171,0.21370852,0.43322182,0.2941122
4,99555447675911,-0.1667139,0.094009586,0.015446335
10,99555453984400,-0.064284444,0.1415081,0.7063565
4,99555457233463,-0.16990969,0.04527374,0.009054748
10,99555462597265,-0.2408275,-0.1537056,0.83983326
4,99555467384765,-0.14327806,0.017310547,-0.0063915867
10,99555472313306,-0.21276349,-0.2866106,0.86807775
4,99555475742681,-0.10626013,0.021837922,-0.008788432
10,99555482383671,-0.13010436,-0.25914097,0.7389879
4,99555487197317,-0.017044231,0.06391586,0.02263687
10,99555493531275,-0.1729958,0.030864716,0.73615885
4,99555496740650,-0.010386328,0.06098639,0.03542004
10,99555502160442,-0.15012288,0.25886536,0.72412825
4,99555507018671,-0.043942157,0.034088463,0.008788432
10,99555513292473,-0.15152824,0.2330265,0.5852361
4,99555516529348,-0.077231675,0.009054748,-0.025832662
4,99555535378098,-0.072171666,0.015978966,-0.028229509
10,99555540575234,-0.09877151,-0.15429497,0.41213942
4,99555546888046,-0.044208474,0.034088463,-0.014114754
10,99555552704609,0.042186856,-0.11072636,0.38356686
4,99555555788984,-0.006657903,0.0628506,-0.020240024
10,99555561217681,0.06006944,-0.022016525,0.28296185
4,99555566806119,0.011717909,0.09853696,-0.032490566
10,99555571607317,0.031917453,-0.029521942,0.26072407
4,99555574613879,0.004261058,0.1304949,-0.04580637
10,99555581005598,0.04844725,-0.02219963,0.15008116
4,99555585681952,0.002130529,0.16724652,-0.05139901
10,99555592159244,0.015323877,0.0519104,0.15612936
4,99555595254556,0.007989483,0.19547603,-0.047670584
10,99555600782369,-0.09789264,0.058990955,0.10423136
2,99555605503411,-31.0,2.0,24.0
10,99555611936119,-0.29279608,0.08864498,0.038597107
4,99555615012942,-5.326322E-4,0.18375812,-0.04181163
10,99555620576848,-0.38428253,0.08503294,-0.06005335
4,99555625338359,0.006924219,0.15765914,-0.043675844
10,99555631634088,-0.39148122,-0.03316784,-0.124625206
4,99555634861327,0.009853696,0.1371528,-0.03914847
10,99555640327056,-0.33625394,-0.028603554,-0.010854721
4,99555645034869,0.03435478,0.11611383,-0.04447479
10,99555651540286,-0.24984938,0.08098841,0.11043596
4,99555654628723,0.049002163,0.09773801,-0.051665325
10,99555659308202,-0.18741131,0.06849527,0.16501617
4,99555665930129,0.017576864,0.08974853,-0.06178534
10,99555670728619,-0.10980898,0.065988064,0.08817577
4,99555673698931,-0.018908445,0.09454222,-0.07536746
10,99555679281900,-0.038505197,0.09422159,0.053989887
4,99555685298671,-0.016777916,0.11638014,-0.087618
10,99555691033931,0.1470663,0.04795313,-0.073738575
4,99555694177421,0.007456851,0.15419704,-0.08841695
10,99555699660546,0.34128082,-0.03783655,-0.0686326
4,99555704351483,0.01784318,0.19680761,-0.08175905
10,99555710818983,0.5375313,-0.054442406,-0.097527504
4,99555713970546,0.006657903,0.24234766,-0.08335695
10,99555719445494,0.7108436,-0.09836674,-0.20910645
4,99555724176067,0.0055926386,0.3009372,-0.09880328
10,99555730314244,0.9468863,-0.40655184,-0.05638361
4,99555733400546,0.0058589545,0.36565202,-0.12010857
10,99555738612056,0.91305155,-0.5555506,-0.0679121
4,99555744651796,0.05912218,0.42370895,-0.15526229
10,99555750744296,0.92943174,-0.4237709,-0.22220182
4,99555754014088,0.094808534,0.48309743,-0.17976338
10,99555759248567,0.88726103,-0.37039566,-0.32341385
4,99555764140754,0.11132014,0.53316486,-0.17789917
10,99555769047213,0.8304053,-0.50388193,-0.31029987
4,99555772414296,0.10972224,0.55953014,-0.20106867
10,99555779037629,0.5716001,-0.5243721,-0.1242075
2,99555783893254,-31.0,-3.0,23.0
10,99555790132942,0.25491077,-0.6329303,0.037023067
4,99555793370494,0.20639499,0.5334312,-0.34621096
10,99555798867004,-0.012767017,-0.79251146,0.0547657
4,99555803737473,0.19307919,0.52464277,-0.406931
10,99555809959661,-0.1121794,-0.5852337,0.2390399
4,99555813196015,0.16325177,0.505468,-0.464189
10,99555816158671,-0.14569819,-0.19019032,0.48085403
4,99555824003150,0.1307612,0.4745753,-0.5113269
10,99555831566536,-0.042497396,8.201599E-4,0.5896578
4,99555834819608,0.07882957,0.44874266,-0.5448828
10,99555839685598,-0.044931054,-0.011678696,0.5792756
4,99555844668254,0.036751624,0.41385525,-0.5611281
10,99555850755181,-0.28857583,0.23278713,0.823215
4,99555854086588,0.0061252704,0.36245623,-0.5291701
10,99555858960233,-0.37069967,0.06990385,0.7099228
4,99555863810754,0.018109497,0.33635727,-0.48655954
10,99555868680390,-0.25830287,0.13668776,0.867352
4,99555871786015,0.11824436,0.31931302,-0.45327002
10,99555875216535,-0.24393767,0.2947054,0.72848845
4,99555883348671,0.21518342,0.29534456,-0.42317632
10,99555890941848,-0.15691167,0.4911561,0.4346795
4,99555894329765,0.24181503,0.2727077,-0.4034689
10,99555899128619,-0.16333091,0.46639347,0.41478014
4,99555904058775,0.22743396,0.25859293,-0.39228365
10,99555910170129,-0.14714438,0.6649127,0.17712498
4,99555913452838,0.18935075,0.2514024,-0.36432046
10,99555915615858,-0.28361386,0.3847909,0.18191338
4,99555922870077,0.1454086,0.24714136,-0.3400857
10,99555930427681,-0.3311764,0.255198,0.20447636
4,99555933708202,0.1669802,0.2479403,-0.3323625
10,99555936518254,-0.3311764,0.255198,0.20447636
4,99555942396015,0.22264028,0.25699505,-0.32197618
10,99555948696275,-0.200818,0.08104706,0.08372116
4,99555951929921,0.26418558,0.27350664,-0.29827404
10,99555956967369,-0.24427462,0.042335987,0.09181738
2,99555961798410,-30.0,-17.0,22.0
10,99555966939765,-0.44899085,0.11410713,0.1481862
4,99555970178671,0.27324033,0.272974,-0.27031085
10,99555976613150,-0.51433015,0.2111516,0.059836864
4,99555980768827,0.25885928,0.27643612,-0.257794
10,99555988143410,-0.55464494,0.48294497,-0.047686577
4,99555991364556,0.2247708,0.26338664,-0.21704763
10,99555996560910,-0.61307347,0.4802761,0.096883774
4,99556000528046,0.2181129,0.2511361,-0.1949434
10,99556006619869,-0.6886694,0.367208,0.3172469
4,99556010630702,0.22104238,0.2031992,-0.13422333
10,99556014810025,-0.62657154,0.2618971,0.54521656
4,99556020355390,0.30200246,0.18269286,-0.057257965
10,99556026328619,-0.568475,0.24021387,0.61612177
4,99556029580963,0.41998053,0.22583607,0.046871636
10,99556034537525,-0.609913,0.33431768,0.5838709
4,99556040464035,0.4926848,0.32996565,0.19787288
10,99556047519660,-0.58371997,0.6675267,0.5687146
4,99556050765963,0.4990764,0.44528055,0.38269624
10,99556055738775,-0.91705143,0.728127,0.80685186
4,99556061472681,0.43356264,0.5115933,0.55953014
10,99556066571952,-1.0413995,0.63295984,0.8944893
4,99556069670025,0.3603257,0.5270396,0.6812366
10,99556075552421,-1.368281,0.29407883,0.99999523
4,99556080334817,0.32996565,0.5387575,0.7438209
10,99556087025650,-2.0022213,0.06666279,1.2046318
4,99556090276119,0.35553202,0.44767737,0.76912093
10,99556094023046,-3.2089756,-0.12600183,1.3832035
4,99556103194869,0.21385184,-0.083889574,0.39388153
10,99556110281327,-3.0959918,-0.16937399,1.3484564
4,99556112698983,-0.23089607,-0.46898267,-0.084155895
10,99556115530962,-3.0959918,-0.16937399,1.3484564
4,99556120210598,-0.37710363,-0.5587312,-0.24208134
10,99556126365650,-2.6454997,0.60419846,1.2297149
4,99556129452837,-0.61625546,-0.5651228,-0.3022688
10,99556134597994,-1.8272266,0.07370472,0.6772361
2,99556139972108,-22.0,-25.0,24.0
10,99556146093619,-1.3829046,-0.10913706,0.40580082
4,99556149197317,-0.7688546,-0.6894924,-0.25752768
10,99556154372160,-1.5182415,0.20500088,-0.076340675
4,99556160433619,-0.5563344,-0.7238472,-0.19094865
10,99556165406535,-1.608229,0.8220248,-0.72237444
4,99556168355806,-0.43729106,-0.7728494,-0.19574234
10,99556174143879,-1.4427679,1.2284164,-0.6409607
4,99556179506483,-0.4596616,-0.89375687,-0.24501082
10,99556185659452,-1.6651134,1.615026,-0.7879691
4,99556188739452,-0.40187103,-0.95900434,-0.22104238
10,99556193919817,-1.390496,1.7233868,-0.7106991
4,99556199315337,-0.43436158,-0.96992326,-0.16911073
10,99556205425910,-1.5918057,1.0687785,-0.74992895
4,99556208520285,-0.5238438,-1.0069412,-0.09427591
10,99556213751119,-1.2972169,0.83743143,-0.26813936
4,99556218366640,-0.47723848,-1.037035,-0.075101145
10,99556225215754,-0.6874863,0.48175812,-0.15081215
4,99556228296952,-0.40932786,-1.0016149,-0.094009586
10,99556233477108,-0.66574156,0.32446003,-0.031791687
4,99556238871587,-0.3304983,-0.9147959,-0.066046394
10,99556244989973,-0.6208011,0.06369972,0.17170095
4,99556248072212,-0.31158987,-0.7752462,0.010386328
10,99556253297317,-0.3987345,-0.011903763,0.061840057
4,99556259322108,-0.29001826,-0.6000102,0.10279802
10,99556264319973,-0.2698319,0.26549911,-0.0055160522
4,99556267289192,-0.2543319,-0.4607269,0.21252026
10,99556273044087,-0.24298626,0.42419195,-0.2678852
4,99556278424660,-0.28016454,-0.376571,0.2926814
10,99556284600390,0.05499184,0.44414663,-0.5199094
4,99556287688150,-0.3270362,-0.30173615,0.31265512
10,99556292819869,0.37466192,0.41794968,-0.61337614
4,99556297449608,-0.34940675,-0.21438447,0.32623723
10,99556303189712,0.33333004,0.21270514,-0.54732037
4,99556306400025,-0.38562572,-0.18562233,0.37630466
10,99556312904764,-0.0029393435,0.06898928,-0.6130123
2,99556317797473,-22.0,-14.0,23.0
10,99556324446848,0.094402075,-0.007819653,-0.5185199
4,99556327683098,-0.25086978,-0.14460965,0.39121836
10,99556332567421,0.16678345,-0.09198427,-0.29877615
4,99556337371275,-0.14354439,-0.09827065,0.37337518
10,99556343455077,0.10551262,0.039128304,-0.20769215
4,99556343455077,-0.14354439,-0.09827065,0.37337518
4,99556349814712,-0.084155895,-0.087618,0.35233623
4,99556358954192,-0.06950851,-0.083090626,0.33289513
4,99556361160233,-0.08468852,-0.06737798,0.31345406
10,99556369406171,0.17149723,0.10417366,0.34245253
4,99556371255962,-0.14327806,-0.06924219,0.33795515
10,99556376085702,-0.122989535,-0.08975649,0.44779778
4,99556379611535,-0.17470337,-0.075101145,0.34461305
4,99556384611535,-0.20586236,-0.10173275,0.3270362
4,99556405912681,-0.13342437,-0.095074855,0.27004454
4,99556395493306,-0.13342437,-0.095074855,0.27004454
11,99556400493306,-0.309789,0.190928,-0.608149,0.7054,99556410912681,-0.11664646,-0.104928546,0.25033715
4,99556419107994,-0.11717909,-0.12250541,0.24021713
11,99556426001275,-0.310974,0.190108,-0.604995,0.707908,3.0
4,99556426001275,-0.124902256,-0.13662016,0.22849922
4,99556428596952,-0.14247912,-0.15313177,0.2181129
10,99556431636587,0.23351729,-0.07211733,0.6327777
4,99556431636587,-0.14247912,-0.15313177,0.2181129
4,99556435669348,-0.16458336,-0.15393071,0.21172132
10,99556441584921,0.21539915,-0.21310902,0.6392131
4,99556444845337,-0.21118867,-0.18668759,0.21065605
4,99556449888462,-0.21252026,-0.22024342,0.20932446
4,99556455459712,-0.20586236,-0.25246766,0.2050634
10,99556461415181,0.33183217,-0.46361208,0.30403042
4,99556464686223,-0.16458336,-0.26684874,0.1898834
10,99556469652369,0.4319383,-0.44908953,0.21167755
4,99556475599504,-0.0958738,-0.24554345,0.17470337
10,99556481162733,0.4086305,-0.31952095,0.443038
4,99556484455337,-0.02609898,-0.2761698,0.15020229
10,99556489476744,0.28698623,-0.15132904,0.45793104
4,99556489476744,-0.01917476,-0.30280143,0.12596752
2,99556495237212,-29.0,-6.0,18.0
4,99556495237212,-0.033822145,-0.32996565,0.096939065
11,99556499476744,-0.323075,0.184502,-0.591428,0.715397,3.0
4,99556510683202,-0.16218652,-0.31611723,0.011451593
4,99556526693410,-0.18961707,-0.3110572,0.020506341
4,99556528628462,-0.17710021,-0.3139867,0.018642128
11,99556537122785,-0.3268,0.182672,-0.588945,0.716222,3.0
4,99556539082473,-0.12250541,-0.3158509,5.326322E-4
11,99556545957212,-0.328859,0.181147,-0.5868,0.717428,3.0
10,99556545957212,0.46396053,-0.47513914,0.47348833
4,99556545957212,-0.0892159,-0.30200246,-0.007989483
4,99556550810441,-0.021571605,-0.2591256,-0.012516857
10,99556559432889,0.37842155,-0.27928782,0.46724987
4,99556561389139,0.008255799,-0.23089607,-0.004527374
10,99556567792369,0.26684308,0.05022669,0.31457567
4,99556569611379,0.0055926386,-0.22210763,-0.0015978967
10,99556575379816,0.31233287,0.13881254,0.31936407
4,99556577192994,-0.013315806,-0.19441076,-0.008255799
10,99556585848827,0.23046184,0.16734076,0.3587613
4,99556588050754,-0.038615838,-0.15845808,0.002130529
10,99556595973619,-0.10723078,0.13771248,0.2719593
4,99556597796900,-0.08841695,-0.16564862,0.020506341
10,99556606774869,-0.08008587,0.29567814,0.22118425
4,99556606774869,-0.0974717,-0.17630127,0.020506341
4,99556608814504,-0.09560748,-0.17736652,0.015180019
10,99556617312264,0.05932474,0.4330969,0.1934619
4,99556617312264,-0.08868326,-0.16591494,0.0077231675
4,99556619283150,-0.081226416,-0.15499598,0.006924219
10,99556627283046,-0.09284341,0.44954348,0.12136841
4,99556627283046,-0.08229168,-0.13954964,0.012516857
4,99556629820910,-0.08841695,-0.14088123,0.023435818
4,99556640112056,-0.09454222,-0.14407702,0.029827405
4,99556644064348,-0.10146644,-0.17124127,0.025033714
10,99556649167577,-0.08602524,0.46130943,0.15848398
4,99556652498306,-0.06844324,-0.16884442,0.016511599
10,99556660564816,-0.016503334,0.4145875,0.09731531
4,99556665398619,-0.046072688,-0.13981596,0.03542004
10,99556669014452,-0.15518332,0.4099264,0.15865898
2,99556672283202,-27.0,2.0,19.0
10,99556680459921,-0.19525468,0.36969948,0.07131863
4,99556685536587,-0.033023197,-0.11318435,0.08575379
10,99556689179816,-0.16953409,0.27067518,0.06857252
4,99556694162941,-0.030626353,-0.11052119,0.08468852
10,99556699246014,-0.17501807,0.3050995,-0.09516811
4,99556703047264,0.00479369,-0.08868326,0.08868326
10,99556706487837,-0.13911796,0.3864956,-0.0951705
4,99556713354608,0.044208474,-0.05539375,0.10918961
10,99556721182473,-0.11077201,0.43942738,-0.01865673
4,99556726035233,0.063116916,-0.033822145,0.1371528
10,99556729749087,-0.10524428,0.43734407,-0.021825314
4,99556732982473,0.032756884,-0.018109497,0.14807177
10,99556739674504,-0.06760836,0.54694796,-0.10987377
4,99556744522369,0.013582122,-0.008255799,0.15100123
10,99556748162056,-0.024369836,0.56048775,-0.15294075
4,99556751438514,-0.009054748,0.016511599,0.17097494
10,99556759453671,-0.03006053,0.4494033,-0.22088909
4,99556764305285,-0.023435818,0.04447479,0.20373182
10,99556767948827,-0.056812644,0.39403248,-0.02828455
4,99556771229816,-0.00479369,0.06791061,0.22423817
10,99556779243410,-0.19008565,0.24705887,-0.064398766
4,99556784088306,0.007989483,0.08495484,0.23462449
10,99556787770493,-0.20897138,0.13658142,-0.047581196
4,99556792540650,-0.0029294773,0.10439592,0.24687503
10,99556797664764,-0.17034292,-0.041890144,0.044459343
4,99556801505077,-0.022104237,0.13954964,0.2580603
10,99556805938358,-0.19669223,-0.2047019,0.16417027
4,99556812006431,-0.027963191,0.15579493,0.26312032
10,99556820052577,-0.28846407,-0.2654662,0.087236404
4,99556824918879,-0.021837922,0.20612867,0.23542345
10,99556828541952,-0.258803,-0.2569356,0.090242386
4,99556831789504,-0.029827405,0.26684874,0.19547603
10,99556837265806,-0.009806037,-0.42931843,-0.3048005
4,99556842064400,-0.056459017,0.33262882,0.15233281
10,99556846688046,0.19150686,-0.55096054,-0.3335657
2,99556851511223,-30.0,4.0,19.0
10,99556858141483,0.23271322,-0.60127735,-0.3651662
4,99556863119296,-0.094009586,0.350472,0.03222425
10,99556867705129,0.05655837,-0.94330835,-0.55396557
4,99556870941223,-0.09267801,0.3435478,-0.03701794
10,99556877970337,-0.054395437,-1.1428018,-0.58743286
4,99556882804868,-0.028495824,0.36724994,-0.09374327
10,99556887430077,-0.09241891,-1.0239348,-0.28743553
4,99556892268566,0.033023197,0.386691,-0.12463594
10,99556898610493,-0.11911166,-0.7414384,-0.19933939
4,99556903047108,0.13022858,0.41305628,-0.22237396
10,99556905130129,-0.19333696,-0.45173788,-0.2615919
4,99556911088566,0.12037488,0.40719733,-0.25326663
10,99556917485337,-0.18903553,-0.40077496,-0.2674389
4,99556922329452,0.040213734,0.38802257,-0.2958772
10,99556926955962,-0.20820844,-0.0975647,0.041890144
4,99556930201431,0.02396845,0.38296258,-0.29001826
10,99556937258462,-0.24712008,0.008313179,0.13722038
4,99556942049452,0.0039947415,0.36751625,-0.2330266
10,99556946665285,-0.49623984,0.29136372,0.29438448
4,99556949879660,-0.0127831735,0.3539341,-0.22264028
10,99556957039243,-0.5488725,0.38339376,0.39664125
4,99556961836639,-0.038615838,0.29640985,-0.20852552
10,99556965498514,-0.45782596,0.453022,0.4217763
4,99556970289920,-0.041012682,0.2790993,-0.19707392
10,99556976816014,-0.42627776,0.40160656,0.40038347
4,99556981661431,-0.059388492,0.23515713,-0.15313177
10,99556985320702,-0.37847292,0.50198984,0.5835309
4,99556990076170,-0.061519023,0.17949706,-0.09960223
10,99556995175858,-0.32172143,0.50400305,0.6779885
4,99556999314504,-0.043675844,0.13502227,-0.049801115
10,99557005299191,-0.30318862,0.38992977,0.9125509
4,99557008544660,-0.051132694,0.105727494,-0.0031957934
10,99557016391535,-0.4497782,0.25052166,0.9825568
4,99557021174868,-0.06578008,0.07243799,0.027164243
10,99557024998098,-0.40506876,0.30129194,1.0248938
2,99557028296483,-34.0,1.0,15.0
10,99557036146483,-0.2619099,0.32837057,0.8906183
4,99557040370441,-0.05965481,0.028229509,0.036485307
10,99557045191900,-0.2162813,0.21772623,0.7074332
4,99557048406170,-0.0727043,0.004527374,0.019973708
10,99557055938358,-0.13552403,0.22026539,0.7144842
4,99557060771223,-0.07376956,-0.01571265,-0.009321064
10,99557064513098,-0.17270458,0.1420083,0.65791464
4,99557067847733,-0.07989483,-0.029294772,-0.042077947
10,99557075716379,-0.21775168,0.11690378,0.5806985
4,99557080489035,-0.080960095,-0.03089267,-0.072171666
10,99557084379608,-0.20545298,0.027701855,0.53790045
4,99557089149556,-0.08042747,-0.02263687,-0.09321064
10,99557094078202,-0.14210427,-0.13018703,0.4625635
4,99557098197785,-0.06950851,-0.007456851,-0.10759171
10,99557104130285,-0.15537673,-0.13315058,0.45598984
4,99557107407316,-0.02263687,0.005060006,-0.116912775
10,99557115271639,-0.22294366,-0.14071512,0.37769365
4,99557120053306,0.00958738,0.017044231,-0.1222391
10,99557123789920,-0.23036212,-0.1956482,0.1945467
4,99557127165650,0.036751624,0.052464273,-0.12410331
10,99557135055233,-0.1362766,-0.058707714,0.15766811
4,99557139864556,0.079095885,0.08229168,-0.11664646
10,99557143662525,-0.1544658,-0.02231884,-0.004073143
4,99557146936118,0.07563378,0.10226539,-0.11424961
10,99557154823879,-0.04958296,0.05390024,-0.063854694
4,99557159600233,0.064182185,0.12410331,-0.13768543
10,99557163326587,0.08537316,0.21912289,-0.12306881
4,99557166727629,0.07483483,0.15499598,-0.17390442
10,99557174596743,0.104858875,0.17523241,-0.08004713
4,99557179460233,0.05672533,0.17124127,-0.19094865
10,99557183153983,-0.0041866302,0.1464324,-0.12978935
4,99557187935545,0.059388492,0.19467708,-0.19414444
10,99557192960806,0.035847902,0.16282415,-0.014703274
4,99557197080702,0.070307456,0.21944448,-0.18429075
10,99557203027733,-0.0408175,0.20691109,0.034273148
2,99557206302420,-34.0,1.0,14.0
10,99557214162889,-0.24507803,0.116111755,0.09862137
4,99557218980597,0.07163903,0.21012342,-0.16724652
10,99557223611743,-0.44071746,0.050000668,0.17068195
4,99557226818618,0.07829694,0.17496969,-0.17550232
10,99557233934608,-0.48787504,0.077067375,0.23812675
4,99557238721066,0.096939065,0.15313177,-0.16564862
10,99557243313879,-0.41752982,0.20720291,0.28454065
4,99557246569295,0.11851067,0.13182648,-0.1222391
10,99557253719191,-0.38980222,0.45508575,0.24997663
4,99557258500025,0.10333065,0.10972224,-0.054594804
10,99557263114452,-0.29075372,0.59750175,0.2821002
4,99557266351222,0.08735169,0.080960095,-2.663161E-4
10,99557273495806,-0.26850915,0.63578176,0.44439316
4,99557278341900,0.11504856,0.0628506,0.029827405
10,99557282958462,-0.3403092,0.44842815,0.555634
4,99557287744816,0.11957593,0.046072688,0.060453758
10,99557292648722,-0.3823194,0.3204732,0.6591439
4,99557296448202,0.12942964,0.090014845,0.098004326
10,99557301982264,-0.023440182,0.14932823,0.7792182
4,99557305220493,0.12330436,0.1555286,0.11930962
10,99557313048358,0.13083208,-0.10056877,0.86446667
4,99557317835077,0.0127831735,0.51984906,0.2695119
10,99557322449660,-0.016617358,-0.31003618,1.3504629
4,99557325688254,-0.032756884,0.6468818,0.35233623
10,99557332833254,-0.5074234,-0.39601183,1.496346
4,99557337667264,0.041545313,0.80347574,0.54834485
10,99557342293358,-0.81625444,-1.1407342,1.1857543
4,99557345502629,0.12703279,0.76565886,0.60959756
10,99557352657733,-0.8803698,-1.0881753,0.7235112
4,99557357412993,0.56885123,0.44501424,0.6628608
10,99557362028775,-0.2515747,0.18500233,1.5081077
4,99557365280129,0.6759103,0.2860235,0.51319116
10,99557372433775,-0.22289515,0.4343114,1.3146505
4,99557377222108,0.13422333,-0.19547603,-0.16112125
10,99557381850389,-1.071791,1.2572503,0.56714344
2,99557386639816,-34.0,1.0,12.0
10,99557391578462,-1.2398437,1.3745813,0.5952678
4,99557395810962,-0.4812332,-0.34860778,-0.31478566
10,99557400646795,-0.5493296,0.027046204,0.3449788
4,99557404060077,-0.598146,-0.345412,-0.2660498
10,99557411944556,-0.16501665,-0.3884182,0.09120655
4,99557416728827,-0.24554345,-0.3717773,-0.3571299
10,99557421346899,0.39841187,-0.5536413,-0.11336565
4,99557424578879,-0.06551377,-0.37950045,-0.39494678
10,99557431711431,0.18169278,-0.3979659,-0.34457493
4,99557436500649,0.1520665,-0.38429415,-0.3997405
10,99557440156743,-0.40940997,0.25007534,-0.2623434
4,99557443613202,0.14647387,-0.41571945,-0.33076462
10,99557451496066,-0.35699004,0.75133085,-0.27357912
4,99557456338045,0.15180019,-0.41785,-0.27483824
10,99557460905441,0.17041355,1.2533774,-0.53513575
4,99557464213566,0.09933591,-0.38562572,-0.2561961
10,99557471329035,0.16695023,1.1409049,-0.511322
4,99557476141170,-0.010386328,-0.3885552,-0.23062976
10,99557480745910,0.15787649,1.0215888,-0.099481106
4,99557485770806,-0.03542004,-0.4101268,-0.19813919
10,99557490729243,0.15122521,0.675138,0.29810858
4,99557494526170,-0.031158986,-0.3797668,-0.16112125
10,99557499510389,0.03484416,0.22265244,0.3324976
4,99557502935337,-0.039947417,-0.31638354,-0.10892329
10,99557510812993,-0.15342057,0.062279224,0.49249172
4,99557515663045,0.009853696,-0.23782028,-0.04527374
10,99557520271170,-0.12922871,0.05949354,0.48090124
4,99557523519452,0.060720075,-0.14061491,0.033289514
10,99557530649347,0.06388414,0.1818533,0.24568415
4,99557535541639,0.043942157,-0.050600063,0.11424961
10,99557539226170,0.09561086,0.50798273,0.011202335
4,99557542503045,-0.0077231675,0.005060006,0.1768339
10,99557550376587,0.05269003,0.5958476,-0.12061024
4,99557555211431,-0.09134643,0.023702133,0.20133498
10,99557559784712,0.06065178,0.31372833,-0.142097
2,99557563041639,-32.0,1.0,15.0
10,99557570196222,-0.121326566,0.12868547,-0.18408346
4,99557575097785,-0.3502057,-0.020506341,0.14168017
10,99557578802577,-0.27492148,0.2258277,0.33697557
4,99557583650702,-0.3187804,-0.06764429,0.084155895
10,99557588570597,-0.28057784,0.10628271,0.5422964
4,99557592637004,-0.19547603,-0.091080114,0.034088463
10,99557596948202,-0.089037895,-0.21693277,0.28611803
4,99557603087681,-0.091080114,-0.075101145,-0.0029294773
10,99557611220024,-0.03660333,-0.5036464,0.29985142
4,99557616104139,-0.044208474,-0.08868326,-0.028229509
10,99557620681899,-0.044897437,-0.49847507,0.30619
4,99557623977629,-0.031158986,-0.12783173,-0.05139901
10,99557629885962,-0.24029785,-0.51378536,0.44384575
4,99557634734451,0.042077947,-0.11797804,-0.05752428
10,99557638255076,-0.06318796,-0.32170343,0.54224396
4,99557642188201,0.13102753,-0.07749799,-0.025832662
10,99557649268306,-0.042117715,-0.3313985,0.5221443
4,99557654223514,0.17976338,-0.07563378,0.0031957934
10,99557658811483,-0.05179155,-0.19570732,0.38653183
4,99557662014712,0.1898834,-0.087884314,0.0029294773
10,99557669028306,0.08180618,0.10913229,0.22908306
4,99557674154816,0.17337179,-0.07590009,-0.015978966
10,99557678737420,0.2023983,0.42612123,0.012171268
4,99557683609764,0.165116,-0.03914847,-0.01784318
10,99557688529191,0.27557194,0.5340886,-0.13652992
4,99557692331379,0.13342437,-0.0026631611,0.013315806
10,99557695679920,0.32585347,0.52930784,-0.1437006
4,99557702199764,0.12250541,0.0061252704,0.030360037
10,99557710069243,0.26778746,0.507843,-0.029264927
4,99557714966847,0.14460965,0.0039947415,0.050333746
10,99557718629035,0.2671429,0.49615622,-0.040231705
4,99557721864660,0.18482338,0.03355583,0.06258429
10,99557727270337,0.20728779,0.66614485,0.014834881
4,99557732130337,0.21678132,0.08229168,0.11558119
10,99557735784035,-0.015744805,0.49604034,0.05069971
2,99557740557420,-32.0,1.0,20.0
10,99557748342108,-0.13124502,0.31909275,0.08776617
4,99557753231535,0.18562233,0.10066749,0.21518342
10,99557756871899,-0.22907358,-0.12545013,0.17702293
4,99557760112524,0.17710021,0.1123854,0.22210763
10,99557768110076,-0.21657842,-0.22979069,0.22291422
4,99557772929712,0.19707392,0.1784318,0.23675503
10,99557776590441,-0.3723898,-0.48885584,0.19488716
4,99557781401274,0.19148129,0.18695392,0.24074976
10,99557786504295,-0.38971025,-0.5277958,0.2212491
4,99557790411951,0.18535602,0.18588865,0.22050974
10,99557796154764,-0.16428828,-0.3849697,0.18315506
4,99557800938358,0.19547603,0.18695392,0.16964336
10,99557807675806,-0.08268851,-0.29332113,0.0062298775
4,99557812509556,0.17789917,0.20240025,0.08681905
10,99557816145233,-0.07917732,-0.13549948,0.01112175
4,99557819424920,0.16751283,0.20186761,0.07243799
10,99557827477264,-0.15347439,-0.18603039,0.17902327
4,99557832305649,0.17816548,0.14434333,0.041012682
10,99557836001795,-0.47033787,-0.51863766,0.49354935
4,99557839253306,0.17949706,0.11984225,0.022370555
10,99557847269087,-0.51798785,-0.5076146,0.52510357
4,99557852118826,0.23222765,0.09960223,-0.021837922
10,99557855748462,-0.4224398,-0.206985,0.42825413
4,99557858982108,0.25033715,0.10066749,-0.025033714
10,99557867042837,-0.35327858,-0.13291216,0.37614536
4,99557871876691,0.2806972,0.081226416,-0.0127831735
10,99557875628722,-0.30603987,-0.04676819,0.27901268
4,99557880444503,0.27883297,0.06711166,-0.015978966
10,99557885523618,-0.37458384,-0.016222,0.25583744
4,99557889356483,0.28149614,0.033289514,-0.024234766
10,99557895053670,-0.51922405,0.08149862,0.07989645
4,99557898495181,0.2796319,0.007190535,-0.032490566
10,99557906573358,-0.55596566,0.31935692,0.06854439
4,99557911359347,0.2958772,-0.010918961,-0.026365295
10,99557914992733,-0.21780294,0.7136135,-0.14241648
2,99557918277108,-33.0,-4.0,26.0
10,99557926357056,-0.13132876,0.8687277,-0.36433792
4,99557931114347,0.32783514,-0.03169162,-0.019441076
10,99557934901014,0.020031571,1.1739554,-0.28208542
4,99557938141951,0.32277513,-0.047670584,-0.011451593
10,99557946133566,-0.020768821,1.205647,-0.15938044
4,99557950925233,0.35899413,-0.04181163,0.03488741
10,99557954640910,-0.10599643,0.5406532,0.31264734
4,99557957885597,0.38562572,0.07403588,0.15579493
10,99557965916795,-0.3594817,-0.4342475,0.817471
4,99557970758306,0.39734364,0.26338664,0.33848777
10,99557974478462,-0.8029237,-0.94242525,1.1605773
4,99557979311326,0.43249738,0.5190501,0.56938386
10,99557984366847,-1.0609986,-1.5348792,1.7320595
4,99557988214139,0.39121836,0.75580513,0.88203895
10,99557993147941,-1.4884092,-2.125646,1.8270202
4,99557997934608,0.47271112,0.8295747,1.1640677
10,99558005460128,-1.4318585,-1.8895268,1.5327821
4,99558010302837,0.80800307,0.6426208,1.179514
10,99558014025024,-1.008644,-0.37477207,1.0628972
4,99558017239191,1.2253205,0.21118867,0.5800365
10,99558025239035,-1.1548328,-0.47326756,1.9190192
4,99558030036639,0.47164583,-0.26338664,-0.22237396
10,99558033862316,-2.234992,-0.19536781,0.834805
4,99558037105076,-0.36565202,-0.49401638,-0.5190501
10,99558045016170,-2.494359,0.86606693,1.310472
4,99558049803774,-0.52597433,-0.52357745,-0.36804888
10,99558053595545,-1.4046562,0.020626545,1.0420265
4,99558056835285,-0.3110572,-0.5294364,-0.2958772
10,99558064835233,0.0735001,-0.92563915,-0.20954657
4,99558069631170,0.02743056,-0.54195327,-0.40879524
10,99558073326274,0.28664225,-0.21554565,-0.62882996
4,99558078141743,0.3683152,-0.545948,-0.48149952
10,99558083263514,-0.34677637,0.9648361,-1.1833553
4,99558087109451,0.2905509,-0.50120693,-0.42663842
10,99558092828878,-0.74792266,1.5916896,-1.6868701
2,99558096295805,-28.0,-1.0,28.0
10,99558104379347,-0.506911,2.526649,-1.3641686
4,99558109134816,-0.19094865,-0.44741106,-0.30972564
10,99558112911639,-0.39588135,1.6887088,-1.1949229
4,99558116127316,-0.35952675,-0.4245079,-0.3387541
10,99558124130649,-0.8227476,0.70120955,-0.668746
4,99558128963878,-0.34834146,-0.43569317,-0.34434673
10,99558132655649,-1.082767,0.14000368,-0.3682394
4,99558135903826,-0.28682247,-0.4183826,-0.3254383
10,99558143903878,-0.89191526,0.07630873,-0.0901041
4,99558148774139,-0.01304949,-0.28682247,-0.17390442
10,99558152421222,-1.0413673,0.40275955,-0.22257423
4,99558155661066,0.05139901,-0.24740767,-0.10279802
10,99558163689139,-1.0262936,0.87964725,-0.42462206
4,99558168534555,0.06258429,-0.18375812,0.01917476
10,99558172200545,-0.7451862,1.3193908,-0.6713896
4,99558176961847,0.010386328,-0.16911073,0.02396845
10,99558182100493,-0.53908587,1.5592966,-0.7027912
4,99558185929920,-0.10679276,-0.13182648,0.035153728
10,99558191749035,-0.7135027,1.2192612,-0.7639828
4,99558195147212,-0.23622239,-0.1355549,0.100933805
10,99558203236274,-0.79444194,0.98325443,-0.7625966
4,99558208063618,-0.37257624,-0.13342437,0.17976338
10,99558211725441,-0.85638005,0.6203928,-0.43501663
4,99558214979035,-0.35446674,-0.12250541,0.18642128
10,99558222997680,-0.86651635,0.51997423,-0.32368422
4,99558227829451,-0.24714136,-0.0892159,0.18961707
10,99558232243983,-0.45600086,0.33508587,-0.37460375
4,99558235488097,-0.22690132,-0.072171666,0.18668759
10,99558242789712,-0.18939203,0.5042281,-0.1830039
4,99558247640180,-0.180296,-0.043942157,0.20719394
10,99558251311639,-0.16946095,0.4149189,-0.096488
4,99558254552941,-0.18242654,-0.052996907,0.2263687
10,99558262566743,-0.26849526,0.2665162,-0.13217163
4,99558267402368,-0.28016454,-0.076166406,0.25672874
10,99558271009712,-0.43602073,-0.027135372,-0.122469425
2,99558276075128,-27.0,1.0,26.0
10,99558281199191,-0.44345164,-0.100590706,-0.05553007
4,99558285196482,-0.2711098,-0.043942157,0.22024342
10,99558290729451,-0.32012218,-0.22034168,0.06403494
4,99558294072212,-0.23489082,-0.024234766,0.19920446
10,99558302128149,-0.15798354,-0.22185469,0.14234543
4,99558306971743,-0.20852552,-0.0077231675,0.15126756
10,99558310609451,0.17554027,0.1278677,0.22567701
4,99558313861274,-0.21837921,0.007190535,0.14088123
10,99558321899295,0.20623583,0.1649518,0.19247866
4,99558326660180,-0.27190876,0.021571605,0.14434333
10,99558330271743,-0.40675378,-0.14092255,0.1740551
4,99558333592524,-0.3536678,-0.02263687,0.16937704
10,99558341727993,-0.40967125,-0.2887559,0.20079231
4,99558346492993,-0.41252366,-0.039947417,0.18775286
10,99558350136743,0.21159971,-0.29912233,0.39663982
4,99558353400545,-0.3685815,0.0053263223,0.175236
10,99558361459712,0.28396034,-0.29829693,0.60429907
4,99558366243514,-0.2862898,0.0018642128,0.16564862
10,99558369910441,0.3890428,-0.18557549,0.4461174
4,99558374758514,-0.26232138,-0.04447479,0.15100123
10,99558379870076,0.52322054,-0.114572525,0.38133955
4,99558383705285,-0.28522456,-0.06498113,0.112119086
10,99558389479139,0.6650898,-0.01799488,0.1822257
4,99558392925076,-0.28549087,-0.04474111,0.082025364
10,99558401037524,0.7853035,-0.3386078,0.22911358
4,99558405918826,-0.30173615,0.0058589545,0.082025364
10,99558409568305,0.9345773,-0.6186223,0.47923613
4,99558412804347,-0.26338664,0.047670584,0.055127434
10,99558420777993,1.072967,-0.7994313,0.64479065
4,99558425691951,-0.17044231,0.10279802,-0.00479369
10,99558429346743,1.284588,-1.0568976,0.53312683
4,99558432578514,-0.09960223,0.17949706,-0.061252706
10,99558440583462,1.36826,-1.2930932,0.39026928
4,99558445496326,-0.039947417,0.25166872,-0.09827065
10,99558449142837,1.5431898,-1.164897,0.4853201
2,99558452372941,-35.0,4.0,20.0
10,99558460358566,1.7845085,-0.94540596,0.5117688
4,99558464304764,0.10013486,0.38296258,-0.20772657
10,99558468403982,1.9037863,-0.81119776,0.4531784
4,99558473318878,0.09187906,0.43729106,-0.27696875
10,99558478753097,1.7774885,-0.72491837,0.51892376
4,99558482583982,0.07376956,0.46472162,-0.3291667
10,99558487266014,1.602714,-0.6435051,0.5596318
4,99558492182732,0.084155895,0.48469532,-0.35473305
4,99558501203305,0.101999074,0.50360376,-0.36245623
4,99558505245597,0.13315806,0.5070659,-0.36938044
10,99558515550441,1.2231951,-0.49492836,0.67797375
4,99558515550441,0.19361182,0.5219796,-0.38562572
4,99558517399712,0.22583607,0.5302354,-0.4032026
10,99558526095076,1.0028977,-0.2791934,0.67967224
4,99558528068514,0.29161614,0.5182512,-0.4383563
11,99558533687524,-0.328572,0.157926,-0.51922,0.772987,3.0
4,99558535595389,0.31318775,0.5174522,-0.4511395
4,99558540595389,0.3006709,0.5187838,-0.44741106
4,99558548541534,0.29188246,0.52411014,-0.44368264
10,99558556072889,0.4778391,-0.44859695,0.87620544
4,99558556072889,0.294013,0.51798487,-0.43862265
4,99558558023409,0.30280143,0.49987534,-0.43356264
10,99558567396847,0.23525697,-0.66802645,0.9916258
4,99558569941743,0.3139867,0.47031426,-0.4282363
10,99558576993514,0.13200581,-0.73930216,0.9632411
4,99558579930076,0.34274885,0.4561995,-0.44235107
10,99558587105649,-0.09557021,-0.5737262,1.0021677
4,99558589522212,0.38482678,0.43675843,-0.4628574
10,99558595307368,-0.24762541,-0.1129837,0.7385678
4,99558595307368,0.4034689,0.43223104,-0.46898267
4,99558597273618,0.4135889,0.42370895,-0.47484162
4,99558606645441,0.41518682,0.4146542,-0.48363006
4,99558609190389,0.40959418,0.4000068,-0.49508166
10,99558616124920,-0.18622518,0.35240173,0.30378008
4,99558616124920,0.39361522,0.38029942,-0.50786483
4,99558618125128,0.38429415,0.3539341,-0.51798487
4,99558627449764,0.37816888,0.31638354,-0.5190501
2,99558630687524,-34.0,-7.0,21.0
10,99558636925649,-0.6013956,1.015738,0.35744
4,99558641701587,0.39041942,0.20852552,-0.45833004
10,99558648222472,-0.79046476,1.2998471,0.13919783
4,99558651434243,0.38695732,0.2000034,-0.37470677
10,99558656637941,-0.88415104,1.5927463,0.20052433
4,99558661440545,0.41385525,0.19068234,-0.3190467
10,99558667997264,-0.8572887,1.6519332,0.2506981
4,99558671232212,0.5787049,0.2231729,-0.11265171
10,99558676271430,-0.6997379,1.4106174,0.40815496
4,99558681080649,0.6173208,0.26498455,-0.018375812
10,99558686337889,-1.1306643,0.70565224,0.3456335
4,99558689594087,0.59601545,0.39468047,0.21891184
10,99558696046587,-1.3826361,0.41623592,0.51797724
4,99558700498201,0.5526059,0.55074173,0.47803742
10,99558707538409,-1.4699575,0.12482405,1.0775733
4,99558710776691,0.5864281,0.7233146,0.73103774
10,99558715983357,-2.2693605,-0.66889,0.45658684
4,99558720765493,0.51718587,0.81013364,0.96752644
10,99558726280909,-2.4159214,-0.5873041,0.1943779
4,99558729488826,0.47271112,0.73609775,1.0908308
10,99558734899972,-2.3414035,0.1928668,-0.40648174
4,99558741026066,0.49002165,0.5611281,1.0271813
10,99558747391743,-1.9324279,1.7540708,-0.85259104
4,99558750607420,0.64821345,0.26897928,0.77924097
10,99558755572107,-3.3615475,1.9467721,1.723939
4,99558760336534,0.5360943,-0.27776772,0.2828277
10,99558766944451,-4.11213,0.78416634,1.2318282
4,99558770156118,-0.42983422,-0.7259777,-0.2263687
10,99558775127732,-4.0201645,0.124035835,1.0816779
4,99558779970441,-0.9259811,-0.77924097,-0.37017938
10,99558785297784,-3.3587549,-0.48774672,1.5067863
4,99558788445805,-0.7619304,-0.70200926,-0.31265512
10,99558794919451,-2.0957618,-1.8995185,0.5874653
4,99558799716326,-0.3669836,-0.675644,-0.30040458
10,99558806464659,-1.3046362,-1.5187788,-0.27171278
2,99558809726534,-27.0,-15.0,27.0
10,99558814578149,-1.3226767,-0.057868958,-0.36452484
4,99558819375389,0.3006709,-0.74967986,-0.28149614
10,99558826222420,-1.1706667,1.5001135,-0.9650841
4,99558829459191,0.09880328,-0.69535136,-0.20852552
10,99558834638409,-0.15495971,3.0661228,-1.3156796
4,99558839417836,-0.27190876,-0.5536712,-0.23169503
10,99558846025701,-0.38222587,2.3812203,-1.1879749
4,99558849232211,-0.7206514,-0.49534798,-0.19361182
10,99558854357732,-0.84316117,1.285883,-0.58324575
4,99558859167316,-0.7701862,-0.51292485,-0.18056233
10,99558865762055,-0.6650839,0.10381794,-0.41593218
4,99558868971378,-0.5342301,-0.454069,-0.13422333
10,99558874154607,-0.6711714,-0.60484457,-0.43076038
4,99558878937941,-0.180296,-0.34887412,0.011451593
10,99558884111951,-0.62899494,-0.21317863,-0.35060883
4,99558887370493,0.101200126,-0.2759035,0.13981596
10,99558893862159,-0.49215811,0.47625446,-0.71315956
4,99558898670284,0.12357068,-0.2394182,0.17044231
10,99558905324243,-0.4925623,1.1443686,-0.92571497
4,99558908558253,-0.035153728,-0.22530343,0.15472966
10,99558913720493,-0.42596433,1.4064779,-1.0168738
4,99558918484347,-0.23915187,-0.20293288,0.14674018
10,99558925149034,-0.3687851,1.1701603,-0.89883137
4,99558928376274,-0.3669836,-0.20213392,0.1834918
10,99558933513097,-0.65825915,0.590992,-0.64816236
4,99558938294034,-0.43303,-0.21917816,0.25086978
10,99558944876691,-0.6617366,0.1842885,-0.33438015
4,99558948111795,-0.40400153,-0.22503711,0.2625877
10,99558953245545,-0.78488517,0.088853836,-0.13787937
4,99558958023982,-0.29561087,-0.21331921,0.2561961
10,99558964668930,-0.9824846,0.04972315,0.09493828
4,99558967904347,-0.21731395,-0.20106867,0.28043085
10,99558973039659,-0.7157403,0.19466448,0.101522446
4,99558977841847,-0.1917476,-0.18668759,0.28708878
10,99558983002941,-0.19096798,0.34257078,0.15051508
2,99558986276118,-28.0,-7.0,23.0
10,99558992857888,-0.19644058,0.32626438,0.24813652
4,99558997637263,-0.31052458,-0.19361182,0.3190467
10,99559004227680,-0.4333166,0.06718397,0.46320677
4,99559007445961,-0.39041942,-0.24154872,0.32437304
10,99559012622263,-0.42374212,0.11911297,0.3014493
4,99559017475545,-0.4063984,-0.24101609,0.2727077
10,99559024049347,-0.19940788,0.18473625,0.24250555
4,99559027291743,-0.41731736,-0.22343922,0.24501082
10,99559031703566,-0.0014551878,0.1428957,0.28245735
4,99559037568097,-0.4314321,-0.23435818,0.23995082
10,99559042818878,0.19454378,0.108356476,0.4809904
4,99559046069763,-0.43755737,-0.2724414,0.22796659
10,99559052033201,0.36669636,0.085048676,0.74908304
4,99559056817628,-0.44900897,-0.3009372,0.2231729
10,99559063550597,0.13592649,-0.11420965,0.80071497
4,99559066786274,-0.47164583,-0.3368899,0.24714136
10,99559071753774,-0.20957947,-0.17740822,0.8828416
4,99559077555961,-0.43888897,-0.4247742,0.26684874
10,99559082652576,-0.21453297,-0.24946451,0.48518038
4,99559085751222,-0.42051315,-0.4612595,0.26551718
10,99559091336899,0.46368957,-0.11375046,0.24216223
4,99559097005128,-0.36432046,-0.47803742,0.24554345
10,99559103286795,0.73826313,0.20149946,0.28787565
4,99559106508566,-0.23675503,-0.46179214,0.2394182
10,99559111357836,0.65264326,0.26788282,0.35834265
4,99559116138930,-0.2314287,-0.48016796,0.24847293
10,99559123049086,0.62645876,0.206635,0.4882331
4,99559126286951,-0.32011196,-0.51319116,0.2314287
10,99559131124607,0.626905,0.07797623,0.6035576
4,99559136016274,-0.34487936,-0.51478904,0.21518342
10,99559142672107,0.5777128,0.027250767,0.5840049
4,99559145904711,-0.3400857,-0.4777711,0.16911073
10,99559151091638,0.62369275,0.016913414,0.3993845
4,99559155918722,-0.32756883,-0.4527374,0.16112125
10,99559162436743,0.5488595,0.002626896,0.33277416
2,99559165699034,-34.0,2.0,17.0
10,99559170689451,0.41938388,-0.31677103,0.69128704
4,99559175539815,-0.22530343,-0.4146542,0.12650016
10,99559180789920,0.44422436,-0.42297316,0.7635727
4,99559184000024,-0.15100123,-0.43782368,0.07669904
10,99559190512055,0.5122348,-0.61776304,0.82980156
4,99559195404972,-0.09534117,-0.4250405,0.046871636
10,99559201991274,0.52573,-0.6295872,0.7200966
4,99559205243305,-0.076166406,-0.3640541,0.05539375
10,99559210354347,0.55933714,-0.5234256,0.6869011
4,99559215284347,-0.06950851,-0.28788772,0.07749799
10,99559221763253,0.5447527,-0.32208252,0.81006956
4,99559224980805,-0.07137272,-0.21491711,0.10359697
10,99559230157576,0.5630218,-0.29218578,0.743917
4,99559235055961,-0.079095885,-0.14221281,0.13102753
10,99559241545076,0.5315976,-0.46340895,0.60692215
4,99559244787940,-0.07243799,-0.07962852,0.1587244
10,99559249955545,0.4198749,-0.4344659,0.51586056
4,99559254851482,-0.032756884,-0.016511599,0.17496969
10,99559261315597,0.5093951,-0.2526946,0.2871194
4,99559264561795,-0.026631612,0.07243799,0.1685781
10,99559269726430,0.4572736,-0.15838766,0.21630669
4,99559274578149,-0.073236935,0.16724652,0.15153387
10,99559279698461,0.42676044,-0.029630661,0.38023043
4,99559282909607,-0.08841695,0.23808661,0.11451593
10,99559289353409,0.32986438,-0.0055036545,0.23315191
4,99559294262680,-0.07376956,0.27696875,0.06391586
10,99559300869972,0.12480068,-0.15084314,0.24474192
4,99559304162003,-0.033822145,0.27723506,0.04234426
10,99559309286743,0.08947158,-0.46804667,0.048683167
4,99559314114815,0.027164243,0.28495824,0.05912218
10,99559320638670,0.056697488,-0.60813284,-0.06153202
4,99559323932680,0.12117383,0.28549087,0.09347696
10,99559329082263,0.1204195,-0.5268984,0.22441578
4,99559334187159,0.23835292,0.28176245,0.11717909
10,99559340473513,0.31749678,-0.42893648,0.2975874
2,99559343727472,-33.0,9.0,18.0
10,99559348470805,0.3782333,-0.34686995,0.2305193
4,99559353355493,0.23036344,0.30519825,0.09161274
10,99559360192524,0.38586557,-0.154181,0.15690756
4,99559363432680,0.16271915,0.3422162,0.05006743
10,99559368406326,0.3762282,-0.0021486282,0.0379076
4,99559373279555,0.111852765,0.37816888,0.007989483
10,99559378548253,0.40606618,0.026812553,-0.20402384
4,99559381795024,0.063116916,0.38908786,-0.032756884
10,99559387075180,0.42043138,-0.07853222,-0.3213396
4,99559393888253,0.040213734,0.34993938,-0.07350325
10,99559401476013,0.2387445,-0.1481185,-0.3737173
4,99559404726065,0.063116916,0.27537087,-0.11611383
10,99559409249451,0.24360335,-0.1502614,-0.3764534
4,99559414102107,0.101999074,0.23861924,-0.14647387
10,99559420365440,0.33605403,-0.18340349,-0.30900335
4,99559423586117,0.16484967,0.24554345,-0.15259913
10,99559426498513,0.24507445,-0.28635406,0.05491495
4,99559433588461,0.21411815,0.24740767,-0.15899073
10,99559441116482,0.12922978,-0.2899208,0.21199703
4,99559444511013,0.2444782,0.26312032,-0.180296
10,99559448904451,0.1291076,-0.3071766,0.19553804
4,99559453760805,0.23648871,0.3336941,-0.21491711
10,99559460080024,0.666938,-0.1952486,0.1501112
4,99559463326274,0.22770028,0.43436158,-0.24208134
10,99559466287420,0.7770745,-0.11862755,0.07110262
4,99559473431899,0.21491711,0.505468,-0.25086978
10,99559479797628,0.80367976,-0.10864735,0.0879159
4,99559484100024,0.20932446,0.5270396,-0.2644519
10,99559487754034,0.66952384,-0.21850109,-0.08961964
4,99559492530336,0.20719394,0.51665324,-0.28788772
10,99559498796690,0.52215654,-0.3577261,-0.38259697
4,99559502042263,0.2050634,0.5041364,-0.29534456
10,99559504979034,0.41920584,-0.28590012,-0.557374
4,99559512508305,0.23782028,0.48336375,-0.28149614
10,99559520016847,0.24085706,0.011982441,-0.530674
2,99559523309659,-33.0,6.0,18.0
10,99559525300805,-0.07278335,0.09577942,-0.470819
4,99559532287107,0.34940675,0.30972564,-0.21571605
10,99559538368461,-0.6581434,-0.43449306,-0.33548498
4,99559541599920,0.34168357,0.13448964,-0.15073492
10,99559546799190,-1.2842851,-1.1407366,-0.15342379
4,99559551649347,0.36964676,0.08016115,-0.104928546
10,99559557751013,-1.3242393,-1.8744082,0.4133439
4,99559560994711,0.53982276,0.077231675,0.08016115
10,99559566428045,-0.91971457,-1.553258,1.1088672
4,99559571221742,0.66871977,0.11318435,0.109988555
10,99559576243826,-0.46350047,-1.2099195,1.0448508
4,99559579567628,0.87138635,0.18082865,0.083889574
10,99559585927992,-0.21951121,-1.0129938,0.7291126
4,99559590706222,0.78057253,0.21172132,0.011185277
10,99559597336794,0.19843304,0.17573166,0.35853052
4,99559600575284,0.5696502,0.25060347,-0.10173275
10,99559606027888,0.5009661,1.6633749,-0.38796997
4,99559610839659,0.2974751,0.31638354,-0.20719394
10,99559617088565,0.41110992,1.8225942,-0.59489155
4,99559620325492,-0.014913702,0.38269624,-0.24927188
10,99559625804919,0.11642271,1.6825151,-0.17335415
4,99559630552784,-0.17044231,0.4082626,-0.25566345
10,99559636896065,0.088778496,1.3104572,-0.04432392
4,99559640128930,-0.12250541,0.38962048,-0.2942793
10,99559645529138,-0.09717631,0.46270037,0.24780989
4,99559650333409,0.06524745,0.37230992,-0.34860778
10,99559656709867,-0.28373978,-0.1672287,0.41483784
4,99559659950232,0.2841593,0.3717773,-0.37230992
10,99559665316690,-0.45850864,-0.3466859,0.6591306
4,99559670127576,0.49667954,0.35606465,-0.39121836
10,99559675056482,-0.31344464,-0.14346743,0.5328469
4,99559678459972,0.6013418,0.34914044,-0.4245079
10,99559684768201,-0.12251842,0.21168947,0.09671593
4,99559689592055,0.5523396,0.36245623,-0.45140582
10,99559696230232,-0.112176776,0.36589384,0.0060682297
2,99559699489399,-31.0,-5.0,20.0
10,99559704903722,-0.2870742,0.31630325,0.12716055
4,99559709670857,0.4082626,0.29614353,-0.4293016
10,99559715990232,-0.41506636,0.12787294,0.33868122
4,99559719227367,0.43436158,0.25646242,-0.41252366
10,99559724475701,-0.49887246,0.026521683,0.6619377
4,99559729262836,0.5291701,0.24048345,-0.376571
10,99559735779347,-0.74995154,-0.009983063,0.8960099
4,99559739020544,0.60080916,0.26205507,-0.29880667
10,99559744426482,-0.71856564,0.1784358,0.9664178
4,99559749488357,0.6250439,0.32277513,-0.1898834
10,99559755632367,-0.7316805,0.40561676,1.1432648
4,99559758870232,0.6269081,0.37230992,-0.049534798
10,99559764205024,-0.65169454,0.10531187,1.2323751
4,99559768984555,0.6575345,0.40240365,0.120907515
10,99559773912524,-0.8897712,-0.92185545,1.1288567
4,99559777349555,0.70813453,0.43063316,0.34940675
10,99559784057628,-1.0706971,-1.4202328,1.3142796
4,99559788866169,0.8005462,0.46685216,0.5486112
10,99559795117836,-0.9362664,-1.0561986,1.0496507
4,99559798327159,0.89109373,0.47351006,0.6399576
10,99559803766169,-1.4171102,-0.16448212,1.0085001
4,99559808615544,0.80134517,0.30919302,0.5435512
10,99559814893305,-1.5207516,0.7642045,1.5759363
4,99559818127471,0.4250405,-0.010120012,0.103863284
10,99559823586794,-1.8012525,0.6094885,1.6279583
4,99559828377680,-0.18961707,-0.25672874,-0.25699505
10,99559834667784,-1.9256024,0.9191222,1.2793522
4,99559837907836,-0.43010053,-0.29214877,-0.30839407
10,99559843354659,-1.4430463,0.8608432,1.1526022
4,99559848140492,-0.4346279,-0.27776772,-0.29854035
10,99559854451690,-1.1552458,0.19735289,0.40093803
4,99559857701274,-0.39707732,-0.3387541,-0.3472762
10,99559863096742,-1.4307568,0.13382769,0.17101955
4,99559868043774,-0.21997711,-0.40187103,-0.3334278
10,99559872985180,-1.5175936,0.11168623,0.8204775
2,99559876261586,-23.0,-11.0,22.0
10,99559883095024,-1.5893698,0.47513342,0.7129011
4,99559887976221,0.12516858,-0.36432046,-0.2231729
10,99559894069294,-1.5965313,1.1133046,0.11522484
4,99559897285180,-0.0010652645,-0.35979307,-0.24101609
10,99559902656221,-1.8164606,1.1741371,-0.28383064
4,99559907429399,-0.19094865,-0.37923414,-0.25539714
10,99559913823878,-1.7543468,1.1984324,-0.54694176
4,99559917061482,-0.26631612,-0.40293628,-0.27377295
10,99559922286430,-1.553186,0.8914051,-0.7181015
4,99559927195857,-0.2908172,-0.43010053,-0.28309402
10,99559933575076,-1.7383134,0.5809808,-0.59660864
4,99559936784242,-0.27084348,-0.4841627,-0.27164245
10,99559942205128,-1.6737092,0.5430703,-0.570559
4,99559947023930,-0.20959078,-0.515588,-0.27670243
10,99559953347263,-1.4730179,0.5457659,-0.470551
4,99559956571117,-0.15446335,-0.5227785,-0.25885928
10,99559961981221,-1.4762001,0.6299429,-0.61533165
4,99559966818149,-0.14088123,-0.5320996,-0.21118867
10,99559971721638,-1.285644,0.81924963,-0.71136284
4,99559975125076,-0.15073492,-0.5411543,-0.19068234
10,99559981768721,-1.2391633,0.96105576,-0.81635
4,99559986607055,-0.18748654,-0.54461646,-0.16112125
10,99559992893878,-0.88956445,1.2092743,-0.9399786
4,99559996127524,-0.30626354,-0.53103435,-0.11611383
10,99560001544971,-0.75654095,1.33078,-0.78212166
4,99560006337471,-0.3549994,-0.5134575,-0.07829694
10,99560012718826,-0.7694416,0.9613104,-0.52702713
4,99560015950909,-0.51691955,-0.44900897,0.054062173
10,99560021315232,-0.5645524,0.6175008,-0.43420362
4,99560026107003,-0.5273059,-0.41864893,0.06364955
10,99560031811013,-0.6251373,0.43418074,-0.27546835
4,99560035114867,-0.45912898,-0.35127094,0.08868326
10,99560041085805,-0.6650718,0.40963984,-0.25846624
4,99560045967784,-0.34434673,-0.30493194,0.14221281
10,99560052232888,-0.33941787,0.45657825,-0.4003272
2,99560055485596,-16.0,-2.0,17.0
10,99560060897784,0.27456832,0.8897886,-0.7151623
4,99560065754763,-0.31345406,-0.2000034,0.16431704
10,99560070652211,0.2773285,0.99308443,-0.61199045
4,99560074020180,-0.39441416,-0.16058862,0.23355924
10,99560080335492,0.044738173,0.8655329,-0.72838783
4,99560085290909,-0.49295112,-0.15978967,0.2892193
10,99560091783982,-0.058461785,0.70615625,-0.56448984
4,99560095023669,-0.49801114,-0.15073492,0.2761698
10,99560100445648,0.022017002,0.6309624,-0.31552935
4,99560105337888,-0.43382895,-0.13688648,0.25193503
10,99560111559815,0.10096347,0.65958214,-0.4134283
4,99560114800596,-0.39601207,-0.122771725,0.24021713
10,99560120190753,0.26789653,0.96675205,-0.36814976
4,99560125044346,-0.40293628,-0.10918961,0.25086978
10,99560131340961,0.33233333,1.0837126,-0.2310543
4,99560134591013,-0.44528055,-0.09454222,0.28549087
10,99560139967836,0.10151756,0.8551016,-0.07990551
4,99560144888409,-0.5022722,-0.15419704,0.32517198
10,99560151106065,-0.20657331,0.58917904,-0.26556873
4,99560154415701,-0.52624065,-0.20053603,0.34168357
10,99560159743773,0.17268944,0.4663806,-0.36199474
4,99560164604034,-0.44741106,-0.1933455,0.34674358
10,99560169499711,0.3752699,0.28813648,-0.05748558
4,99560172906482,-0.3123888,-0.19867182,0.36645097
10,99560179238930,0.48705757,-0.058401108,0.29799652
4,99560184158148,-0.2479403,-0.22849922,0.39121836
10,99560190666482,0.50014985,-0.25437975,0.24680948
4,99560193978617,-0.25965822,-0.26391926,0.38402784
10,99560199300023,0.4881841,-0.2199421,0.2997408
4,99560204137367,-0.27217507,-0.2559298,0.3603257
10,99560210643826,0.6221076,-0.22791338,0.3630228
4,99560213935753,-0.294013,-0.20586236,0.37630466
10,99560219101378,0.60759676,-0.46846628,0.64742804
4,99560223992055,-0.30999196,-0.17124127,0.41039312
10,99560230211065,0.41157997,-0.7980933,0.83474827
2,99560233470180,-24.0,2.0,15.0
10,99560238936742,0.3560846,-0.853209,0.9597702
4,99560243911898,-0.2958772,-0.20879184,0.340352
10,99560250015700,0.37033403,-0.81560993,0.8650565
4,99560253225805,-0.2394182,-0.21491711,0.29028457
10,99560258630753,0.22979558,-0.99377584,0.94548416
4,99560263527888,-0.20985709,-0.23435818,0.27776772
10,99560268398461,0.0917418,-0.94285345,0.87030125
4,99560271793148,-0.18801917,-0.2905509,0.26178873
10,99560276944711,-0.04951608,-0.8111725,0.6835532
4,99560284019450,-0.170176,-0.40293628,0.24820662
10,99560291630492,-0.4275362,-0.9122305,0.48343468
4,99560294853825,-0.20186761,-0.5587312,0.27883297
10,99560299723565,-0.44885582,-0.88844633,0.5087414
4,99560304652523,-0.25193503,-0.6849651,0.31265512
10,99560310755753,-0.27669156,-0.8697586,0.46341515
4,99560314060700,-0.23808661,-0.7845673,0.3358246
10,99560319007003,-0.22931421,-0.6654172,1.2181659
4,99560323887940,-0.12250541,-0.87990844,0.3387541
10,99560329971378,-0.078466296,-0.44663572,1.5637317
4,99560333208617,0.035952676,-0.88976216,0.2828277
10,99560336124555,0.27589405,-0.13297892,1.4224787
4,99560343018565,0.10546118,-0.80773675,0.21518342
10,99560350576690,0.16643012,0.21440268,0.9663577
4,99560353839242,0.064182185,-0.7193198,0.18615496
10,99560358821794,0.15991652,0.4572668,0.6501503
4,99560363743200,-0.037284255,-0.6527408,0.15499598
10,99560368644450,0.3385954,0.3928089,0.41645193
4,99560371750336,-0.14620754,-0.60746706,0.10945592
10,99560374586378,0.3864795,0.26112795,0.1746378
4,99560382720961,-0.23542345,-0.58269966,0.080960095
10,99560390234034,0.20332408,0.16750813,-0.050145626
4,99560393517263,-0.28842035,-0.5384912,0.07376956
10,99560396352680,0.40683126,0.033432484,-0.1554904
4,99560402169086,-0.2862898,-0.46472162,0.054062173
10,99560408463825,0.3761276,-0.054032326,-0.068124294
2,99560411719503,-26.0,7.0,16.0
10,99560416487315,0.37659216,-0.042288303,-0.10963583
4,99560421253825,-0.1717739,-0.3006709,-0.010120012
10,99560428274138,0.5085944,0.04117012,-0.098642826
4,99560431514971,-0.11851067,-0.19520971,-0.043942157
10,99560436479034,0.35022438,0.045856953,-0.21731853
4,99560441303773,-0.09880328,-0.15180019,-0.049534798
10,99560447985753,0.22284913,-0.038454056,-0.30435133
4,99560451234607,-0.08735169,-0.049002163,-0.018908445
10,99560456177471,0.33549905,-0.04234743,-0.30018854
4,99560461985127,-0.090014845,-0.019973708,-0.007456851
10,99560468425596,0.26032376,0.04676771,-0.15127707
4,99560472845700,-0.07350325,0.059921127,0.021038974
10,99560474964190,0.032874584,0.05634451,-0.18000746
4,99560481580596,-0.07882957,0.076965354,0.03355583
10,99560487843669,-0.048864245,0.009221554,-0.18519783
4,99560491090492,-0.100933805,0.12756541,0.040213734
10,99560495914086,-0.07913077,-0.033635616,-0.019403934
4,99560500686430,-0.08522116,0.14514229,0.03195793
10,99560507292888,-0.08802545,-0.0035557747,-0.001429081
4,99560510539450,-0.035952676,0.1768339,0.010652645
10,99560515782992,-0.2862805,0.053928852,0.009952545
4,99560520688877,-0.028229509,0.18908444,-0.013848438
10,99560527046638,-0.28577542,0.10695791,0.050427437
10,99560534049555,-0.2704425,0.16885424,0.09067583
6223,3.0
4,99560539477055,-0.033822145,0.19228023,-0.06844324
10,99560546650440,-0.29471624,0.07770395,0.097899914
4,99560549828044,-0.039947417,0.19228023,-0.08681905
10,99560554862784,-0.33913243,0.068006516,0.11020851
4,99560560893305,-0.043942157,0.18535602,-0.104928546
10,99560565924763,-0.382303,0.03186035,0.19929409
4,99560568892263,-0.047404267,0.17736652,-0.1222391
10,99560574649450,-0.35074818,0.04571867,0.21912813
4,99560580044398,-0.047137953,0.16751283,-0.14966966
10,99560586152940,-0.15808284,0.09732151,0.18427563
2,99560589271430,-24.0,9.0,16.0
10,99560594469607,-0.01741016,0.31278324,0.07481623
4,99560599123096,-0.058056913,0.17337179,-0.23435818
10,99560605932055,0.095443845,0.51763105,0.0418334
4,99560609013721,-0.09667275,0.180296,-0.32330775
10,99560614194555,0.3867606,0.9422059,-0.19324398
4,99560619586377,-0.16777915,0.2066613,-0.5153217
10,99560625761794,0.96873856,1.7982187,-0.37855005
4,99560628837627,-0.2561961,0.23515713,-0.85301054
10,99560633975075,1.4335326,2.7508159,-0.46366453
4,99560639818617,-0.3054646,0.23249397,-1.3938985
10,99560645815284,1.8212783,3.2500036,-0.3602376
4,99560648908565,-0.30173615,0.16831179,-2.1342573
10,99560653750336,1.7229948,2.2750263,0.08651686
4,99560659796273,-0.32863408,0.038083203,-2.9984531
10,99560664827836,1.3693931,-0.5612111,0.63651323
4,99560667778200,-0.46525425,-0.12516858,-3.8394794
10,99560673527263,0.70923805,-4.288607,0.8423314
4,99560678934502,-0.57311225,-0.2692456,-4.438957
10,99560685113669,0.32119012,-7.344107,1.0913296
4,99560688191586,-0.35233623,-0.28788772,-4.5960836
10,99560693329346,-0.21571231,-9.005706,1.2516427
4,99560697969398,-0.03089267,-0.25246766,-4.252802
10,99560704892784,-0.8312409,-8.73779,0.5364537
4,99560707970909,0.18402444,-0.20852552,-3.5326831
10,99560713084867,-0.615942,-6.6026306,-0.4889202
4,99560718467471,0.18908444,-0.17150758,-2.7688887
10,99560724668096,0.038921595,-3.9406734,-1.5998144
4,99560727759034,-0.099069595,-0.05885586,-2.2421153
10,99560731676117,1.1219661,-1.0009317,-1.7931995
4,99560737285232,-0.55074173,-0.12463594,-2.1345236
10,99560743591065,1.2278647,1.1760902,-0.7368722
4,99560746828044,-1.1667309,-0.33129725,-2.1446438
10,99560752895336,0.91260386,1.101943,0.076340675
4,99560758620232,-1.8466359,-0.5067996,-2.141714
10,99560763748304,0.94127274,-0.20646429,1.241355
2,99560766853669,-23.0,-6.0,17.0
10,99560771685023,1.2168455,-2.0329962,2.2217398
4,99560778377836,-2.198706,-0.33768883,-2.1662152
10,99560784328252,1.1157465,-3.743002,2.517466
4,99560787545648,-2.0913804,-0.15419704,-2.1483722
10,99560792473513,1.1059203,-4.5592246,2.5034137
4,99560797260961,-1.9433087,-0.043675844,-2.145709
10,99560804005075,1.288857,-4.325113,2.4555397
4,99560807244919,-1.8588865,0.12969595,-2.0972395
10,99560812431898,0.57803774,-3.5523634,1.4492431
4,99560817221534,-1.9062908,0.37230992,-1.9963056
10,99560823817940,0.9468441,-2.7037206,1.6692057
4,99560827055544,-1.7992316,0.3933489,-2.1571605
10,99560832187107,1.4766703,-2.5601358,1.1205173
4,99560837020284,-1.8889802,0.24740767,-2.5108283
10,99560843590388,1.6070223,-2.10887,0.171628
4,99560846859971,-2.1222732,0.18722023,-2.7425234
10,99560851741377,1.6803293,-1.5613027,0.21729374
4,99560857532784,-2.3955135,0.29241508,-2.885535
10,99560862715544,1.7442102,-1.5964289,0.42666292
4,99560865848773,-2.6338663,0.42051315,-3.0812774
10,99560871755284,1.2596059,-1.8261437,1.1229115
4,99560876546742,-2.7731497,0.48176584,-3.269563
10,99560883094138,0.3115673,-1.572238,1.523921
4,99560886333773,-2.7491813,0.52357745,-3.353985
10,99560891499086,-0.30937195,-1.0643158,1.8723717
4,99560896304398,-2.6743464,0.56618804,-3.3558493
10,99560902873877,-0.68403006,-1.0628309,1.6826968
4,99560906143565,-2.4812672,0.7318367,-3.2732913
10,99560911310961,-0.91804504,-1.1051197,1.3803082
4,99560916124502,-2.4397218,0.773382,-3.2439966
10,99560922648148,-1.0308552,-0.7371979,1.3877201
4,99560925889867,-2.2682142,0.82557994,-3.2072449
10,99560931042263,-1.2917862,-0.3485427,1.2191
4,99560936008356,-2.2264028,0.8229168,-3.2157671
10,99560942427471,-1.5183048,-0.21967888,1.0411687
2,99560945704763,-7.0,6.0,2.0
10,99560950612263,-2.022892,0.56841993,0.6445327
4,99560956462315,-2.2660837,0.8940232,-3.230947
10,99560961596846,-2.2906036,0.7540865,0.7272763
4,99560964698044,-2.2575617,0.9438243,-3.1057785
10,99560969483356,-2.6357155,1.156786,0.20231223
4,99560975993877,-2.235191,0.9347696,-2.9976542
10,99560982253773,-2.9153275,1.4543934,-0.7979431
4,99560985470804,-2.2104237,0.8745821,-2.9209552
10,99560990357575,-2.635738,1.9924965,-1.1796658
4,99560995284606,-2.2077606,0.82611257,-2.8469193
10,99561001753044,-2.5986838,2.0471895,-1.3232925
4,99561005027106,-2.3281355,0.7534083,-2.7105653
10,99561010160752,-4.6004505,1.6181688,-1.8829682
4,99561015000596,-2.5092304,0.5297027,-2.3539681
10,99561021536013,-3.658484,2.1263595,-0.08366084
4,99561024751325,-2.5766084,0.46019423,-2.0477047
10,99561029894242,-3.08421,2.0544329,-0.105508804
4,99561034896898,-2.6527748,0.46179214,-1.8317223
10,99561041393409,-2.8983421,2.0109339,0.3897071
4,99561044681481,-2.5260084,0.5182512,-1.663943
10,99561049571846,-2.4863715,1.7228603,0.37197423
4,99561054467731,-2.4013724,0.70147663,-1.520665
10,99561059717159,-2.6514897,1.695806,0.23657942
4,99561062882106,-2.1696775,0.92012215,-1.3225259
10,99561069332159,-2.9815192,1.8620076,0.100866795
4,99561074194190,-1.9867182,1.067395,-1.1049455
10,99561080893044,-3.0721092,1.9300854,0.1419611
4,99561084205336,-1.9086876,1.107875,-0.88656634
10,99561089086013,-2.6751175,2.0010655,0.5804398
.4,99561093286065,-1.8772622,1.0823087,-0.742223
10,99561099275856,-2.4487538,1.6948237,0.5242555
4,99561102988877,-1.8785939,1.0511497,-0.6013418
10,99561107519294,-2.6530042,1.0724962,0.4469185
4,99561113075336,-1.8538265,1.0351708,-0.44208476
10,99561119038617,-2.724473,0.7473545,0.45987964
2,99561122248929,-14.0,11.0,3.0
10,99561127268096,-2.5957255,0.67604756,0.3916707
4,99561132851638,-1.546764,0.88976216,-0.30280143
10,99561140051481,-2.1753368,0.56817985,0.43874907
4,99561143226169,-1.4394386,0.74275565,-0.41731736
10,99561148185127,-1.960814,0.39896727,0.68994236
4,99561154250231,-1.500425,0.5635249,-0.54248595
10,99561159271429,-2.1921864,0.13169098,0.47919416
4,99561162221481,-1.6884441,0.34194988,-0.5952165
10,99561166679138,-2.328642,0.2729578,0.38820338
4,99561173564658,-1.71188,0.14354439,-0.5933523
10,99561180766742,-2.0542893,-0.0013408661,0.51909137
4,99561183893513,-1.8386464,-0.0039947415,-0.5289038
10,99561186567263,-1.8651476,-0.47778702,0.073770046
4,99561193342367,-1.8421086,-0.12516858,-0.3930826
10,99561200587575,-2.5567174,-0.98229694,0.27592945
4,99561203666429,-1.5941683,-0.2775014,-0.27031085
10,99561206471169,-0.9047184,-1.602395,0.44831204
4,99561213116690,-1.4530207,-0.39894155,-0.30280143
10,99561220355388,-1.2505727,-1.6098084,0.6550231
4,99561223430544,-1.2229236,-0.5699165,-0.4045342
10,99561226161742,-0.96805716,-1.4685502,0.10196257
4,99561232896950,-1.154214,-0.7254451,-0.46951532
10,99561240146898,-1.177105,-0.9594908,0.2708447
4,99561243226221,-1.0383666,-0.8793758,-0.4663195
10,99561245979033,-1.0789428,-0.31305647,0.08649111
4,99561253059450,-0.94089484,-0.96939063,-0.45353633
10,99561259331794,-0.95857906,0.085112095,0.01886034
4,99561263610648,-1.009338,-0.97897804,-0.49401638
10,99561265595700,-0.60902596,0.8297088,0.24152088
4,99561265595700,-1.0793792,-0.9779128,-0.5289038
4,99561272448565,-1.160872,-0.97232014,-0.5542038
10,99561280039919,-0.7732024,1.5424485,0.07735348
4,99561283145596,-1.3488911,-0.96299905,-0.57098174
10,99561285836638,-0.593637,1.7698977,-0.051933527
4,99561292229711,-1.5305187,-0.95953697,-0.5901565
10,99561297629815,-0.21376038,1.6825414,0.13603854
2,99561300731013,-15.0,10.0,5.0
10,99561305571898,0.2045393,1.5167246,0.1634891
4,99561312322575,-1.7891116,-0.6945524,-0.35926044
10,99561319974971,0.7776489,1.0213442,0.16504216
4,99561323212783,-1.7907095,-0.4213121,-0.3009372
10,99561326161742,0.7776489,1.0213442,0.16504216
4,99561330907367,-1.7840517,-0.27883297,-0.32117724
10,99561337760648,1.4037428,-0.4659958,-0.28548217
4,99561341005335,-1.7158747,0.18642128,-0.3400857
10,99561346404606,0.67648506,-1.1699076,0.092862844
4,99561351234242,-1.6437031,0.29214877,-0.3174488
10,99561356185856,0.07075024,-1.0422163,0.36001742
4,99561359544502,-1.4090786,0.36245623,-0.32597092
10,99561365866325,-0.27161407,-0.80337524,0.38370562
4,99561370669971,-1.1936288,0.2545982,-0.40559945
10,99561377337783,-1.1231389,-0.34246063,0.6834043
4,99561380545804,-1.1254519,0.07403588,-0.43702474
10,99561385978304,-1.1653485,-0.08288288,0.86844885
4,99561390805492,-1.1622036,-0.10759171,-0.42344263
10,99561397074971,-1.1872973,-0.028095245,0.7670344
4,99561400287419,-1.1880362,-0.21385184,-0.3901531
10,99561405768565,-0.89332104,-0.50392485,1.0758474
4,99561410548096,-1.0988203,-0.25752768,-0.30040458
10,99561416881065,-0.73618174,-0.77881956,1.2846885
4,99561420109606,-0.92491585,-0.29028457,-0.21758026
10,99561425501481,-0.44063187,-0.9738903,1.5546424
4,99561430337523,-0.66525763,-0.33502567,-0.25539714
10,99561436690700,-0.54082775,-0.9980202,1.4331669
4,99561439907888,-0.4181163,-0.41092578,-0.3270362
10,99561445288356,-0.9404602,-1.3982015,0.5093825
4,99561450118617,-0.27377295,-0.42211103,-0.31265512
10,99561455016429,-0.76817846,-1.4836679,1.1040425
4,99561458435648,-0.08282431,-0.32384038,-0.23808661
10,99561464770179,-0.49610615,-0.8671031,1.3631306
4,99561469552054,0.02130529,-0.23196134,-0.20799288
10,99561476219658,-0.69765615,0.12048674,1.9678725
2,99561479465440,-15.0,7.0,8.0
10,99561484880023,-1.2363186,1.3460746,2.3774548
4,99561489684815,0.00958738,-0.37071204,-0.17816548
10,99561495981013,-2.5008893,2.0165944,2.6199589
4,99561499217054,-0.01571265,-0.7669904,-0.17603496
10,99561504673825,-3.1427054,2.4153285,1.9584211
4,99561509473460,-0.10839066,-1.4327807,-0.19414444
10,99561515721013,-4.149497,2.0449874,-0.23589194
4,99561518924242,-0.3043993,-2.2599585,-0.18508969
10,99561524453773,-4.4020195,1.3613739,-2.2161422
4,99561529242731,-0.5161206,-3.0490532,-0.19361182
10,99561535541898,-3.2932177,0.18842888,-2.7823825
4,99561538754763,-0.5616607,-3.4732947,-0.19600865
10,99561544456013,-0.911973,-1.6625094,-2.1516695
4,99561549244867,-0.46924898,-3.2735577,-0.22050974
10,99561554117992,1.7160072,-2.378663,-1.6042978
4,99561557308617,-0.19867182,-2.6535738,-0.37390783
10,99561564008252,2.6323242,-2.0231767,-1.2786481
4,99561568862835,0.11265171,-1.8064222,-0.40533313
10,99561575075283,2.9198608,-2.3898883,0.020724237
4,99561578281065,0.17204021,-0.86179894,-0.26391926
10,99561583786690,2.4237604,-1.5379896,2.5405893
4,99561588587419,0.38589206,-0.100933805,-0.09933591
10,99561594892419,-1.1861477,-0.6315398,3.3333151
4,99561598123460,0.54408383,0.20106867,0.2479403
10,99561603586117,-4.4421883,-0.31987715,4.2827644
4,99561608379085,0.71133035,-0.12836437,0.60773337
10,99561614669137,-6.065015,0.4920187,5.7325945
4,99561617902940,1.1478225,-0.76965356,0.829841
10,99561623332992,-6.562607,1.2583315,5.7724905
4,99561628133304,1.8149443,-1.5973641,0.850081
10,99561634445752,-6.555191,1.0465403,5.7678576
4,99561637664450,2.6101642,-2.4924526,0.87990844
10,99561643110231,-6.201906,0.018202782,5.5688396
4,99561647962731,3.3952641,-3.2517197,1.0282465
10,99561652860752,-5.241742,-0.7191782,3.9056265
2,99561656238148,-11.0,5.0,10.0
10,99561663014085,-3.5258875,-0.65809774,2.2787175
4,99561667831950,4.960138,-3.654656,1.1147993
10,99561673937367,-2.1588802,-0.028046131,1.192451
4,99561677210700,5.6988983,-3.3739588,1.2138689
10,99561682674242,-1.7903605,-0.30828857,0.39146718
4,99561687458096,6.246711,-2.9995184,1.5803198
10,99561693741585,-1.9522223,-1.0882444,0.38825083
4,99561697002002,6.845922,-2.6181538,2.0434434
10,99561702994919,-2.1875286,-1.4002261,-0.0017520785
4,99561707890440,7.5077176,-2.329467,2.4335966
10,99561713949971,-2.55863,-1.6722736,-0.8190409
4,99561717213981,8.041415,-2.1513016,2.7814054
10,99561722596950,-2.7870502,-1.964973,-1.608251
4,99561727436898,8.398545,-2.0764668,3.123888
10,99561733497210,-2.521369,-2.3715305,-2.5106661
4,99561736755179,8.681639,-2.0096214,3.4384074
10,99561742404606,-1.7487702,-3.6514454,-2.9348035
4,99561747268408,8.72638,-1.8437065,3.753193
10,99561752337054,-0.39410067,-5.0985274,-2.849976
4,99561755562210,8.72638,-1.7150757,3.8786278
10,99561761060700,1.1389723,-5.92913,-3.561072
4,99561765876065,8.72638,-1.2269183,3.9241679
4,99561773038460,8.72638,-1.2269183,3.9241679
4,99561776281169,8.322911,-0.88869685,3.789412
10,99561782935648,2.5613198,-3.1222034,-5.827852
4,99561787837314,7.4097133,-0.6114618,3.6732981
10,99561794146898,2.7409492,-0.35875702,-6.3130336
4,99561797422158,6.2863917,-0.33742252,3.594735
10,99561802569242,3.1591096,1.5033417,-5.5006037
4,99561807358617,5.234976,0.066046394,3.5201664
10,99561813732731,3.5658975,0.652163,-4.192705
4,99561817001742,4.405934,0.6487461,3.4538536
10,99561822158044,3.63617,-1.9209571,-2.29433
4,99561826979971,3.9742353,1.186971,3.3502567
10,99561833066846,3.241354,-4.271299,-1.1760175
2,99561836326742,-10.0,4.0,11.0
10,99561841596377,2.1418962,-4.51134,-0.8449762
4,99561846423929,3.290602,1.4242586,2.9281456
10,99561851385231,0.580122,-2.6915412,-0.5313144
4,99561854534294,2.5659559,1.190433,2.5901904
10,99561861040075,-0.05870247,-1.63692,-0.5148072
4,99561865877939,1.7435716,0.8085357,2.4839303
10,99561871963721,-0.80900264,-0.43746614,-0.20953894
4,99561875209554,1.0881677,0.45034054,2.57794
10,99561880836846,0.35786128,-1.3368659,0.52203846
4,99561885692262,0.77924097,0.2580603,2.5579662
10,99561891808512,1.2000113,-1.904427,0.2592597
4,99561895026637,0.79255676,0.21624869,2.2714102
10,99561900613408,2.4276597,-2.185976,0.33844995
4,99561905542992,1.1006845,0.3006709,1.8338528
10,99561911646064,2.6376157,-1.4882488,0.30079508
4,99561914880179,1.4892397,0.44900897,1.4293185
10,99561920367783,1.9381435,-1.0526524,-0.3312335
4,99561925249450,1.6298546,0.5659217,1.175253
10,99561931339502,1.037457,-1.0066471,-0.91504574
4,99561934557939,1.5539545,0.6359629,1.0508834
10,99561940125804,0.61487675,-0.93365574,-0.92932606
4,99561944984033,1.3970944,0.65700185,0.9350359
10,99561949924658,0.5105374,-0.95965195,-0.34086466
4,99561953018460,1.257012,0.69721556,0.81013364
10,99561958757262,0.52143407,-1.9197593,0.37078428
4,99561964574398,1.005876,0.82877576,0.6878945
10,99561970709137,0.46495175,-2.7021427,0.85966253
4,99561974009502,0.808802,0.9353022,0.5289038
10,99561979668304,0.07342529,-2.4514108,1.144383
4,99561984523617,0.7368967,0.87351686,0.30919302
10,99561990616741,-0.55384564,-2.1297307,0.5688124
4,99561993905075,0.57098174,0.6564692,0.14460965
10,99561999480231,-0.98061967,-1.6218739,0.1957035
4,99562004452627,0.47564057,0.38109836,0.10466223
10,99562010489502,-0.6938751,-0.794497,0.16704893
2,99562013740804,-20.0,12.0,15.0
10,99562018909554,0.10534668,0.07562494,-0.18983221
4,99562023796533,0.43542686,0.034088463,-0.013582122
10,99562029977002,0.8672199,0.96174717,-0.43599844
4,99562033190127,0.32170987,0.09880328,-0.08841695
10,99562038654866,1.045599,1.1959982,-0.7189379
4,99562043607835,0.08042747,0.26871297,-0.07243799
4,99562048530335,-0.07403588,0.4362258,0.016777916
4,99562070465960,-0.02396845,0.5161206,0.057257965
10,99562081909450,0.9051151,1.0543284,-0.6456809
4,99562105534085,0.5773733,0.3406183,-0.026631612
4,99562117147991,0.5334312,0.29880667,-0.03542004
4,99562111679554,0.5334312,0.29880667,-0.03542004
4,99562129521064,0.48149952,0.25033715,-0.04926848
4,99562132749450,0.4460795,0.22610238,-0.070041135
10,99562139465387,-0.36890686,0.2890854,-0.26678658
4,99562144403877,0.3400857,0.17283916,-0.13475595
10,99562147669710,-0.29956853,0.37883615,-0.3900571
4,99562151137887,0.21704763,0.1470065,-0.19361182
10,99562158733981,-0.28224492,0.36098862,-0.35855818
4,99562163579033,0.0958738,0.15499598,-0.2016013
10,99562167257314,-0.23672485,0.18014002,-0.076480865
4,99562170488773,0.051665325,0.17710021,-0.19014971
10,99562178516169,-0.18181229,-0.14159203,0.32577276
4,99562183360179,0.010386328,0.2862898,-0.16085494
10,99562185476012,-0.3254534,-0.53664017,0.4311142
2,99562192052939,-24.0,4.0,18.0
10,99562198414762,-0.5350317,-0.57779694,0.46510553
4,99562203432158,0.16644756,0.2862898,-0.15606125
10,99562205539033,-0.6284218,-0.33119345,0.49144554
4,99562211596846,0.24394555,0.2545982,-0.1555286
10,99562217899866,-0.5950769,-0.19680929,0.5051069
4,99562222659554,0.45327002,0.21012342,-0.1272991
10,99562227284189,-0.4814813,0.07309294,0.1889162
4,99562230510439,0.4926848,0.20399815,-0.11584751
10,99562237641741,-0.5359305,0.4551158,-1.1873245E-4
4,99562242415700,0.53929013,0.1984055,-0.032490566
10,99562247012002,-0.62642956,0.7795296,0.27510023
4,99562250252731,0.54674697,0.19947077,0.02263687
10,99562257409658,-0.5291723,0.8908782,0.7311621
4,99562262195752,0.58243334,0.35260254,0.24527714
10,99562266808043,-0.23259723,0.55757904,1.5088005
4,99562270054346,0.59095544,0.4958806,0.3438141
10,99562277194137,-0.2423209,-0.40619183,2.1308155
4,99562282021533,0.61865234,0.9358348,0.67005134
10,99562286608877,-0.741384,-0.9286804,2.8771906
4,99562291414971,0.6894924,1.0266486,0.78989357
10,99562296292054,-0.9869618,-0.9803152,2.6884227
4,99562300109918,0.9060074,1.0130665,0.9582054
10,99562305827418,-0.14144468,1.3927789,1.5506191
4,99562309061273,1.1387677,0.90307796,0.52411014
10,99562316760283,-0.19966817,1.3596153,1.4851556
4,99562321592054,-0.14966966,0.4314321,-0.39840892
10,99562326212939,-3.3019733,0.07312584,1.7470226
4,99562329456950,-0.5137238,0.19441076,-0.4114584
10,99562336533564,-3.8563523,0.19331694,2.2945223
4,99562341337366,-0.49881008,-0.2050634,-0.16937704
10,99562345597418,-2.5813046,-2.3648863,1.7681823
4,99562349613929,-0.44741106,-0.64768076,-0.17949706
10,99562356289293,-1.8032515,-2.507451,1.4004507
4,99562361089189,-0.23276028,-1.0135992,-0.4463458
10,99562366242262,-0.27735627,-0.13906622,-0.7654023
2,99562369480179,-26.0,4.0,20.0
10,99562376079346,0.08172655,0.74731255,-1.5673876
4,99562380850648,0.060720075,-0.77924097,-0.45220476
10,99562386081116,0.7035326,1.9857054,-2.1337771
4,99562390876064,-0.3368899,-0.5704491,-0.4282363
10,99562395903825,0.414384,1.9747739,-2.1512966
4,99562399727210,-0.5161206,-0.3635215,-0.29188246
10,99562404782887,0.013028622,1.2959957,-1.2556987
4,99562408033877,-0.47723848,-0.23648871,-0.15952335
10,99562415685335,-0.2796706,0.38259268,-0.6707034
4,99562420504085,-0.3390204,-0.23595607,-0.18482338
10,99562425550648,-0.5159292,0.046973705,-0.07561493
4,99562428787210,-0.1603223,-0.25033715,-0.23782028
10,99562435406116,-0.5972283,-0.22386646,0.40251493
4,99562440239450,-0.045540057,-0.23835292,-0.24501082
10,99562445326533,-0.58849597,-0.2887931,0.37448597
4,99562448548929,0.03888215,-0.20399815,-0.216515
10,99562455197158,-0.48665392,-0.0773983,0.15366459
4,99562459974606,0.11611383,-0.165116,-0.15899073
10,99562465042523,-0.21186388,0.17402315,-0.08719206
4,99562468281689,0.13156016,-0.10679276,-0.11584751
10,99562474994450,0.09750652,0.52362967,-0.35982466
4,99562479783460,0.108124346,-0.04527374,-0.08442221
10,99562484780648,0.2530663,0.73639345,-0.71083164
4,99562489580804,0.09347696,0.019441076,-0.034088463
10,99562494567939,0.36674953,0.98442364,-0.8705001
4,99562498367262,0.11345066,0.09454222,-0.0018642128
10,99562503261064,0.5055945,1.1432242,-1.0253286
4,99562506654866,0.06897587,0.14487597,-0.0061252704
10,99562514554918,0.4698894,1.3115087,-0.7842927
4,99562519318929,-0.022903185,0.16804546,5.326322E-4
10,99562524386481,0.17820191,1.124474,-0.54879904
4,99562527621012,-0.13981596,0.1882855,0.07882957
10,99562534373043,-0.031285286,0.71833944,-0.28460598
4,99562539192158,-0.18402444,0.19893813,0.1669802
10,99562544237939,0.015607595,0.3246789,-0.034855366
2,99562547499241,-22.0,1.0,20.0
10,99562554106325,0.0754869,0.09888697,0.16635561
4,99562558899710,-0.11797804,0.20293288,0.21252026
10,99562563964345,-0.030148983,0.014147282,0.34560728
4,99562567199710,-0.09081379,0.22397186,0.26045716
10,99562573899293,-0.2214216,-0.15492725,0.32905102
4,99562578725127,-0.07643273,0.24208134,0.31931302
10,99562583783929,-0.35083222,-0.28684902,0.26160288
4,99562588621064,-0.053263225,0.2197108,0.3270362
10,99562593529398,-0.40724277,-0.44275856,0.14852953
4,99562597327679,-0.07137272,0.15579493,0.28815404
10,99562602872575,-0.3978337,-0.3140812,0.041810036
4,99562606089606,-0.08548747,0.09241169,0.22929817
10,99562613425856,-0.122039795,-0.0695858,0.039869785
4,99562618183356,-0.11158645,0.09427591,0.15233281
10,99562623247262,0.09357667,0.092167854,0.15848732
4,99562626485075,-0.11957593,0.11851067,0.114782244
10,99562633197835,-0.038587093,-0.046707153,0.086735725
4,99562637979710,-0.14061491,0.14940333,0.103863284
10,99562643203720,-0.054115415,-0.226933,0.095198154
4,99562646419241,-0.19547603,0.15339808,0.056459017
10,99562652980856,-0.08977747,-0.31115675,0.19498205
4,99562657810700,-0.2711098,0.14940333,0.008255799
10,99562662447054,-0.22385037,-0.26030922,0.3130393
4,99562665668512,-0.33289513,0.16724652,0.007456851
10,99562672749397,-0.39674067,-0.3204646,0.60434484
4,99562677564450,-0.3336941,0.18588865,0.040213734
10,99562682231064,-0.54316103,-0.5146842,0.64541674
4,99562687038772,-0.32144356,0.18002969,0.048203215
10,99562691939085,-0.6628125,-0.596858,0.54965544
4,99562695738512,-0.27856666,0.025033714,-0.007190535
10,99562701253929,-0.7204858,-0.49163628,0.20351028
4,99562704547106,-0.26977822,-0.047404267,-0.024767399
10,99562712351116,-0.672945,-0.4192195,-0.0015649796
4,99562717125231,-0.25193503,-0.14247912,-0.05219796
10,99562721755647,0.056062818,-0.080010414,0.08705187
2,99562725010335,-29.0,-7.0,22.0
10,99562732116845,0.28135216,-0.034297466,0.28971195
4,99562736950283,-0.23036344,0.08229168,-0.128897
10,99562741576168,0.054726005,-0.38968897,0.8118105
4,99562744815439,-0.23222765,0.133957,-0.12197278
10,99562752198981,-0.2216109,-0.4247365,0.9735036
4,99562757037522,-0.14141385,0.13182648,-0.082025364
10,99562760735387,-0.7619431,-0.46564293,1.1403599
4,99562764063929,-0.08868326,0.08229168,-0.07456851
10,99562771632575,-0.75610876,-0.4543457,1.095665
4,99562776430491,0.028229509,-0.031158986,-0.09081379
10,99562781043564,-0.32698977,0.25603104,1.1095319
4,99562786079293,0.15259913,-0.10892329,-0.12916331
10,99562791023668,-0.24190485,0.5556555,1.019402
4,99562794884814,0.21837921,-0.13209279,-0.12942964
10,99562799870960,-0.13655484,1.055037,0.8040352
4,99562803320283,0.20799288,-0.12463594,-0.079095885
10,99562810717366,-0.10269511,1.219142,0.72618675
4,99562815801950,0.1685781,-0.08442221,-0.01438107
10,99562820406950,-0.08720648,0.9552851,0.8310528
4,99562823645283,0.12756541,-0.042077947,0.030626353
10,99562830970752,-0.22493029,0.5756526,1.0024643
4,99562835789762,0.1470065,-0.0396811,0.064182185
10,99562840376585,-0.40313494,0.31570625,1.0295591
4,99562843586481,0.19014971,-0.076965354,0.09427591
10,99562850745022,-0.4511919,0.3283906,0.8582487
4,99562855559554,0.26418558,-0.11424961,0.11744541
10,99562860083981,-0.32016408,0.39479446,0.6004615
4,99562863322262,0.3225088,-0.10705908,0.14940333
10,99562870518408,-0.041187167,0.22190666,0.39524794
4,99562875416064,0.3752394,-0.024501082,0.17869811
10,99562880020699,0.16487694,-0.057127,0.5226135
4,99562884884189,0.46339005,0.09667275,0.20612867
10,99562889839189,0.0942415,-0.36060667,0.8191824
4,99562893657002,0.57763964,0.22690132,0.24421188
10,99562898569866,-0.19040453,-0.8319588,0.8274884
2,99562903465647,-27.0,-12.0,23.0
10,99562910085127,-0.35951793,-1.2191696,1.0560222
4,99562915011585,0.8090684,0.49747851,0.45034054
10,99562919588668,-0.30159426,-1.1205773,1.4959621
4,99562922805804,0.9619338,0.5605954,0.5605954
10,99562929868616,-0.50431526,-0.7734213,1.5341663
4,99562934709293,1.1185277,0.6103965,0.6085323
10,99562938369658,-0.09813678,0.42460585,0.550436
4,99562941745960,1.0977551,0.57391125,0.17816548
10,99562949685283,-1.0246987,1.0264068,0.7778425
4,99562954595335,0.2511361,0.25246766,-0.25965822
10,99562958298877,-2.9588318,1.1200085,1.0427356
4,99562961535960,-0.34434673,-0.20399815,-0.21944448
10,99562969457106,-3.4818804,0.74154806,1.6450505
4,99562974320439,-0.38456047,-0.5387575,-0.019707393
10,99562979608460,-2.1836267,-0.916903,1.6161766
4,99562984442158,-0.12783173,-0.778442,-0.09986854
10,99562989429293,-0.7416206,-1.4067302,0.9062462
4,99562993250960,0.30360037,-0.8029431,-0.26684874
10,99562996514658,-0.2508248,-0.40834427,-0.17832232
4,99563002286168,0.53263223,-0.700944,-0.32836777
10,99563010771897,-0.38453782,0.96353245,-1.3160043
4,99563014309970,0.3190467,-0.6327671,-0.36458677
10,99563019418564,-0.45530593,0.94334507,-1.3164353
4,99563022647470,-0.17283916,-0.5589975,-0.3270362
10,99563028721324,-0.52464473,1.6933293,-1.8479791
4,99563033678512,-0.46658584,-0.40559945,-0.19680761
10,99563038803512,-0.26859856,1.2252808,-1.2396207
4,99563042042002,-0.5161206,-0.29214877,-0.19254655
10,99563048572262,-0.5097221,0.32964516,-0.9301505
4,99563053390856,-0.51505536,-0.23009712,-0.27563718
10,99563055468304,-0.9430695,-0.4101615,-0.5327115
4,99563061848356,-0.50786483,-0.22423817,-0.30333406
10,99563070172627,-1.4724572,-0.36366606,0.05502796
4,99563073591324,-0.28788772,-0.29827404,-0.22796659
10,99563076427835,-1.4724636,-0.36365795,0.055031776
2,99563081196793,-20.0,-4.0,24.0
10,99563087304085,-1.2544272,0.31339598,-0.13480711
4,99563092340699,-0.12596752,-0.4111921,-0.18588865
10,99563096043512,-0.98715436,0.7203536,-0.32837534
4,99563100873095,-0.15765914,-0.42797,-0.18748654
10,99563108438668,-0.8844358,0.89879847,-0.42270947
4,99563113298356,-0.33662358,-0.39947417,-0.092145376
10,99563116994658,-0.5862236,1.5375652,-0.21945715
4,99563120221324,-0.39228365,-0.36884782,-0.03435478
10,99563128255283,-0.7319807,1.1377873,-0.80711174
4,99563133105283,-0.53955644,-0.16911073,0.08628642
10,99563136718512,-0.9140885,0.4653659,-0.45256186
4,99563139957158,-0.5403554,-0.14727281,0.09534117
10,99563148008356,-1.1235847,0.3114643,-0.1565876
4,99563153013564,-0.3552657,-0.29854035,0.06551377
10,99563156639658,-1.4213543,-0.12730598,0.022927284
4,99563159859658,-0.2977414,-0.37470677,0.04314321
10,99563167819189,-1.2724568,-0.13766336,0.020600796
4,99563172600804,-0.20213392,-0.5336975,-0.023702133
10,99563176252679,-0.4898225,0.2515068,0.12963533
4,99563181016429,-0.20053603,-0.5201154,-0.020506341
10,99563186654345,-0.34342134,0.19356203,0.15400982
4,99563190486845,-0.29188246,-0.38269624,0.05566007
10,99563195389033,-0.1798966,-0.18242788,-0.0927124
4,99563200144606,-0.39468047,-0.20985709,0.14114754
10,99563207397991,-0.2686329,-0.08113289,-0.14605522
4,99563212218668,-0.34168357,-0.1107875,0.11851067
10,99563215884554,-0.5919255,0.03827715,-0.4027505
4,99563219118147,-0.3257046,-0.13289174,0.0793622
10,99563227125960,-0.6462816,0.0123410225,-0.38960743
4,99563231960647,-0.31771514,-0.2625877,-0.037284255
10,99563235632158,-0.4245335,-0.09561491,-0.12174797
4,99563238879918,-0.31185618,-0.294013,-0.06258429
10,99563246945074,-0.34789312,-0.12555075,0.048493862
4,99563251787991,-0.33129725,-0.2905509,-0.06870956
10,99563255443408,-0.19913745,-0.19755268,0.17844725
2,99563258705231,-23.0,-4.0,20.0
10,99563266690283,-0.1890862,-0.1022954,0.19495201
4,99563271457887,-0.43063316,-0.2479403,-0.05832323
10,99563275125387,6.864071E-4,1.2040257,-0.21727419
4,99563279887574,-0.42743737,-0.27723506,-0.14274544
10,99563285439554,-0.02299881,1.5540028,-0.35704803
4,99563290617626,-0.4426174,-0.31771514,-0.22956449
10,99563294361637,-0.027262926,1.5857973,-0.51208735
4,99563297744137,-0.58696073,-0.32756883,-0.25832662
10,99563305930022,0.13617301,1.1153431,-0.31947756
4,99563310675751,-0.68682927,-0.2892193,-0.21784659
10,99563314445022,0.2961831,0.34363842,0.059957027
4,99563317667314,-0.67218184,-0.24314661,-0.13688648
10,99563325929345,0.32878923,-0.40710306,-0.14998913
4,99563330697470,-0.5749765,-0.21624869,-0.046339005
10,99563334366741,0.443568,-0.9905677,-0.35521555
4,99563337617001,-0.47537425,-0.23489082,-0.024501082
10,99563345410491,0.9131968,-0.222332,-0.10341692
4,99563350205908,-0.2197108,-0.29827404,-0.14088123
10,99563353893251,0.9952626,0.9714861,2.6082993E-4
4,99563357140803,-0.07163903,-0.37390783,-0.2825614
10,99563365194397,0.6383531,1.2413263,-0.21256065
4,99563370024814,-0.22903186,-0.40080574,-0.32091093
10,99563373791064,0.27804303,0.8696108,0.017551422
4,99563378549710,-0.45007423,-0.38083205,-0.22423817
10,99563383690022,0.1608839,0.24595451,0.65497065
4,99563387512678,-0.5022722,-0.36218992,-0.08362326
10,99563392204137,0.17864394,-0.41035414,1.1624494
4,99563397081637,-0.4394216,-0.36298886,0.015446335
10,99563404737678,0.25348783,-0.90740633,1.4834318
4,99563409561793,-0.33076462,-0.3800331,0.054328486
10,99563413283928,0.23630524,-1.0954809,1.580029
4,99563416520335,-0.2548645,-0.40240365,0.091080114
10,99563424566324,0.12696671,-0.79805374,1.5027318
4,99563429366220,-0.17496969,-0.41545314,0.16405073
10,99563433148981,0.14437938,-0.17791939,1.4161391
2,99563436410960,-28.0,7.0,14.0
10,99563444295387,0.29064107,0.17346573,1.2332425
4,99563449048772,-0.11717909,-0.340352,0.32011196
10,99563452714553,0.38643384,0.18230486,0.9587374
4,99563455956064,-0.11851067,-0.2609898,0.38242993
10,99563464116585,0.4049151,0.11584997,0.6892414
4,99563468881012,-0.0644485,-0.1917476,0.41385525
10,99563472576324,0.34301138,-0.0274539,0.59049463
4,99563476207626,-0.005060006,-0.15792546,0.40506682
11,99563482418251,-0.426353,0.084673,-0.488667,0.756476,0.0
4,99563482418251,-0.005060006,-0.15792546,0.40506682
4,99563487396897,0.013315806,-0.1603223,0.37577203
11,99563490657470,-0.426414,0.084797,-0.487158,0.757401,0.0
10,99563490657470,0.15897894,0.01711464,0.8653774
4,99563495541220,0.008788432,-0.16724652,0.3683152
10,99563502232939,0.025230646,0.21984148,0.9594941
4,99563506185751,-0.046871636,-0.175236,0.40426785
10,99563510448199,-0.13935733,0.33463526,0.90756035
4,99563515309033,-0.055127434,-0.18136127,0.43782368
10,99563522318720,-0.17081833,0.20226622,0.662611
4,99563527089814,-0.019707393,-0.20426446,0.51984906
10,99563530830022,0.045660973,0.07760477,0.55186844
4,99563535866585,-0.0026631611,-0.20133498,0.5211806
10,99563543177105,0.17260933,0.1101532,0.56715775
4,99563547961533,0.08016115,-0.1685781,0.49854377
10,99563551586168,0.26634026,0.028867245,0.66421795
4,99563554852835,0.091080114,-0.14594123,0.50360376
10,99563562944970,0.21873522,-0.019670486,0.61712503
4,99563567728355,0.133957,-0.08335695,0.59787965
10,99563571392001,0.13276029,-0.010799885,0.56940126
4,99563576194189,0.16271915,-0.07803062,0.6245113
10,99563581380283,0.18604088,0.07207966,0.48889208
4,99563585288251,0.2298308,-0.072171666,0.6266418
10,99563590953668,0.48314047,0.2182312,0.12280941
4,99563594408564,0.24900557,-0.02743056,0.55580175
10,99563602508095,0.578207,0.23519087,0.016582489
4,99563607284762,0.23915187,0.082025364,0.4282363
10,99563610907991,0.3003738,0.08859348,-0.064258575
2,99563614253772,-25.0,16.0,16.0
10,99563622816064,0.18955874,-0.061655045,-0.058091164
4,99563627648460,0.16218652,0.071106404,0.36298886
10,99563631306480,-0.08599591,-0.057486534,0.19224596
4,99563634552939,0.15393071,0.027963191,0.34274885
10,99563642432991,-0.15007901,-0.04381275,0.16745424
4,99563647224293,0.13129385,-0.08042747,0.32863408
10,99563650859293,-0.24958396,-0.17544842,0.41822767
4,99563654245647,0.13315806,-0.101200126,0.34621096
10,99563662231689,-0.21592331,-0.22822714,0.5136366
4,99563667024970,0.19148129,-0.15073492,0.37896782
10,99563670674970,-0.04955697,-0.15252161,0.7304101
4,99563675535439,0.21544974,-0.17283916,0.36671728
10,99563681096533,-0.029301643,-0.0026187897,0.80464745
4,99563686286533,0.25646242,-0.221575,0.33449304
10,99563689939033,0.008710861,0.21560621,0.6761246
4,99563693300074,0.27350664,-0.24234766,0.3110572
10,99563701802418,0.0870018,0.32489967,0.5521302
4,99563706598668,0.26977822,-0.19361182,0.3225088
10,99563710213668,0.16029286,0.32259655,0.44283676
4,99563713452470,0.26019084,-0.16724652,0.3390204
10,99563721571428,0.16446924,0.30046892,0.39593554
4,99563726364137,0.23835292,-0.10519487,0.36245623
10,99563730007470,0.22862697,0.382102,0.47752523
4,99563733244085,0.24580978,-0.051931642,0.3720436
10,99563741356480,0.2220869,0.44798613,0.46300268
4,99563746130907,0.28788772,-0.011984225,0.38296258
10,99563749750335,0.27066875,0.55145884,0.45863008
4,99563752976272,0.33129725,0.018375812,0.37923414
10,99563761132626,0.28855014,0.5339012,0.29001236
4,99563766050907,0.34754252,0.036751624,0.35420042
10,99563769715335,0.26007652,0.33302116,-0.18100882
4,99563774567314,0.3387541,0.04474111,0.3355583
10,99563780125907,0.2551689,0.13715363,-0.3088398
4,99563783925960,0.3339604,0.061252706,0.34301516
10,99563788738564,0.39425516,-0.15195084,-0.41015673
2,99563792208512,-21.0,25.0,17.0
10,99563800669189,0.45803475,-0.18190813,-0.2709074
4,99563805782157,0.257794,0.02743056,0.32730252
10,99563809424605,0.37483215,-0.15496254,-0.1744833
4,99563812663303,0.15925704,-0.0039947415,0.35899413
10,99563820450960,0.21669483,-0.16776943,0.2381916
4,99563825349501,0.14567491,-0.022903185,0.49747851
4,99563828977366,0.15925704,-0.011984225,0.5816344
4,99563832180439,0.18002969,0.014647386,0.63196814
10,99563840239085,0.76382804,-0.8196616,0.4810834
4,99563845111116,0.23755397,0.11504856,0.5289038
10,99563848755282,0.8946073,-0.8647027,0.8953552
4,99563852002157,0.4495416,0.21731395,0.37044573
10,99563860053928,0.57778955,-0.8836689,1.0481224
4,99563864997053,0.6708503,0.25992453,0.21758026
10,99563868644710,0.20486748,-0.882988,0.89858866
4,99563873536585,0.81439465,0.27324033,0.086020105
10,99563879076220,-0.012927055,-0.6753044,0.62596273
4,99563884197105,0.79042625,0.27324033,-0.040746365
10,99563887855491,-0.14813137,-0.21608353,-0.3774004
4,99563891090335,0.5680523,0.25672874,-0.20905815
10,99563899546012,-0.3823514,0.1214962,-1.3692827
4,99563904450491,0.23009712,0.25007084,-0.2796319
10,99563908095960,-0.46306503,0.07237005,-1.5736694
4,99563911385647,-0.024767399,0.30679616,-0.22210763
10,99563919354814,-0.17274344,-0.10770273,-0.83822966
4,99563924253824,-0.12144015,0.4250405,-0.20719394
10,99563927896637,0.075425744,-0.17144537,-0.16587019
4,99563931133616,-0.14141385,0.5275722,-0.32437304
10,99563938722574,-0.32786524,0.05095291,0.3371153
4,99563943593147,-0.08841695,0.531567,-0.4412858
10,99563947291376,-1.0626204,0.06757355,0.5244589
4,99563950523980,-0.040213734,0.50999534,-0.45193845
10,99563958476324,-1.4515965,-0.4857874,0.4312458
4,99563963404814,0.10173275,0.43089947,-0.35100463
10,99563965486793,-1.4875162,-0.6988611,0.49110556
2,99563972044553,-19.0,26.0,20.0
10,99563978510387,-1.3061343,-0.58738375,0.3164711
4,99563983353720,0.4063984,0.24847293,-0.2181129
10,99563985474814,-1.0547507,-0.27373838,-0.11448145
4,99563991470022,0.4362258,0.20879184,-0.19787288
10,99563997845647,-0.9328481,-0.050662518,-0.34086227
4,99564002635647,0.42317632,0.19307919,-0.18881813
10,99564006299449,-0.7910737,-0.029329777,-1.5098906
4,99564009731532,0.3539341,0.2412824,-0.2034655
10,99564017631897,-0.81723905,-0.21212244,-1.5762982
4,99564022409241,0.19121496,0.36139098,-0.1984055
10,99564025861845,-1.2445846,-0.20039749,-0.7441478
4,99564029954866,0.26391926,0.3653857,-0.1669802
10,99564037394084,-1.3492768,-0.27797985,-0.40567636
4,99564041360282,0.42104578,0.2615224,-0.18109496
10,99564044627939,-1.4955081,-0.39517164,0.3194933
4,99564050901584,0.42264366,0.20612867,-0.23622239
10,99564057162939,-1.6380374,-0.4251752,0.5239086
4,99564061943564,0.4878911,0.06977482,-0.35127094
10,99564066564501,-1.9421343,-0.5910282,0.83984566
4,99564071337262,0.5163869,0.021571605,-0.36325517
10,99564076234084,-1.9795504,-0.64536715,0.6570287
4,99564080053928,0.5701828,-0.06098639,-0.3584615
10,99564084875907,-1.8262856,-0.6404624,0.37319565
4,99564089685491,0.6048039,-0.12410331,-0.3153183
10,99564096734814,-1.5828512,-0.6949582,-0.3369937
4,99564101566637,0.505468,-0.128897,-0.22929817
10,99564105217262,-1.0080138,-0.36484766,-0.84892464
4,99564108618928,0.46951532,-0.11531488,-0.221575
10,99564116497782,-0.85957974,-0.12826777,-0.985198
4,99564121300543,0.39707732,-0.090014845,-0.23915187
10,99564125027366,-0.5547111,0.5019584,-1.2279148
4,99564129001116,0.3422162,0.002396845,-0.22663501
10,99564136314032,-0.49258137,0.48399258,-1.1957579
4,99564141153876,0.35100463,0.17736652,-0.15153387
10,99564145898147,-0.12471092,0.45809984,-0.27929163
2,99564149167262,-19.0,24.0,17.0
10,99564156125855,-0.10819006,0.3273878,-0.22815561
4,99564160955022,0.6346313,0.6149239,-0.07643273
10,99564165629293,-0.55731046,-0.059510708,-0.03429985
4,99564170391376,0.74009246,0.7576693,-0.083090626
10,99564175274136,-0.69195855,-0.0132546425,0.06700754
4,99564179097886,0.87325054,0.784301,-0.09161274
10,99564184709032,-0.7809185,0.3412385,0.33984327
4,99564187954814,1.0133328,0.7414241,-0.118776985
10,99564195616532,-0.5228565,0.6822872,0.81552744
4,99564200383303,1.0809771,0.64581656,-0.133957
10,99564204146272,-0.16422355,0.7011175,0.84066916
4,99564207528720,1.0634003,0.5456817,-0.11930962
10,99564215393928,0.34843373,0.5653038,1.1563568
4,99564220167730,1.0375676,0.47963533,-0.11318435
10,99564223935022,0.797663,0.15026522,1.1429129
4,99564227281636,1.015996,0.44022053,-0.16591494
10,99564235209136,1.1334243,-0.2577343,0.6429143
4,99564240022678,0.92092115,0.36804888,-0.24261399
10,99564243745647,1.5731184,-0.1867032,0.2821355
4,99564247052522,0.7869641,0.32037827,-0.299073
10,99564255030803,2.1932178,0.20876265,0.2549429
4,99564259824501,0.6641924,0.37337518,-0.350472
10,99564264966064,2.614499,0.5347266,0.03347969
4,99564269741376,0.5294364,0.5334312,-0.39361522
10,99564274689397,2.8177168,0.5873399,0.06432152
4,99564278514136,0.4316984,0.7054714,-0.40293628
10,99564283134918,2.608167,0.132617,0.33875656
4,99564287962209,0.38056573,0.81439465,-0.31824777
10,99564294542834,2.1844745,-0.31649494,0.7543955
4,99564299323303,0.5049353,0.8700547,-0.2082592
10,99564304367939,2.0767713,-0.7003021,1.8290424
4,99564307596272,0.7185209,0.8740495,-0.18668759
10,99564314349501,1.7331253,-1.1744962,2.2067041
4,99564319123407,0.89615375,0.8175905,-0.18322548
10,99564324170439,1.024169,-1.560957,2.2389412
2,99564327416741,-19.0,22.0,7.0
10,99564334051011,0.60659695,-1.3598943,2.235444
4,99564338930230,1.2277173,0.6151902,-0.11611383
10,99564344089397,0.27104867,-1.5218744,1.6599979
4,99564347308824,1.2365057,0.51931643,-0.16192019
10,99564353830230,-1.1706352E-4,-1.5344639,1.2384415
4,99564358690386,1.1622036,0.41918156,-0.24927188
10,99564363818459,-0.17868936,-0.74382925,1.2480431
4,99564368607157,1.0756508,0.33822146,-0.37257624
10,99564373487470,-0.5493795,0.06658983,0.9235554
4,99564377309084,0.92757905,0.24740767,-0.4261058
10,99564382928459,-0.95676076,0.6272974,0.2498436
4,99564386162157,0.78589886,0.21065605,-0.37816888
10,99564393374761,-0.9414334,0.8170669,-0.09005833
4,99564398196272,0.690824,0.23276028,-0.28442562
10,99564403282418,-0.56547356,1.0993619,-0.22117615
4,99564406518043,0.68816084,0.26818034,-0.2394182
10,99564413154918,-0.40553105,1.5039654,-0.50525475
4,99564417974084,0.6844324,0.30146983,-0.22423817
10,99564423062522,-0.5283989,1.7424381,-0.7537513
4,99564426304136,0.6759103,0.31265512,-0.16990969
10,99564432932626,-0.5846866,1.7594976,-0.83862543
4,99564437708251,0.71985245,0.3190467,-0.119043306
10,99564442896011,-0.5140158,1.5317352,-0.82519436
4,99564446133720,0.77231675,0.36112466,-0.057790596
10,99564452719918,-0.39309376,0.9236634,-1.0244904
4,99564457487470,0.7882957,0.43196473,0.0058589545
10,99564462624553,-0.30053675,0.5536623,-1.0558167
4,99564467403199,0.80587256,0.54834485,0.040746365
10,99564472320907,-0.5296973,0.6145363,-0.80883884
4,99564476150543,0.799481,0.67697555,0.11611383
10,99564481791793,-0.96114457,0.73718476,-1.0011029
4,99564485026793,0.7547399,0.72437984,0.15632756
10,99564492275699,-1.0472002,0.72971654,-1.0303926
4,99564497121011,0.52650696,0.8679242,0.3174488
10,99564502261428,-1.2226665,1.2250912,-0.85562515
2,99564505518824,-15.0,13.0,8.0
10,99564512088043,-0.91247153,1.3131557,-1.3893933
4,99564516877157,0.3603257,1.1813782,0.19707392
10,99564522005178,-1.4497178,1.1351538,-0.045679092
4,99564525213303,0.3390204,1.1249193,0.11638014
10,99564531825022,-2.2821026,0.5178473,0.46243763
4,99564536628668,0.27164245,0.7635283,0.048469532
10,99564541823928,-2.5321214,0.48434663,1.2083445
4,99564545055803,0.30972564,0.64075655,-0.018642128
10,99564551589241,-2.7167425,0.34093118,1.5901823
4,99564556426636,0.267914,0.30146983,-0.14780544
10,99564561603199,-3.4399471,0.33249402,1.8669014
4,99564566440282,0.23755397,-0.04926848,-0.1587244
10,99564571381636,-3.5591729,0.38760853,1.8002853
4,99564575239553,0.31345406,-0.44315,-0.013582122
10,99564578670699,-1.0612949,-0.11016083,0.8695278
4,99564583280699,0.37364152,-0.5725796,0.08335695
10,99564589728772,-0.19315389,-0.088252306,0.41831493
4,99564593897678,0.16884442,-0.391751,0.015180019
10,99564598434345,0.13420296,0.851485,-0.7158823
4,99564603375803,-0.2282329,-0.17949706,0.032756884
10,99564610866480,-0.29668024,1.670056,-1.2258458
4,99564615707209,-0.6737798,-0.08868326,0.091080114
10,99564620285855,-0.33640084,1.6447601,-1.4632297
4,99564623526324,-0.91985583,-0.035952676,0.08442221
10,99564630699136,-0.28417796,0.59472823,-1.1422338
4,99564635557626,-0.92118746,-0.007456851,0.090281166
10,99564640140855,-0.59421194,-0.24253488,-0.6970625
4,99564643356949,-0.72278196,0.00958738,0.1403486
10,99564650517053,-1.0376897,-0.6027019,-0.33812332
4,99564655411011,-0.5339638,-0.024501082,0.1818939
10,99564660012990,-1.5608187,-0.37661195,-0.42173672
4,99564664855543,-0.49801114,-0.13528858,0.133957
10,99564669738043,-1.8278112,0.11957216,-0.54419994
4,99564673872001,-0.6229134,-0.28495824,0.092944324
10,99564679051636,-1.836829,0.5406966,-0.3890381
2,99564682304293,-14.0,11.0,9.0
10,99564690033928,-1.651659,1.0278261,-0.49149418
4,99564694916428,-1.000017,-0.5542038,-0.03089267
10,99564699497209,-1.6073563,1.1236851,-1.0041375
4,99564702751115,-1.2719258,-0.76059884,-0.15845808
10,99564709812990,-1.6455574,0.5485933,-1.5053968
4,99564714733668,-1.5803198,-0.9938917,-0.17417073
10,99564719332209,-1.7989962,-0.29426718,-0.9859977
4,99564722579293,-1.5949672,-1.201352,-0.059388492
10,99564729591480,-1.5971252,-0.780015,0.1118145
4,99564733557574,-1.3805827,-1.336108,-0.06258429
10,99564736678668,-0.9267688,-1.2444811,0.5619297
4,99564742621740,-1.2530173,-1.5102787,-0.26391926
10,99564750872522,-1.1153713,-0.78273726,0.81648636
4,99564755784813,-1.2492889,-1.6996294,-0.4247742
10,99564760360647,-1.2769687,-0.6806979,0.89330196
4,99564765256532,-1.3427658,-1.8058896,-0.46951532
10,99564770168772,-0.8579649,0.34916973,0.24204922
4,99564774022678,-1.5251924,-1.7715348,-0.42237735
10,99564778380386,-0.31814778,0.3035779,0.12892818
4,99564781584345,-1.6586168,-1.6258599,-0.3153183
10,99564788962574,0.12563014,0.1876545,0.14232922
4,99564793855751,-1.6716663,-1.4426343,-0.22796659
10,99564798441532,0.36521518,0.17662859,-0.25597906
4,99564801655490,-1.6138756,-1.2871058,-0.18881813
10,99564808773772,0.38185847,0.20083475,-0.6384587
4,99564813619865,-1.5078819,-1.2077435,-0.128897
10,99564817037105,0.4200951,0.08608341,-0.6896324
4,99564820759761,-1.4527544,-1.1797804,-0.083090626
10,99564828505803,0.69459176,0.11838484,-0.44479942
4,99564833381480,-1.2796489,-1.0583402,0.033289514
10,99564835487990,1.0058233,0.24528122,-0.5094371
4,99564841831167,-1.2474247,-0.99495703,0.050600063
10,99564849799292,1.0021951,0.63092375,-0.4331541
4,99564854962574,-1.2495552,-0.777643,0.094009586
10,99564859545699,0.9418974,0.7243061,-0.34001493
2,99564864456376,-17.0,11.0,10.0
10,99564869412105,0.745044,0.79313326,-0.4790926
4,99564873475699,-1.2500879,-0.5499428,0.21385184
10,99564875437938,0.74504185,0.7931371,-0.47908688
4,99564881439709,-1.227451,-0.5091964,0.22690132
10,99564888037938,0.72012377,0.61553097,-0.25705814
4,99564892945178,-1.144094,-0.41705105,0.21145499
10,99564896571584,0.72992635,0.6834078,0.19970846
4,99564899776897,-1.1116035,-0.38109836,0.20426446
10,99564908273615,0.62064767,0.67019224,0.33701372
4,99564913123095,-1.0484866,-0.30146983,0.2412824
10,99564916764553,0.36553335,0.36738014,0.32077503
4,99564920016324,-1.0125339,-0.28708878,0.25992453
10,99564927942157,0.35865378,0.36267757,0.43481207
4,99564932797313,-0.85354316,-0.2695119,0.27563718
10,99564936451845,0.44124413,0.47245502,0.6256838
4,99564939692990,-0.80773675,-0.26711506,0.26684874
10,99564947804761,0.4638548,0.5562086,0.763227
4,99564952598667,-0.732103,-0.21784659,0.24687503
10,99564956307470,0.436893,0.16416025,1.2205629
4,99564961076115,-0.7307714,-0.16884442,0.25086978
10,99564966661532,0.39651895,-0.020986557,1.4094882
4,99564971665751,-0.7171893,-0.07137272,0.27563718
10,99564975293251,0.060097694,-0.64650774,0.9708247
4,99564980064449,-0.6575345,-0.017310547,0.2873551
10,99564987343928,-0.010441542,-0.80968094,0.834723
4,99564992212730,-0.5917544,-0.024501082,0.22423817
10,99564995921532,0.019463062,-0.70547724,0.9044013
4,99564999167053,-0.5390238,-0.047404267,0.18908444
10,99565007099553,0.08335352,-0.53301287,0.98013973
4,99565011905907,-0.40400153,-0.07084008,0.08069378
10,99565015569865,0.31275535,-0.14664984,1.1624303
4,99565018785022,-0.396811,-0.048469532,0.054594804
10,99565026913615,0.30573392,-0.10396719,1.1674361
4,99565030848355,-0.45380265,0.09933591,0.04873585
10,99565035424032,0.12826753,-0.2354865,1.3800082
2,99565038663199,-23.0,11.0,10.0
10,99565046648511,0.07044792,-0.29726076,1.3864703
4,99565051505282,-0.3864247,0.2031992,0.08016115
10,99565055123511,-0.20526671,-0.6198311,-0.03583479
4,99565059954501,-0.3158509,0.16618125,0.02876214
10,99565065488094,-0.15503049,-0.7329078,-0.4400835
4,99565069294397,-0.31451932,0.09374327,-0.06897587
10,99565074437522,0.04106474,-0.7894597,-0.33116913
4,99565077684240,-0.21038973,0.034621093,-0.14993598
10,99565086258772,0.1587925,-0.7207413,0.06161928
4,99565091107313,-0.08548747,0.03781689,-0.17816548
10,99565094893042,0.1599915,-0.2351389,0.55503845
4,99565098148355,-0.061252706,0.08362326,-0.2016013
10,99565106002522,0.007598877,-0.123776436,0.5314112
4,99565110823667,-0.12996227,0.08974853,-0.22956449
10,99565114506428,-0.3653953,-0.12780285,0.2079773
4,99565117747469,-0.21518342,0.04926848,-0.24048345
10,99565125783719,-0.3819809,-0.29345512,0.14865685
4,99565130546740,-0.22397186,-0.0029294773,-0.25539714
10,99565134324865,-0.13620377,-0.3864131,0.33677864
4,99565137557053,-0.15819177,-0.025033714,-0.28842035
10,99565145546949,-9.21011E-4,-0.34542704,0.46855068
4,99565150309917,-0.10626013,-0.0063915867,-0.31451932
10,99565154083199,-0.06337857,-0.1513648,0.39650202
4,99565158861740,-0.09986854,0.014913702,-0.3222425
10,99565164371897,-0.20111942,0.07914209,0.3338232
4,99565168160386,-0.11797804,0.021571605,-0.314253
10,99565173119969,-0.2347877,0.15218401,0.3265257
4,99565177898042,-0.15472966,0.025300032,-0.29001826
10,99565185075855,-0.23580837,0.2943573,0.2852497
4,99565189905334,-0.18056233,0.03435478,-0.25566345
10,99565193598407,-0.1537199,0.4312029,0.30299854
4,99565196842730,-0.20080236,0.063116916,-0.21624869
10,99565204866376,-0.108674765,0.49561167,0.27118778
4,99565209648251,-0.22024342,0.09640643,-0.16618125
10,99565213460959,-0.13695955,0.58330107,0.36368513
2,99565216697574,-23.0,9.0,10.0
10,99565224762522,-0.23255444,0.62502956,0.25218916
4,99565229561167,-0.15845808,0.11132014,-0.024501082
10,99565233337626,-0.36081815,0.5583172,-0.19475222
4,99565236574917,-0.09667275,0.08468852,0.03089267
10,99565244374917,-0.20463586,0.54613876,-0.11439514
4,99565249200803,-0.029294772,0.077231675,0.050600063
10,99565252885022,-0.07445812,0.8126807,0.31042004
4,99565257672001,0.051665325,0.07483483,0.06498113
10,99565263215282,-0.18200326,1.0484357,0.6426134
4,99565267015021,0.06897587,0.101200126,0.1107875
10,99565272254917,-0.3792658,0.8830104,0.8750572
4,99565275530126,0.036751624,0.12330436,0.1470065
10,99565283968251,-0.5737604,0.45702553,0.8995323
4,99565288753199,-0.111852765,0.14514229,0.2543319
10,99565292425594,-0.58919156,0.27915096,0.9293804
4,99565295663407,-0.11132014,0.13528858,0.26391926
10,99565303752990,-0.5165893,0.17702627,0.8057809
4,99565308641688,-0.04474111,0.062051654,0.221575
10,99565311869084,-0.38820696,0.22214317,0.71644974
4,99565315800699,-0.020506341,0.04580637,0.19973709
10,99565323562678,-0.3518672,0.2675228,0.69349146
4,99565328404917,0.00479369,0.053263225,0.165116
10,99565332052938,-0.2736895,0.17754126,0.7844486
4,99565335279084,-0.023435818,0.08548747,0.17230652
10,99565343304136,-0.37899947,-0.021386147,0.9637861
4,99565348101428,-0.123038046,0.2034655,0.21118867
10,99565351751428,-0.4666077,-0.1225543,1.1669765
4,99565355388771,-0.1257012,0.2181129,0.22690132
10,99565362855334,-0.5802773,-0.13786077,0.85663795
4,99565367618667,-0.056991648,0.13102753,0.21944448
10,99565371357782,-0.74133706,-0.42791843,-0.1766944
4,99565374640438,-0.04447479,0.06977482,0.19254655
10,99565382893042,-0.58262646,-0.53260565,-0.24250078
4,99565387686844,0.080960095,-0.07590009,0.10173275
10,99565391390178,-0.1916902,-0.4216528,0.4460826
2,99565394627990,-24.0,10.0,8.0
10,99565402659240,-0.18117166,-0.29315472,0.5674586
4,99565407501740,0.21252026,-0.06844324,0.083090626
10,99565411145334,-0.3485664,0.2270999,0.57666826
4,99565414441636,0.15446335,-0.06684534,0.07803062
10,99565422404813,-0.40975976,0.2959137,0.5829859
4,99565427201636,-0.025566347,-0.09880328,0.098004326
10,99565430842417,-0.56601155,-0.02330494,0.5547004
4,99565434137417,-0.06737798,-0.11584751,0.12410331
10,99565442197001,-0.44500828,-0.17532587,0.5705266
4,99565447017053,-0.13848437,-0.1304949,0.1206412
10,99565450662209,0.033957005,-0.30320215,0.5069237
4,99565455547313,-0.15419704,-0.13289174,0.08468852
10,99565461089032,0.059319496,-0.19753742,0.34881735
4,99565466318459,-0.17443706,-0.15446335,0.021571605
10,99565469959449,-0.058683157,0.04731369,0.008421421
4,99565473285490,-0.18162759,-0.16964336,0.02263687
10,99565481774657,-0.078434944,0.0770216,-0.13519192
4,99565486596688,-0.14940333,-0.1486044,0.057790596
10,99565490221063,0.11540985,0.048634052,0.07812023
4,99565493465021,-0.075101145,-0.114782244,0.06657903
10,99565501541948,0.12963915,0.04133463,0.13822794
4,99565506329084,0.0058589545,-0.10226539,0.05273059
10,99565510009605,-0.016477823,0.117851734,0.16858387
4,99565513242886,0.047404267,-0.11345066,0.02956109
10,99565521319969,-0.08847618,0.18267822,0.11110258
4,99565526110282,0.050600063,-0.15526229,0.0077231675
10,99565529725490,-0.081514835,0.38608742,-0.13888788
4,99565532929969,0.03914847,-0.20399815,2.663161E-4
10,99565548114761,0.13571954,0.5210905,-0.30049753
4,99565553972782,-0.024767399,-0.17150758,0.002396845
10,99565559085542,0.21757221,0.5140104,-0.2827177
4,99565562973198,-0.06258429,-0.10918961,0.028495824
10,99565568454761,0.13900304,0.47380638,-0.2905202
2,99565573134240,-23.0,14.0,11.0
10,99565579997469,0.0046970844,0.46077824,-0.18239403
4,99565584743563,-0.046072688,-0.015180019,0.06950851
10,99565588230751,-0.09584594,0.28852367,-0.17968178
4,99565592965386,-0.022903185,-0.0039947415,0.054594804
10,99565599759709,-0.15070438,0.14336443,-0.088048935
4,99565604426844,-0.0029294773,0.009321064,0.03834952
10,99565607902157,-0.21903706,0.017109394,-0.009019852
4,99565612513980,-0.0039947415,0.03222425,0.039414786
10,99565619541219,-0.28793788,-0.026641846,-0.20706224
4,99565624294501,-0.019707393,0.046871636,0.04314321
10,99565627817157,-0.3080926,0.05594349,-0.28343534
4,99565632418980,-0.046339005,0.054594804,0.03781689
10,99565639307886,-0.32338023,-0.059943676,-0.4403615
4,99565644102209,-0.10679276,0.08229168,0.028495824
10,99565647570542,-0.27213955,-0.29688215,-0.34470654
4,99565652231532,-0.15446335,0.12197278,0.032756884
10,99565657942834,-0.33385265,-0.44633865,-0.0263443
4,99565662597730,-0.13848437,0.14727281,0.042876896
10,99565666096115,-0.4655385,-0.3912673,0.0047831535
4,99565672215021,-0.11584751,0.12596752,0.021038974
10,99565680158042,-0.558884,-0.09687328,-0.11859894
4,99565684846636,-0.13475595,0.07856325,-0.03568636
10,99565688315751,-0.5071392,0.16564512,-0.07947874
4,99565691407938,-0.18056233,0.030626353,-0.09161274
10,99565698650386,-0.42104304,0.23047447,0.059076786
4,99565703323563,-0.221575,0.020772656,-0.11025487
10,99565705296219,-0.32767236,0.09399176,0.25539637
4,99565705296219,-0.221575,0.020772656,-0.11025487
4,99565711772157,-0.23409186,0.033289514,-0.10759171
10,99565719757209,-0.26192856,-0.001701355,0.55159235
4,99565724428146,-0.21891184,0.092145376,-0.0958738
10,99565727963875,-0.26201582,0.0065898895,0.5621505
4,99565731057938,-0.1486044,0.11424961,-0.09267801
10,99565736913771,-0.2811694,-0.0388999,0.70580244
4,99565740964448,-0.05965481,0.10865697,-0.09720538
10,99565745706375,-0.24716425,0.18771267,0.62206364
2,99565752272573,-24.0,13.0,11.0
10,99565758842573,-0.18944693,0.33437014,0.5671272
4,99565763710230,0.09933591,0.13102753,-0.14061491
10,99565767382053,0.047309875,0.5585656,0.57911634
4,99565770588459,0.11424961,0.1555286,-0.14301175
10,99565775323928,0.06406927,0.45800924,0.61502934
4,99565775323928,0.11957593,0.18775286,-0.13795175
4,99565780849969,0.116912775,0.2263687,-0.1272991
10,99565785337886,0.0136425495,0.31087112,0.7566385
4,99565790020594,0.11318435,0.30386668,-0.09427591
10,99565797606480,0.032797575,0.2342186,0.7388916
4,99565802777782,0.11265171,0.3930826,-0.051931642
10,99565808036063,-0.027198315,0.10113907,0.5978179
4,99565812359032,0.11025487,0.36618465,-0.047404267
10,99565819843355,-0.1591618,0.30500984,-0.43186426
4,99565823264396,0.11105382,0.2775014,-0.08149273
10,99565826052573,-0.15915346,0.30501223,-0.43186474
4,99565829287938,0.09667275,0.22903186,-0.105993815
10,99565837166584,-0.109068155,0.21555948,-1.6293068
4,99565841106688,0.041012682,0.17337179,-0.16005598
10,99565844552053,0.38671422,-0.13366413,-1.0717874
4,99565850985698,0.02396845,0.18082865,-0.17230652
10,99565856124657,0.4476378,-0.13765049,-0.6947937
4,99565859930855,0.013315806,0.23089607,-0.18375812
10,99565864920438,0.19686913,-0.046569347,0.21310854
4,99565869134917,-0.0039947415,0.2825614,-0.15899073
10,99565875442209,-0.3386773,-0.07530689,0.69838524
4,99565880405750,-0.07563378,0.26844665,-0.11797804
10,99565885620959,-0.80178773,-0.119400024,1.0275421
4,99565888828094,-0.16564862,0.15952335,-0.10972224
10,99565896495959,-0.9891571,-0.19328451,1.1327634
4,99565901363094,-0.20852552,0.010652645,-0.14327806
10,99565906593407,-0.6495645,-0.3362441,1.1210842
4,99565909925178,-0.18801917,-0.12410331,-0.19414444
10,99565916271584,-0.5067923,-0.36034918,1.0227284
4,99565921130750,-0.12357068,-0.21065605,-0.23355924
10,99565926303927,-0.18768716,-0.16560602,0.57722044
2,99565929567521,-26.0,16.0,7.0
10,99565936069344,0.05223012,0.1874814,0.30622864
4,99565940856480,-0.07137272,-0.2066613,-0.2559298
10,99565946011688,0.21179295,0.4023633,0.17267227
4,99565950858407,-0.087618,-0.1371528,-0.23542345
10,99565955864865,0.20886493,0.45217085,0.3200755
4,99565959670438,-0.101999074,-0.06231797,-0.19228023
10,99565964771688,0.03325081,0.25782442,0.39046907
4,99565968006219,-0.12250541,-0.024501082,-0.1536644
10,99565975687521,-0.19636106,0.1330843,0.4777093
4,99565980542573,-0.11504856,-0.04261058,-0.13582122
4,99565984664292,-0.09054748,-0.07190535,-0.13954964
4,99565987730021,-0.061519023,-0.100933805,-0.15419704
10,99565993989552,-0.3014264,0.093981266,0.7916856
4,99565993989552,-0.03488741,-0.13448964,-0.16990969
4,99565998082000,-0.0077231675,-0.16085494,-0.18295917
10,99566002996375,-0.2508769,0.28165007,0.9168148
4,99566007297157,0.03888215,-0.18881813,-0.17896444
10,99566014401948,-0.28680968,0.3994584,0.7091918
4,99566018320594,0.035153728,-0.18136127,-0.13289174
10,99566022782105,-0.24441957,0.5134454,0.4590783
4,99566027058302,0.033289514,-0.16378441,-0.08495484
10,99566034618563,-0.20046258,0.55773306,0.22925329
4,99566039372834,0.030626353,-0.14354439,-0.04314321
10,99566044409136,-0.11660528,0.28789663,0.2420268
4,99566049170230,0.025832662,-0.12836437,0.006924219
10,99566054112625,-0.06618118,0.07956505,0.4057107
4,99566058877886,0.06791061,-0.0974717,0.052996907
10,99566062962000,-0.03228116,0.06119585,0.64675045
4,99566067723927,0.099069595,-0.07856325,0.09054748
10,99566073398407,-0.08941841,0.2843814,0.8059015
4,99566077503719,0.13156016,-0.06791061,0.12436963
10,99566082760802,-0.18128371,0.5059886,0.7653074
4,99566086376219,0.14753912,-0.075101145,0.16165388
10,99566094055855,-0.120590925,0.5478873,0.6472349
54,99566098189396,0.14008227,-0.076965354,0.1933455
11,99566102238511,-0.430833,0.098801,-0.466345,0.766251,0.0
2,99566106312365,-26.0,15.0,9.0
10,99566113282938,0.15047145,0.28855944,0.4266777
4,99566117171948,0.1949434,-0.040480047,0.29321405
10,99566121670594,0.14585423,-0.17001104,0.21034145
4,99566126770802,0.23462449,-0.022104237,0.3818973
10,99566132454084,0.0376029,-0.61898804,6.170273E-4
4,99566137419865,0.2942793,-0.052996907,0.47404268
10,99566141651948,-0.12542582,-0.9370594,-0.2961588
4,99566146945282,0.33103094,-0.08335695,0.51798487
10,99566152199604,-0.13678789,-1.0359154,0.041042805
4,99566157441792,0.44794372,-0.19467708,0.6431534
10,99566161557469,-0.09367275,-0.64781046,0.98979425
4,99566166352886,0.49215218,-0.23542345,0.69029135
10,99566172340386,-0.09028602,0.37431574,1.6224284
4,99566176422313,0.5499428,-0.34115094,0.7965515
10,99566180874188,0.014316082,1.7463865,2.1040778
4,99566185550959,0.50387007,-0.35952675,0.79868203
10,99566192992052,0.081027985,2.80028,2.1932826
4,99566196798042,0.19387813,-0.34088463,0.7036072
10,99566200682990,-0.14488554,2.8922138,1.855741
4,99566205883979,0.08548747,-0.3107909,0.6692524
10,99566211670177,-0.31094396,2.433083,1.6615438
4,99566216492104,-0.06338324,-0.23622239,0.628506
10,99566220413302,-0.4970044,0.1758523,0.98720837
4,99566225958875,-0.0727043,-0.17576863,0.577107
10,99566231711323,-0.44681203,-0.46925068,0.9128866
4,99566236759917,0.104928546,-0.1587244,0.48389637
10,99566240322521,-0.25745285,-1.5900202,1.0597782
4,99566245534240,0.3885552,-0.16458336,0.36298886
10,99566251059084,-0.32247567,-1.6123304,0.9374752
4,99566255742521,0.6660566,-0.17763285,0.26178873
10,99566260014396,-0.62140095,-1.2335138,0.52395964
4,99566265630438,0.8580705,-0.18162759,0.20213392
10,99566271627938,-0.80330753,-0.76642656,-0.12124395
4,99566276211584,0.88017476,-0.18668759,0.16245283
4,99566280950959,0.84076,-0.1834918,0.14274544
8706
11,99566280950959,-0.408969,0.076563,-0.403466,0.814921,0.0
2,99566284460490,-26.0,19.0,15.0
10,99566290985490,-0.58209133,-0.447412,-1.0544701
4,99566296498667,0.60933125,-0.1257012,0.088150635
11,99566300105386,-0.406284,0.067687,-0.390042,0.82354,0.0
4,99566304311896,0.43223104,-0.030360037,0.064182185
10,99566310720073,-0.3329456,-0.18165827,-1.2891665
4,99566314944813,0.29481193,0.100933805,0.05885586
10,99566321119448,-0.34312022,-0.1548791,-1.097414
4,99566324518146,0.19201392,0.25246766,0.07803062
10,99566330546375,-0.47023797,-0.2345891,-0.9315429
048,0.0
4,99566334647209,0.13928333,0.34993938,0.10359697
10,99566339105177,-0.58243346,-0.22219896,-0.6421323
4,99566345276532,0.16884442,0.38029942,0.105727494
10,99566350192365,-0.6440661,-0.19420624,-0.7441125
4,99566354064865,0.2314287,0.32357407,0.07483483
10,99566359971323,-0.65621114,-0.2361269,-1.102869
4,99566363232261,0.25859293,0.26232138,0.02743056
10,99566371162521,-0.41410756,-0.30231905,-1.2798681
4,99566375215125,0.2660498,0.24980451,-0.032490566
10,99566378817000,-0.19635177,0.055599213,-1.0530586
4,99566384420386,0.31638354,0.28549087,-0.07403588
10,99566389855177,-0.22656083,0.17826748,-1.0500383
4,99566394872834,0.3355583,0.340352,-0.07803062
10,99566399458094,-0.27619624,0.42067194,-0.8087621
4,99566402815334,0.2790993,0.39814258,-0.06364955
10,99566410680125,-0.31768,0.5825429,-0.45049572
4,99566415617417,0.17097494,0.4428837,-0.04660532
10,99566420204031,-0.41750824,0.4389205,-0.08761072
4,99566423455542,0.043942157,0.48176584,-0.0127831735
10,99566429358511,-0.55306053,0.124185085,-0.009062767
4,99566434221531,-0.0010652645,0.46658584,0.0055926386
10,99566438802834,-0.60892105,-0.12071133,-0.46320343
4,99566443686167,-0.013848438,0.4016047,-0.033822145
10,99566448836479,-0.5212965,-0.30530882,-0.81372166
4,99566452962469,0.014114754,0.3304983,-0.10333065
10,99566458869969,-0.3437593,-0.23688221,-0.79859257
2,99566462141375,-24.0,22.0,18.0
10,99566470063459,-0.16620588,-0.022601128,-0.5403404
4,99566475003094,0.088150635,0.25885928,-0.16245283
10,99566479582886,-0.08270967,0.39525175,-0.18853998
4,99566482787625,0.010386328,0.28362668,-0.14966966
10,99566488693511,-0.21600354,0.65561485,0.09312105
4,99566492770438,-0.13608754,0.32011196,-0.091080114
10,99566496422052,-0.4913442,0.53351736,0.38521957
4,99566503319969,-0.27084348,0.34807515,-0.012516857
10,99566511599500,-0.595361,0.20303535,0.70521784
4,99566515023667,-0.30466563,0.29667616,0.021571605
10,99566520041479,-0.5735116,0.2231307,0.7210107
4,99566523257677,-0.22583607,0.18855181,-0.03355583
10,99566529354552,-0.39218152,-0.06373644,0.12206888
4,99566534245906,-0.12676647,0.09880328,-0.16964336
10,99566539442677,-0.20823598,-0.037888527,-0.20851707
4,99566544299292,-0.059921127,0.05566007,-0.2806972
10,99566549197886,-0.09552288,-0.028322697,-0.1728797
4,99566553853875,-0.007989483,0.052996907,-0.31158987
10,99566558965698,-0.04710889,-0.047050953,0.17656326
4,99566562210229,0.004261058,0.08468852,-0.2761698
10,99566568923927,-0.12639737,-0.100153446,0.4924903
4,99566573056584,-0.040746365,0.09853696,-0.23116238
10,99566578037938,-0.32711828,-0.0356555,0.91764116
4,99566581123406,-0.09986854,0.076965354,-0.21172132
10,99566588685490,-0.5206748,-0.062304974,1.0627632
4,99566592612156,-0.17550232,0.01917476,-0.23009712
10,99566595799969,-0.5685557,-0.12216997,1.1010604
4,99566600898979,-0.21065605,-0.020240024,-0.2479403
10,99566609277365,-0.5513027,-0.12285614,1.0759788
4,99566613760646,-0.2444782,-0.10146644,-0.26818034
4,99566618141479,-0.23542345,-0.10945592,-0.25832662
4,99566621219604,-0.21278657,-0.12543489,-0.24474451
10,99566626302261,-0.27354872,-0.04190874,0.62007856
4,99566631099813,-0.15952335,-0.15233281,-0.2231729
10,99566636080490,-0.17698371,8.072853E-4,0.12411356
2,99566640886271,-31.0,17.0,17.0
10,99566647194969,-0.10596597,0.018635273,-0.044267178
4,99566651000386,-0.1403486,-0.12330436,-0.20746025
4,99566655080698,-0.1403486,-0.12330436,-0.20746025
4,99566660237208,-0.11265171,-0.10546118,-0.19947077
10,99566667301427,0.029278398,0.29962015,0.24420643
4,99566671497729,-0.08894958,-0.06578008,-0.15952335
10,99566675124969,-0.19352353,0.3958478,0.46072006
4,99566680011844,-0.10652645,-0.062051654,-0.14434333
10,99566688145281,-0.29905343,0.38782167,0.4784217
4,99566693035438,-0.1419465,-0.08548747,-0.1025317
10,99566696352886,-0.37289953,0.19103765,0.6084652
4,99566699772521,-0.1387507,-0.09534117,-0.0958738
10,99566706774240,-0.32958508,0.041794777,0.57560396
4,99566710851063,-0.092145376,-0.11158645,-0.100933805
10,99566716000073,-0.19437122,0.040322304,0.57598877
4,99566719265177,-0.06231797,-0.11424961,-0.1041296
10,99566727721219,-0.19231236,0.082853794,0.56785583
4,99566732744292,-0.06178534,-0.112119086,-0.081226416
10,99566736360386,-0.21212566,0.2562561,0.029851913
4,99566740778406,-0.099069595,-0.10013486,-0.06684534
10,99566746140594,-0.16540277,0.4349308,-0.0147275925
4,99566749939917,-0.14354439,-0.06471482,-0.031158986
10,99566755375906,-0.15078592,0.454597,-0.020327568
4,99566760138198,-0.1419465,-0.015446335,-0.0031957934
10,99566767288198,-0.040595293,0.38375092,0.15281057
4,99566771224396,-0.1206412,0.03009372,-0.019707393
10,99566774444969,-0.12574923,0.3790946,0.26658726
4,99566779306688,-0.111852765,0.035153728,-0.031158986
10,99566787033250,-0.22184741,0.3139987,0.12803411
4,99566791180594,-0.16777915,0.049002163,-0.033023197
10,99566794413511,-0.36251152,0.0100159645,0.13371801
4,99566798832625,-0.16405073,0.0628506,-0.030360037
10,99566806807417,-0.31946766,-0.13685322,0.2889967
4,99566810773198,-0.06471482,0.073236935,-0.027164243
10,99566815167885,-0.40798151,-0.48461437,0.5991578
2,99566818432938,-32.0,14.0,18.0
10,99566825371479,-0.45057797,-0.45265293,0.6682148
4,99566829612521,0.043942157,0.02263687,-0.057790596
10,99566834454656,-0.49437094,-0.23777771,0.74099207
4,99566839250594,0.07163903,-0.034621093,-0.08042747
10,99566844623979,-0.4673773,-0.009649277,0.5937433
4,99566848937729,0.029028457,-0.07749799,-0.09241169
10,99566853950021,-0.37420487,0.14120483,0.3447852
4,99566858811271,-0.025300032,-0.07803062,-0.092944324
10,99566865765281,-0.23068023,0.14047194,0.14410877
4,99566870006583,-0.06711166,-0.050333746,-0.07163903
10,99566873064292,-0.09741807,0.025387287,0.3173132
4,99566877789188,-0.073236935,-0.021038974,-0.04873585
10,99566885573302,-0.053978443,-0.031537533,0.53572416
4,99566889507000,-0.035153728,0.010918961,-0.02876214
4,99566900312677,-0.026365295,0.007190535,-0.010386328
4,99566902520698,-0.026897928,-0.006657903,-0.008522116
10,99566910666635,-0.45945013,0.4687233,0.5286665
4,99566912507521,-0.019973708,-0.0479369,-0.010652645
4,99566918580438,-0.022903185,-0.07084008,-0.00958738
4,99566920704135,-0.032490566,-0.082558,-0.007456851
11,99566930453979,-0.404965,0.091446,-0.429117,0.802183,0.0
4,99566932320542,-0.043675844,-0.07403588,-0.010918961
4,99566938357521,-0.03195793,-0.059388492,-0.016511599
4,99566940872208,-0.011717909,-0.042077947,-0.020772656
11,99566950571271,-0.405166,0.091689,-0.430385,0.801374,0.0
4,99566952432208,0.03781689,-0.027164243,-0.015978966
4,99566959688771,0.06364955,-0.026897928,-0.006924219
4,99566961642729,0.081226416,-0.039414786,0.0053263223
4,99566966642729,0.08681905,-0.063116916,0.015180019
4,99566973401688,0.082558,-0.08841695,0.01784318
10,99566981132677,-0.47256827,0.33778906,0.04912138
4,99566981132677,0.06098639,-0.113983296,0.01438107
4,99566983227990,0.037550572,-0.1272991,0.0077231675
4,99566992441635,0.014114754,-0.13262543,0.00479369
4,99566994980594,-7.9894834E-4,-0.12623383,0.0039947415
2,99567002165438,-33.0,14.0,22.0
4,99567004493979,-0.016511599,-0.07989483,-0.0010652645
4,99567014760177,-0.032490566,-0.02609898,-0.0029294773
4,99567017992104,-0.041545313,-0.016777916,-0.0018642128
10,99567023360542,-0.30761504,0.11761522,0.35626698
4,99567028137990,-0.04527374,-0.028229509,0.007456851
10,99567033897521,-0.46938074,0.15352774,0.43760014
4,99567037139917,-0.038615838,-0.06578008,0.022370555
10,99567041667156,-0.48384976,0.115692616,0.36420584
4,99567048026844,-0.029294772,-0.10546118,0.027696876
10,99567052962104,-0.31524706,0.13038588,0.24631262
4,99567052962104,-0.029294772,-0.10546118,0.027696876
4,99567056051167,-0.011717909,-0.10546118,0.026897928
10,99567062260229,-0.13727081,0.16621065,0.011453152
4,99567067080177,0.0063915867,-0.076965354,0.034088463
10,99567073293510,0.0028352737,0.20083761,-0.047682762
4,99567076504083,0.02263687,-0.026631612,0.043409526
10,99567081880333,-0.0017149448,0.15590334,-0.0703249
4,99567086647833,0.036218993,0.013582122,0.050600063
10,99567093106740,-0.09063244,0.14841175,-0.011471748
4,99567096486271,0.038615838,0.03488741,0.056459017
10,99567101657208,-0.17644775,0.13066483,0.1510005
4,99567106486479,0.040480047,0.039947417,0.059388492
10,99567112842260,-0.21771896,0.12206459,0.21199942
4,99567116061687,0.041012682,0.042876896,0.06338324
10,99567121445958,-0.23216987,0.10380316,0.26317358
4,99567126225490,0.037284255,0.042876896,0.06764429
10,99567132592729,-0.21970749,0.055617332,0.22452736
4,99567135838823,0.007190535,0.051132694,0.08175905
10,99567141687781,-0.21116471,0.10008192,0.14199734
4,99567146503250,0.004261058,0.053795855,0.08229168
10,99567151452677,-0.17849433,0.118481636,0.12437153
4,99567154554604,0.017044231,0.060453758,0.08282431
10,99567161488198,-0.14588201,0.093276024,0.08704567
4,99567166281948,0.025566347,0.076965354,0.08282431
10,99567172391531,-0.06920457,0.07675362,0.1466136
2,99567175656219,-31.0,14.0,20.0
10,99567181347156,-0.09418857,0.08597326,0.11894655
4,99567186133406,0.041279,0.11611383,0.07829694
10,99567192262417,-0.1443193,0.12344313,0.17181635
4,99567195473719,0.039414786,0.13022858,0.0743022
10,99567199519865,-0.19337642,0.096414566,0.1982255
4,99567204866375,0.03089267,0.13102753,0.07084008
10,99567211704135,-0.17778921,0.077116966,0.17977238
4,99567214937885,0.022903185,0.12756541,0.0644485
10,99567220716740,-0.22322214,0.034139156,0.19789171
4,99567225609969,0.019441076,0.113983296,0.057790596
10,99567231713875,-0.15750241,-0.013742924,0.25941515
4,99567234959031,0.023169503,0.107858025,0.051132694
10,99567240473562,-0.12644231,-0.016487122,0.27540588
4,99567245367260,0.022370555,0.10679276,0.04181163
10,99567250280229,-0.09632695,0.07351303,0.27661848
4,99567253389552,0.02130529,0.103863284,0.035153728
10,99567259111427,-0.13853359,0.113307476,0.25892067
4,99567264947260,0.0127831735,0.100933805,0.03568636
10,99567271032312,-0.10714221,0.074923515,0.2830286
4,99567274334083,0.009853696,0.10173275,0.026365295
10,99567280048250,-0.10010159,0.13625002,0.24408674
4,99567284946271,0.027963191,0.09880328,0.018109497
10,99567291036114,-0.13401687,0.1749711,0.26869678
4,99567294336010,0.0396811,0.09827065,0.020240024
10,99567299824031,-0.14389229,0.089244366,0.22869492
4,99567304792156,0.02743056,0.09880328,0.01917476
10,99567310883927,-0.15369678,0.054368496,0.3521285
4,99567314197521,0.022104237,0.09267801,0.0077231675
10,99567319583979,-0.19077349,0.050525665,0.28659105
4,99567324437729,0.028495824,0.08016115,-0.0061252704
10,99567330529239,-0.20336187,0.031900883,0.3121028
4,99567333760281,0.024234766,0.063116916,-0.014647386
10,99567339389031,-0.21985888,-0.03695345,0.33569384
4,99567344318719,0.026631612,0.047404267,-0.020772656
10,99567349238250,-0.21648645,0.0059223175,0.37804317
2,99567352363823,-32.0,14.0,20.0
10,99567358592677,-0.19078684,0.09332609,0.45809317
4,99567363444292,0.037284255,0.012250541,-0.036218993
10,99567369915906,-0.20772314,0.13212252,0.45649433
4,99567373165698,0.039947417,2.663161E-4,-0.051132694
10,99567378919604,-0.17409182,0.18486834,0.41912746
4,99567383776271,0.040480047,-0.009321064,-0.062051654
10,99567389840906,-0.20333755,0.18265772,0.42036915
4,99567393084135,0.040213734,-0.011451593,-0.055127434
10,99567395970646,-0.18657815,0.09886074,0.32938957
4,99567403706114,0.014114754,-0.005060006,-0.05486112
10,99567411660542,-0.17972732,0.14065313,0.33989286
4,99567414927104,0.007456851,0.0029294773,-0.064182185
10,99567420033198,-0.18394816,0.13893414,0.3392105
4,99567424953823,5.326322E-4,0.0010652645,-0.06098639
10,99567431050385,-0.3026322,0.09055185,0.1912942
4,99567434379604,-0.00479369,-0.0034621095,-0.048203215
10,99567439506531,-0.30636728,0.08991814,0.1916604
4,99567444407000,0.021837922,-0.0010652645,-0.04181163
10,99567449305073,-0.22552133,0.025765896,0.17845297
4,99567452416166,0.03834952,0.0018642128,-0.043942157
10,99567454938250,-0.22073293,0.037736893,0.21436596
4,99567463039500,0.048203215,0.015978966,-0.043942157
10,99567470622156,-0.27246928,0.108953476,0.34823704
4,99567473872156,0.049801115,0.021837922,-0.027696876
10,99567478880698,-0.35794902,0.0989995,0.23250008
4,99567483849708,0.03195793,0.0039947415,-0.013848438
10,99567489942104,-0.39419436,0.15532637,0.058975697
4,99567493217052,0.016511599,-0.010652645,-0.013315806
10,99567496145177,-0.30800307,0.17447996,0.09488869
4,99567502503771,0.012516857,-0.023435818,-0.019973708
10,99567510030073,-0.21301961,0.18371153,0.21321154
4,99567513306739,0.027963191,-0.008522116,-0.015180019
10,99567516192312,-0.2345674,0.17892313,0.26827812
4,99567522229239,0.013315806,0.013315806,0.0053263223
10,99567529788354,-0.3421092,0.19722939,0.3238783
2,99567533082573,-32.0,11.0,21.0
10,99567535174812,-0.4019642,0.17807579,0.36457968
4,99567542535958,-0.007989483,0.0018642128,0.033822145
10,99567548937625,-0.3946023,0.06838465,0.21473312
4,99567553338875,0.004261058,-0.00958738,0.02130529
10,99567555446219,-0.28687072,-0.0010457039,0.22670412
4,99567561922208,0.014913702,-0.0077231675,0.0127831735
10,99567568203354,-0.23107862,0.023143291,0.25549936
4,99567571441948,0.046339005,0.010918961,-0.0039947415
10,99567576209083,-0.26240695,0.014183044,0.2823596
4,99567580988666,0.043942157,0.016511599,0.0010652645
10,99567587658041,-0.38281274,0.11466789,0.21695995
4,99567590869708,0.0058589545,0.026631612,0.01571265
10,99567595846583,-0.3838203,0.22590256,0.20970106
4,99567600817885,-0.0034621095,0.020506341,0.014647386
10,99567607423823,-0.36607325,0.2215805,0.13023996
4,99567610666896,-0.020240024,0.016245283,0.0031957934
10,99567615882364,-0.106850624,0.10156536,0.058101654
4,99567620707729,-0.022370555,0.044208474,-0.026897928
10,99567627230906,-0.062018275,-0.013329029,0.06091261
4,99567630469083,0.006924219,0.094009586,-0.038615838
10,99567635515073,-0.19673085,-0.19933796,0.28148842
4,99567640296791,0.048203215,0.13768543,-0.021038974
10,99567645565541,-0.27569616,-0.15826082,0.33472872
4,99567648801687,0.10519487,0.13901702,0.0034621095
10,99567655251166,-0.41575325,0.05129099,0.3492465
4,99567660047833,0.133957,0.104928546,0.012250541
10,99567666764864,-0.42280185,0.22230768,0.2702918
4,99567670001010,0.11584751,0.06764429,0.011984225
10,99567675185125,-0.3398043,0.2764225,0.18794918
4,99567679974343,0.063116916,0.061519023,0.019707393
10,99567686546062,-0.2297877,0.27638197,0.1192317
4,99567689781375,0.033822145,0.09374327,0.04314321
10,99567694977208,-0.22934997,0.19804716,0.124883175
4,99567699731114,0.02876214,0.1387507,0.07350325
10,99567706331687,-0.24744487,0.12543964,0.2737317
2,99567709597156,-31.0,12.0,21.0
10,99567714450854,-0.3499843,0.18822479,0.36528587
4,99567719278458,0.06950851,0.1488707,0.071106404
10,99567726095073,-0.4928038,0.2349906,0.3305192
4,99567729317364,0.06844324,0.10519487,0.050333746
10,99567734464343,-0.51954377,0.2618351,0.3318534
4,99567739229656,0.060720075,0.05273059,0.03542004
10,99567744457156,-0.4294778,0.22173595,0.36343145
4,99567747682468,0.05832323,0.026365295,0.030360037
10,99567754127833,-0.31898725,0.12647533,0.47485876
4,99567758905333,0.055127434,0.03834952,0.026897928
10,99567765655750,-0.24272823,0.08868027,0.5409975
4,99567768877573,0.06684534,0.064182185,0.024234766
10,99567774030489,-0.3176129,0.029132843,0.524992
4,99567778837312,0.06977482,0.070307456,0.027963191
10,99567786979343,-0.50483036,9.5653534E-4,0.46549416
4,99567790246479,0.077231675,0.04926848,0.03089267
10,99567794526948,-0.5700011,0.022730827,0.4823165
4,99567799328875,0.09614012,0.007456851,0.021837922
10,99567806142208,-0.5401709,0.047823906,0.49840117
4,99567809377312,0.11664646,-0.044208474,-0.0058589545
10,99567813803927,-0.47757947,0.15440369,0.48474073
4,99567817755750,0.11824436,-0.092145376,-0.026897928
10,99567825404812,-0.43970585,0.20774794,0.3665824
4,99567828637833,0.10439592,-0.11531488,-0.024234766
10,99567833245125,-0.34289134,0.202209,0.24311829
4,99567838030541,0.08948222,-0.10626013,-0.020240024
10,99567843719968,-0.20862103,0.18856192,0.1717143
4,99567846826948,0.07376956,-0.09054748,-0.030360037
10,99567853014343,-0.15800297,0.18804121,0.07995415
4,99567857857468,0.0743022,-0.07563378,-0.038615838
10,99567864934968,-0.1599555,0.18595219,-0.08757639
4,99567868169916,0.070041135,-0.062051654,-0.033289514
10,99567872705541,-0.061117172,0.07681322,-0.10838032
4,99567877475281,0.075101145,-0.046339005,-0.023702133
10,99567884751948,0.09080124,0.03232193,-0.09096575
2,99567887987625,-29.0,13.0,19.0
10,99567891243041,0.19356632,0.01124382,-0.11987114
4,99567898142364,0.08548747,0.028229509,-0.026365295
10,99567904822364,0.14368713,-0.0026783943,-0.14957714
4,99567908078250,0.0777643,0.070041135,-0.023702133
10,99567912558823,0.1329056,5.903244E-4,-0.14135122
4,99567917477729,0.06844324,0.086020105,-0.03009372
10,99567924366739,0.17089212,0.04484749,-0.11869097
4,99567927575593,0.066312715,0.1073254,-0.048203215
10,99567932203302,0.21351552,0.04789114,-0.051029682
4,99567937008041,0.06364955,0.15153387,-0.056991648
10,99567942655281,0.16034317,-0.12571049,0.014172077
4,99567945761166,0.0479369,0.20373182,-0.047670584
10,99567951902104,0.026328802,-0.30500603,0.10585451
4,99567956665906,0.0561927,0.25353295,-0.034088463
10,99567963817937,-0.12783587,-0.5271182,0.37820244
4,99567967052000,0.08229168,0.29561087,-0.015978966
10,99567971794864,-0.32822752,-0.9427576,0.47936058
4,99567976565958,0.10040118,0.32011196,-0.015180019
10,99567983604916,-0.54787505,-1.2074118,0.4646411
4,99567986846375,0.1222391,0.28362668,-0.07350325
10,99567991613614,-0.72004086,-1.0289526,0.3790102
4,99567996386531,0.13848437,0.23089607,-0.12410331
10,99568003378406,-0.71731013,-0.61806965,0.17971277
4,99568006623927,0.133957,0.0063915867,-0.30999196
10,99568011385750,-0.4515499,-0.2863412,-0.08142614
4,99568016197312,0.10652645,-0.05965481,-0.36751625
10,99568023169343,-0.0385499,-0.11169243,-0.20954466
4,99568026409187,-0.005060006,-0.12410331,-0.4708469
10,99568030506323,0.31576347,-0.04878664,-0.25721836
4,99568036752364,-0.03701794,-0.10333065,-0.48043427
10,99568042275645,0.42641497,0.047650337,-0.120313644
4,99568045374031,-0.073236935,-0.01917476,-0.47217846
10,99568050960698,0.3266902,0.28528547,0.1321187
4,99568055870125,-0.076965354,0.044208474,-0.44394895
10,99568062732885,0.18907249,0.37771702,0.21587276
2,99568065996739,-28.0,12.0,18.0
10,99568070292416,-0.07006061,0.7804022,0.36012268
4,99568075203041,0.008255799,0.0034621095,-0.36804888
10,99568082493510,-0.072134495,0.8516698,0.2883749
4,99568085705593,0.1206412,-0.06924219,-0.3158509
10,99568090384187,0.17164433,1.3263807,0.12783432
4,99568095362000,0.16058862,-0.07962852,-0.29880667
10,99568101957312,0.26125145,1.4741197,0.06454706
4,99568105199812,0.20985709,-0.058589544,-0.26365295
10,99568110111635,0.4127729,1.7990885,-0.026060581
4,99568115012729,0.20080236,0.01917476,-0.20026971
10,99568121669135,0.332237,1.7501602,-0.18031025
4,99568124907520,0.1536644,0.11717909,-0.0892159
10,99568130024031,0.20825267,1.6110563,-0.07998705
4,99568134868562,0.13422333,0.21784659,0.039414786
10,99568140002312,0.07559776,1.0929775,0.07904959
4,99568143233822,0.123836994,0.30386668,0.15020229
10,99568149665489,-0.06917918,0.4972248,0.22576332
4,99568154539343,0.16138756,0.36112466,0.20240025
10,99568161183093,-0.24639153,0.039770603,0.4056964
4,99568164472312,0.2130529,0.38376153,0.19254655
10,99568169607520,-0.44566154,-0.3695321,0.4875784
4,99568174472052,0.23782028,0.37337518,0.13848437
10,99568180965333,-0.65834177,-0.6295166,0.528656
4,99568184270177,0.2412824,0.3155846,0.05832323
10,99568189377468,-0.79259133,-0.6821532,0.44010115
4,99568194453562,0.23835292,0.22024342,-0.03222425
10,99568200765854,-0.780285,-0.6605425,0.19016218
4,99568204063093,0.19228023,0.13262543,-0.11611383
10,99568208943927,-0.55437875,-0.5254183,0.0070843697
4,99568213798041,0.13662016,0.09134643,-0.18722023
10,99568220530281,-0.2816273,-0.27427578,-0.017149925
4,99568223784656,0.10013486,0.0974717,-0.2231729
10,99568228959031,-0.15221941,-0.101018906,-0.10437918
4,99568233844031,0.076166406,0.13475595,-0.23116238
10,99568238942989,-0.07037938,0.011086941,0.11772013
2,99568242130177,-32.0,5.0,19.0
10,99568248662833,-0.015514612,0.062978745,0.4893813
4,99568253566791,0.12410331,0.26365295,-0.23702134
10,99568260102729,-0.033872366,0.010622501,0.83870363
4,99568263333875,0.1438107,0.43116578,-0.16165388
10,99568268370281,-0.14355242,-0.17151833,1.4281459
4,99568273254031,0.18402444,0.6535397,0.05139901
10,99568279893770,-0.45658076,-0.7090421,1.9501076
4,99568283127520,0.22530343,0.84555364,0.3289004
10,99568286053093,-0.9880935,-1.386601,2.1344604
4,99568293721010,0.23542345,0.94142747,0.5603291
10,99568301256114,-1.2187626,-1.7751799,2.311983
4,99568304638770,0.27510455,0.86898947,0.6759103
10,99568309146010,-1.1034269,-1.7848358,2.2795458
4,99568313995333,0.31957933,0.6609966,0.62770706
10,99568320295333,-1.088156,-0.78973246,0.5760288
4,99568323543875,0.30040458,0.4498079,0.2908172
10,99568326472677,-0.4919998,0.24935102,0.3605504
4,99568333677052,-0.15259913,0.36724994,-0.20559604
10,99568340083145,-0.89310575,0.7741771,0.39600325
4,99568344440854,-0.937699,0.21118867,-0.40906155
10,99568348096218,-2.0009575,1.8383064,0.9494562
4,99568353001062,-1.1973573,-0.018908445,-0.2825614
10,99568359290697,-2.2989573,1.2225418,1.1794195
4,99568362523406,-1.1387677,-0.24527714,-0.2000034
10,99568365388249,-1.3604304,-0.6473298,0.8897209
4,99568372832416,-0.917459,-0.5009406,-0.42424157
10,99568380401427,-0.46691304,-1.3518009,0.81007385
4,99568383652312,-0.5225122,-0.6761766,-0.7057377
10,99568388244916,-0.56547874,-1.3301296,0.85165834
4,99568393078874,-0.14780544,-0.7600662,-0.79708415
10,99568399371531,-0.5546515,0.12641287,-0.19710827
4,99568402620541,-0.041545313,-0.81253046,-0.66365975
10,99568405563458,-0.40621102,1.3522444,-0.48441267
4,99568412467989,0.049534798,-0.88683265,-0.54461646
10,99568420570333,-0.10125184,1.9160895,-0.73890257
2,99568423279552,-26.0,3.0,17.0
10,99568428192572,-0.2078687,1.9027252,-0.7236662
4,99568433014083,-0.07962852,-0.8479505,-0.51665324
10,99568438490229,0.6148422,1.5834427,-0.5927658
4,99568441587989,-0.08894958,-0.7414241,-0.4631237
10,99568443804812,0.71061015,1.4661269,-0.59516
4,99568451945020,-0.068176925,-0.67511135,-0.41705105
10,99568458054604,0.641423,1.3872509,-0.5902095
4,99568461358822,0.05006743,-0.46365637,-0.24527714
10,99568466759552,0.59642386,1.1528406,-0.5989256
4,99568471551374,0.123038046,-0.32410672,-0.11052119
10,99568477659604,0.5507271,0.7971654,-0.6431446
4,99568480898510,0.18242654,-0.18269286,0.030626353
10,99568486482677,0.5176213,0.6261473,-0.63091993
4,99568491308302,0.2231729,-0.113983296,0.092145376
10,99568497468874,0.48893976,0.58084965,-0.654655
4,99568500677416,0.36325517,0.07456851,0.22104238
10,99568506269135,0.37599325,0.6319504,-0.6806612
4,99568511087312,0.38296258,0.1355549,0.24314661
10,99568517313302,0.12611961,0.7081909,-0.7457986
4,99568520531583,0.38269624,0.23276028,0.26684874
10,99568526079291,-0.095546246,0.55270815,-0.76845264
4,99568530944031,0.30200246,0.3158509,0.27217507
10,99568535935333,-0.15310454,0.37648582,-0.77132225
4,99568539047468,0.20293288,0.39787626,0.2657835
10,99568544710645,-0.32494485,-0.033757687,-0.52697515
4,99568550474812,0.12357068,0.44554687,0.22849922
10,99568556577885,-0.5660362,-0.23962307,-0.34058332
4,99568559829395,0.091080114,0.43249738,0.1571265
10,99568565603041,-0.8396704,-0.3410344,-0.113656044
4,99568569548249,0.04181163,0.36804888,0.08362326
4,99568574548249,-0.0029294773,0.26045716,0.019973708
4,99568586014864,0.0026631611,0.12863068,-0.03169162
11,99568593658562,-0.371261,0.093493,-0.466622,0.7973,0.0
4,99568595587676,0.0314253,0.011451593,-0.06338324
11,99568603192416,-0.371111,0.093631,-0.466867,0.797209,0.0
4,99568605067051,0.05219796,-0.012516857,-0.066046394
10,99568611326791,-0.18529904,0.14903688,0.23552561
4,99568611326791,0.08042747,-0.02396845,-0.05965481
4,99568613288874,0.12357068,-0.009853696,-0.050600063
4,99568618288874,0.17496969,0.045540057,-0.03914847
4,99568624714760,0.21252026,0.14833808,-0.015180019
10,99568632999239,0.5819187,-0.37534142,1.9191656
4,99568635386270,0.25193503,0.4711132,0.06498113
10,99568642838822,0.25883365,-0.41476393,2.2545857
4,99568644668145,0.2828277,0.7235809,0.24261399
10,99568651692572,-0.66046345,-0.2981577,2.3319411
4,99568651692572,0.3358246,0.8018778,0.40533313
4,99568653663249,0.40772998,0.8444884,0.62078285
4,99568658663249,0.47404268,0.87298423,0.86685896
4,99568664684864,0.51665324,0.8902948,1.0948255
10,99568673382989,-0.8081198,-0.8521061,1.6768093
4,99568675690697,0.74089146,0.74967986,0.9009474
4,99568685372989,0.7057377,0.74728304,0.5470133
4,99568690702520,0.4327637,0.6985472,0.2282329
10,99568694475541,-0.67745155,-0.9130602,1.2682624
4,99568697690697,-0.116912775,0.39627838,-0.086020105
10,99568705503354,-2.5370147,1.1512485,1.6358047
4,99568710281635,-0.25832662,-0.0039947415,-0.07483483
10,99568713977416,-2.5860858,0.72934484,0.86623716
4,99568717197624,-0.54914385,-0.37470677,-0.20612867
10,99568725254031,-0.97208965,-0.7433896,0.4667325
4,99568730025645,-0.70653665,-0.62531024,-0.479369
10,99568733755749,0.06864154,-1.2998705,0.20128775
4,99568738515385,-0.37790257,-0.63250077,-0.5539375
10,99568743676270,0.5757854,-1.1263504,-0.3690276
4,99568747492416,0.016777916,-0.52171326,-0.52357745
10,99568752942572,0.9074011,-0.29901314,-1.0154519
4,99568756329760,0.16884442,-0.42264366,-0.5906891
10,99568764429135,0.66067743,0.60572386,-1.1356373
4,99568769221114,0.09827065,-0.42876893,-0.6194513
10,99568772931270,0.076411724,1.5750165,-1.2721682
2,99568776187156,-25.0,5.0,18.0
10,99568784213041,0.24219394,1.649992,-1.1890707
4,99568788485176,-0.015446335,-0.4498079,-0.50813115
10,99568792923458,0.59774685,1.2813706,-0.99869204
4,99568796160801,-0.10519487,-0.39388153,-0.5363607
10,99568804047051,0.6727301,0.7329483,-0.42329645
4,99568808813562,-0.11504856,-0.26684874,-0.49747851
10,99568812444916,0.4390614,0.16154528,-0.0557456
4,99568815694135,-0.063116916,-0.1387507,-0.39601207
10,99568823783458,0.18739152,0.084311485,0.22442722
4,99568828620385,0.04873585,-0.06364955,-0.28522456
10,99568832288353,0.029729605,0.23072338,0.37020588
4,99568837076687,0.100933805,-0.040213734,-0.23222765
10,99568842239551,0.07789731,0.36454153,0.26166964
4,99568846062989,0.18002969,0.02130529,-0.1123854
10,99568851782051,0.1780634,0.3378682,-0.19833565
4,99568856567728,0.17044231,0.054328486,-0.08362326
10,99568863339864,0.38511825,0.35017252,-0.42751598
4,99568868181739,0.108124346,0.21092236,-0.01304949
10,99568871813562,0.44682884,0.2968588,-0.3473668
4,99568875055489,0.09720538,0.27403927,0.008522116
10,99568883159656,0.29230618,0.04992056,-0.07721615
4,99568887942416,0.07243799,0.45247108,0.08735169
10,99568891601062,-0.09022641,-0.34430218,0.20111656
4,99568894841478,0.05219796,0.48842376,0.10439592
10,99568902860697,-0.23266196,-0.48071957,0.26252413
4,99568907602572,0.043675844,0.45992792,0.04234426
10,99568910825176,-0.6024847,-0.560091,0.37236977
4,99568910825176,0.043675844,0.45992792,0.04234426
4,99568915515281,0.05752428,0.4079963,-0.014647386
10,99568922650124,-0.596776,-0.49598742,0.33351326
4,99568927456739,0.10546118,0.24660872,-0.19547603
10,99568931121895,-0.35734236,-0.19101858,0.2943077
4,99568936016843,0.11132014,0.216515,-0.2412824
10,99568941104551,-0.23085034,-0.09686279,0.19875193
4,99568944972833,0.0958738,0.19600865,-0.29534456
10,99568950812833,-0.061692357,0.01423502,-0.024491787
2,99568954158822,-24.0,5.0,18.0
10,99568962226166,0.082894444,0.05059147,-0.12613487
4,99568967009916,0.039414786,0.24900557,-0.33768883
10,99568970666895,0.15178382,0.21111202,0.066180706
4,99568973946478,0.044208474,0.25406557,-0.3472762
10,99568982003301,0.13878071,0.32104778,0.06471014
4,99568986766530,0.06098639,0.24740767,-0.36458677
10,99568990417572,0.07249653,0.6252737,0.17895126
4,99568993691739,0.052996907,0.24580978,-0.35606465
10,99569001791947,0.031439185,0.5911083,0.18176937
4,99569006572364,0.03195793,0.27989823,-0.2876214
10,99569010195228,0.05521655,0.36260128,0.40767813
4,99569013442572,0.046072688,0.30040458,-0.25752768
10,99569021539499,0.041255236,0.2723241,0.45614767
4,99569026320072,0.112119086,0.33156356,-0.18535602
10,99569029595385,-0.2226038,0.07192612,0.5385065
4,99569034135072,0.17337179,0.34328148,-0.11318435
10,99569039882780,-0.31324565,0.036918163,0.49781656
4,99569043812780,0.21012342,0.31851408,-0.071106404
10,99569049646843,-0.39231348,0.23341322,0.4139371
4,99569052996322,0.25353295,0.27190876,-0.07084008
10,99569061556999,-0.32105732,0.37597466,0.4026761
4,99569066457260,0.28655612,0.21331921,-0.09853696
10,99569070104603,-0.17522788,0.5398693,0.18282938
4,99569073341114,0.28549087,0.18295917,-0.12543489
10,99569081193145,-0.13848984,0.59900427,0.14178228
4,99569086194551,0.24021713,0.15952335,-0.11984225
10,99569089840541,-0.105136395,0.7850461,0.05768633
4,99569093084395,0.22184132,0.16564862,-0.08548747
10,99569101025437,-0.039097548,0.7066798,0.17255163
4,99569105874864,0.2050634,0.2809635,-0.017044231
10,99569109515489,0.22944844,0.19510937,0.94405746
4,99569112726947,0.17710021,0.5368933,0.088150635
10,99569120807520,0.15980327,-0.11594772,1.4046459
4,99569125667208,0.16911073,0.8426242,0.2657835
10,99569129325072,-0.5653405,-1.2367468,2.5203958
2,99569134247103,-26.0,-12.0,22.0
10,99569139798353,-1.9203523,-2.5984473,2.6106
4,99569143626791,0.19441076,1.1134677,1.0769824
10,99569148431947,-2.4343524,-2.561758,2.3298593
4,99569151879812,0.4250405,0.8546084,1.1334413
10,99569160353770,-1.4187136,-0.82869196,0.76773405
4,99569165187468,0.7795073,0.59894496,0.40373522
10,99569168837051,-1.2923355,-0.7315426,0.43515205
4,99569172068041,0.1387507,0.42211103,-0.3089267
10,99569180129812,-2.7865052,-0.10980129,0.3205948
4,99569185050697,-0.4013384,0.12010857,-0.4924185
10,99569188696322,-3.7766266,1.4350038,0.7253461
4,99569191896895,-0.49827746,-0.20186761,-0.36618465
10,99569199932312,-3.1560373,0.5142245,0.5122223
4,99569204798614,-0.65007764,-0.55739963,-0.46205845
10,99569208433978,-1.6332097,-0.5876198,0.054739
4,99569211648249,-0.54648066,-0.7414241,-0.68869346
10,99569219706218,-0.77308804,-0.79725885,-0.3061657
4,99569224618197,-0.19387813,-0.7193198,-0.7773767
10,99569228253562,-0.59445465,-0.56396437,-0.3956852
4,99569233222468,-0.07163903,-0.66579026,-0.7286409
10,99569238735332,-0.9039966,0.54246473,-0.80259275
4,99569242557676,-0.043942157,-0.660464,-0.66392606
10,99569245414655,-1.0093352,1.7802525,-0.8983722
4,99569252222416,-0.1685781,-0.6676545,-0.6064018
10,99569260569968,-1.1690106,2.0115747,-0.8448796
4,99569264015749,-0.38748994,-0.695884,-0.5504754
10,99569268531062,-1.2483366,2.0274553,-0.8127346
4,99569271741791,-0.46951532,-0.71106404,-0.46259108
10,99569279027520,-1.1347804,1.4795213,-0.057704926
4,99569284009395,-0.4673848,-0.6695187,-0.37577203
10,99569287652103,-1.0670819,1.0574703,0.20626926
4,99569290899291,-0.43542686,-0.6372945,-0.30626354
10,99569298827155,-1.2524534,1.0371099,0.33229017
4,99569303736582,-0.3787015,-0.6426208,-0.22104238
10,99569307380020,-1.3672137,1.183795,0.47864008
2,99569310648770,-21.0,-8.0,20.0
10,99569316880749,-1.309753,0.99704695,0.4092083
4,99569321648614,-0.3289004,-0.6593987,0.007456851
10,99569326983301,-1.1619425,0.83101606,0.44730425
4,99569331747155,-0.3304983,-0.6649913,0.060453758
10,99569339889968,-1.0485772,0.87835264,0.39895868
4,99569343310541,-0.2908172,-0.6828345,0.17310548
10,99569346076270,-1.0485939,0.8783622,0.3989687
4,99569350880124,-0.27537087,-0.6921556,0.20240025
10,99569357546635,-0.89730716,1.2243009,0.0082883835
4,99569362358041,-0.32517198,-0.7155914,0.2974751
10,99569367449291,-0.80355513,1.2555466,-0.16130781
4,99569370673041,-0.41039312,-0.72970617,0.36565202
10,99569377321478,-0.68795145,1.0922308,-0.10995102
4,99569382144968,-0.47404268,-0.7518104,0.4463458
10,99569385932885,-0.56889987,0.8126731,-0.10670805
4,99569389905801,-0.48496163,-0.768322,0.48149952
10,99569397096218,-0.5330708,0.7046914,-0.095513344
4,99569401901687,-0.43702474,-0.84209156,0.54914385
10,99569405308666,-0.1288364,0.41172028,-0.18483448
4,99569409254395,-0.40266997,-0.8615326,0.5584649
10,99569416900489,0.01834011,0.3601303,-0.14578533
4,99569421696843,-0.2860235,-0.8644621,0.597347
10,99569425373822,0.51957154,0.03128767,-0.19313526
4,99569430159551,-0.262854,-0.8357,0.61838603
10,99569435302832,0.645205,-0.051464558,-0.2412796
4,99569439384655,-0.23542345,-0.7451525,0.64714813
10,99569445303718,0.89448285,-0.10749483,-0.14231396
4,99569448586478,-0.20639499,-0.6327671,0.64368606
10,99569456467832,1.1738105,-0.19922972,-0.006623745
4,99569461240749,-0.17896444,-0.5057343,0.60933125
10,99569465113093,1.4273586,-0.5115175,0.14869022
4,99569468368562,-0.12623383,-0.35446674,0.5768407
10,99569476241895,1.4159026,-0.7162919,0.19332886
4,99569481026114,-0.06551377,-0.18402444,0.58696073
10,99569485708301,1.4589646,-1.1818118,0.114439964
2,99569488938562,-25.0,1.0,20.0
10,99569496071114,1.480314,-1.1917682,0.15404463
4,99569500846999,0.1222391,0.10972224,0.52810484
10,99569504573822,1.4430976,-1.1433578,0.1993618
4,99569507871947,0.19361182,0.19041602,0.43303
10,99569515967676,1.3730795,-1.095211,0.08599615
4,99569520733509,0.21997711,0.22050974,0.3323625
10,99569524494447,1.3203979,-0.9578595,-0.16176987
4,99569529264447,0.20959078,0.21997711,0.22104238
10,99569534245384,1.4410789,-0.86595726,-0.34426594
4,99569538241322,0.19201392,0.2394182,0.10226539
10,99569543021062,1.7151077,-0.8365574,-0.17426872
4,99569547813405,0.20639499,0.30599722,0.0077231675
10,99569555358041,1.7821801,-0.9756899,0.08447647
4,99569560165176,0.20772657,0.40213734,-0.042876896
10,99569563892416,1.4806414,-1.0188289,0.30108118
4,99569567204030,0.23702134,0.464189,-0.06498113
10,99569575171218,1.1042485,-0.8732953,0.5078516
4,99569579922624,0.29880667,0.45327002,-0.080960095
10,99569583691582,0.81127715,-0.77316284,0.62792015
4,99569586968457,0.34274885,0.38802257,-0.114782244
10,99569594902468,0.7667527,-0.65558577,0.52794504
4,99569599669759,0.35792887,0.31185618,-0.17576863
10,99569603364551,0.7608807,-0.378592,0.37034035
4,99569608117572,0.3470099,0.25566345,-0.23169503
10,99569614682832,0.7794843,-0.093453884,0.121101856
4,99569619521374,0.31451932,0.24767399,-0.25752768
10,99569623296009,0.8440056,6.380081E-4,0.14692163
4,99569628054395,0.26312032,0.3107909,-0.24181503
10,99569633019707,0.72445726,-0.21477032,0.1873188
4,99569637135072,0.19254655,0.38136467,-0.20692763
10,99569643074811,0.4280939,-0.26399422,0.25419235
4,99569646355957,0.17976338,0.40879524,-0.19627498
10,99569654239707,0.060188532,-0.26480818,0.26893282
4,99569659060489,0.20959078,0.36218992,-0.21784659
10,99569662725541,-0.15541577,-0.35776472,0.25661564
2,99569666114864,-26.0,1.0,20.0
10,99569674013249,-0.23449707,-0.3361864,0.18176079
4,99569678845280,0.26631612,0.2031992,-0.32597092
10,99569683465801,-0.16584516,-0.265131,0.07609367
4,99569686669916,0.2692456,0.165116,-0.37444046
10,99569693791166,-0.03592801,-0.12949324,0.021109104
4,99569698634239,0.25406557,0.17124127,-0.4032026
10,99569703833614,0.08287835,0.069860935,-0.064453125
4,99569707053093,0.22237396,0.21544974,-0.41545314
10,99569713562624,0.06665063,0.21528769,-0.15162182
4,99569718393197,0.18402444,0.2625877,-0.4114584
10,99569723386166,-0.041324854,0.35601425,-0.2543769
4,99569728139603,0.16484967,0.31052458,-0.38589206
10,99569733098666,-0.124611616,0.36463308,-0.20135212
4,99569736896530,0.15686019,0.3587278,-0.34328148
10,99569742414655,-0.21272874,0.3597684,-0.032388687
4,99569745662936,0.18375812,0.4098605,-0.30493194
10,99569753147884,-0.3767265,0.43980217,0.18803787
4,99569757914811,0.24048345,0.4428837,-0.25566345
10,99569762980280,-0.63550174,0.26452923,0.17480803
4,99569766227989,0.23728766,0.4631237,-0.20639499
10,99569772880124,-0.81085765,0.19066048,0.12929535
4,99569777656999,0.22770028,0.44235107,-0.19627498
10,99569782777936,-0.91508174,0.3158064,0.30881405
4,99569786003770,0.22716765,0.38748994,-0.19813919
10,99569792653822,-0.9458921,0.45210886,0.29968596
4,99569797415332,0.22343922,0.3368899,-0.18242654
10,99569802506166,-0.8799503,0.62132454,0.33686447
4,99569805750801,0.2213087,0.30519825,-0.1571265
10,99569812414291,-0.7802032,0.66223717,0.15306807
4,99569817219447,0.21731395,0.28788772,-0.13795175
10,99569822362259,-0.6507001,0.80642986,0.027585983
4,99569827121374,0.21438447,0.28229508,-0.13848437
10,99569832034395,-0.60348916,0.85484695,0.041386604
4,99569835917207,0.19254655,0.2926814,-0.13209279
10,99569841389186,-0.6460848,0.68766737,-0.053188324
2,99569844650228,-23.0,-8.0,23.0
10,99569851980697,-0.6650561,0.58203983,-0.04246664
4,99569856752363,0.15286545,0.3400857,-0.06391586
10,99569861865488,-0.92930686,0.31854963,0.12207556
4,99569865080801,0.15446335,0.34301516,-0.04314321
10,99569871794968,-1.0904357,0.0424757,0.2390256
4,99569876666686,0.15073492,0.30386668,0.0015978967
10,99569881743822,-1.126545,0.0062060356,0.4138031
4,99569884952728,0.17576863,0.27217507,0.002396845
10,99569891522624,-1.1476781,-0.0013389587,0.30533028
4,99569896346322,0.22716765,0.14913702,-0.008255799
10,99569901439863,-1.0614431,0.15766811,0.24640417
4,99569904646530,0.2330266,0.11345066,-0.01304949
10,99569911352520,-0.9258164,0.24949694,0.19957018
4,99569916123353,0.23169503,0.07057377,-0.029294772
10,99569921173770,-0.63712204,0.4769292,0.29465532
4,99569926109707,0.20746025,0.06791061,-0.037284255
10,99569931027051,-0.6239897,0.47879267,0.19271421
4,99569935026530,0.18269286,0.101200126,-0.015978966
10,99569940058874,-0.63211167,0.26741934,0.6462369
4,99569943278718,0.15925704,0.22556975,0.09560748
10,99569950901218,-0.6016073,-0.02949047,0.8456092
4,99569955718666,0.17789917,0.3834952,0.26818034
10,99569960978145,-0.7364558,-0.799592,1.5357027
4,99569964448822,0.27723506,0.49641323,0.4282363
10,99569970626113,-0.8087327,-0.93350315,1.6140518
4,99569975539811,0.43089947,0.53076804,0.5832323
10,99569980424447,-1.1371994,-0.90786314,1.0599093
4,99569983657780,0.55340487,0.4644553,0.65380603
10,99569990412311,-1.048727,0.013613701,0.19806862
4,99569995258926,0.61412495,0.4133226,0.454069
10,99570000418197,-0.77902365,0.782156,-0.2671752
4,99570003620332,0.2876214,0.32863408,0.06684534
10,99570010177468,-1.3339021,0.6790681,-0.24307823
4,99570015006166,-0.3438141,0.13102753,-0.17443706
10,99570019612936,-2.1850972,0.93293,-0.07947636
2,99570024574968,-22.0,-13.0,26.0
10,99570029497572,-2.3785229,0.5796437,0.28460026
4,99570029497572,-0.64768076,-0.12436963,-0.15313177
11,99570029497572,-0.305654,0.138675,-0.580413,0.741933,0.0
4,99570033604863,-0.6578008,-0.19920446,-0.13448964
10,99570038279863,-1.8658837,-0.82792854,0.42729282
4,99570043206895,-0.6101302,-0.36485308,-0.21758026
10,99570049777936,-1.3219688,-1.367733,0.64030075
4,99570054607676,-0.33662358,-0.5267733,-0.3787015
10,99570059187988,-1.3934242,-1.1920295,0.7805033
4,99570062418822,-0.14594123,-0.62983763,-0.48043427
10,99570069528197,-1.4741144,-0.55080557,0.27209282
4,99570074421270,-0.13582122,-0.7299725,-0.5201154
10,99570079033353,-1.444752,0.4111085,0.13798714
4,99570082264603,-0.2793656,-0.80533993,-0.504669
10,99570089347155,-1.4300033,0.92572165,-0.10344744
4,99570094196843,-0.53289855,-0.85753787,-0.44794372
10,99570098812988,-1.2763656,1.1415496,0.046597958
4,99570102065280,-0.7036072,-0.8471516,-0.37630466
10,99570109076999,-1.1044161,0.90071917,0.31481838
4,99570113970176,-0.7819041,-0.79255676,-0.30626354
10,99570118583822,-1.1049325,0.51047325,0.4723897
4,99570123490593,-0.8024104,-0.7451525,-0.2796319
10,99570128392155,-1.3308184,0.4526806,0.50708437
4,99570132223509,-0.75793564,-0.76592517,-0.26418558
10,99570134791374,-1.6588318,0.6777253,0.43524933
4,99570142203926,-0.67031765,-0.83543366,-0.21065605
10,99570150144863,-1.8686854,0.8788433,0.28563643
4,99570154984655,-0.6402239,-0.94302535,-0.13289174
10,99570159569811,-1.9364625,0.92016935,0.34506893
4,99570162801999,-0.639425,-1.0183928,-0.070307456
10,99570168770280,-1.0405811,0.51619864,0.19870329
4,99570173678978,-0.63915867,-1.0266486,-0.013582122
10,99570178289499,-0.60261333,0.31595373,0.06790781
4,99570181508301,-0.6048039,-0.9752496,0.053795855
10,99570188212520,-0.29686022,0.49814034,-0.076197624
4,99570193067259,-0.5227785,-0.8852348,0.114782244
10,99570195163509,-0.12448096,0.7615061,-0.3012514
2,99570201543926,-21.0,-7.0,21.0
10,99570209509447,-0.1308279,0.98198605,-0.3436017
4,99570214363770,-0.50173956,-0.6828345,0.23835292
10,99570218051634,-0.1618383,1.0198684,-0.29369926
4,99570222950957,-0.5387575,-0.59415126,0.29534456
10,99570227865801,-0.12115908,1.0093684,-0.16917706
4,99570231683457,-0.5933523,-0.4892227,0.36884782
10,99570234847884,-0.19538426,0.7483864,0.13967037
4,99570240942572,-0.6130597,-0.43702474,0.4133226
10,99570247773457,-0.3006389,0.6908102,0.16912079
4,99570252584863,-0.5747102,-0.3901531,0.5438175
10,99570256240176,-0.60622287,0.8099427,-0.28010464
4,99570259480957,-0.53529537,-0.4149205,0.566987
10,99570267522728,-0.58171153,0.88185644,-0.40414143
4,99570272321009,-0.42024684,-0.4990764,0.57577544
10,99570276033770,-0.18024373,0.7548518,-0.39482355
4,99570279281947,-0.386691,-0.5238438,0.5704491
10,99570287346738,-0.028354168,0.64708805,-0.39021826
4,99570291371061,-0.36432046,-0.56751966,0.54621434
10,99570295571530,0.40540075,0.62044764,-0.3810091
4,99570298977155,-0.36139098,-0.5659217,0.53929013
10,99570307076530,0.52178,0.6724367,-0.21483755
4,99570311912051,-0.32490566,-0.525708,0.55739963
10,99570315570801,0.81519246,0.44428825,0.24843454
4,99570320380072,-0.2892193,-0.49215218,0.5792375
10,99570325468561,0.86952424,0.26421833,0.43928194
4,99570329330853,-0.1965413,-0.41278997,0.6306366
10,99570335101426,0.96120477,-0.10125399,0.6013293
4,99570338534290,-0.09986854,-0.32810146,0.655404
10,99570347176322,1.0296412,-0.3017273,0.70902395
4,99570352007051,0.025033714,-0.23861924,0.6562029
10,99570355674134,0.9501953,-0.37567806,0.55963993
4,99570358922728,0.052464273,-0.21758026,0.6580671
10,99570366775488,0.94576216,-0.3693862,0.4695468
4,99570371549238,0.10679276,-0.15765914,0.68176925
10,99570375206738,1.0183089,-0.31278563,0.22724915
2,99570378471530,-26.0,6.0,19.0
10,99570386592624,1.095984,-0.28111935,0.13844538
4,99570391364186,0.14434333,-0.020240024,0.69295454
10,99570395025697,1.1986349,-0.34171152,0.13789701
4,99570398234811,0.14247912,0.020772656,0.68842715
10,99570406397051,1.2105198,-0.3625183,0.16085863
4,99570411185749,0.1470065,0.094009586,0.67324716
10,99570415027728,0.94032836,-0.42695713,0.31070566
4,99570419784707,0.14913702,0.16112125,0.63862604
10,99570425313092,0.89895463,-0.4827094,0.28603935
4,99570429135124,0.1307612,0.20106867,0.56938386
10,99570433990436,0.70480037,-0.5774064,0.38772392
4,99570437427363,0.12010857,0.21385184,0.48975533
10,99570445903457,0.50359535,-0.787477,0.51643276
4,99570450673145,0.1222391,0.19361182,0.42530683
10,99570454389863,0.31973553,-1.0268278,0.53858376
4,99570457618197,0.15020229,0.15286545,0.3685815
10,99570465680020,0.34272957,-0.98885155,0.5168209
4,99570470445592,0.20479709,0.090014845,0.29640985
10,99570474240540,0.45859718,-0.797812,0.38037682
4,99570477462624,0.24554345,0.015446335,0.20746025
10,99570485459030,0.590539,-0.48241425,0.05825329
4,99570490295645,0.24181503,-0.019973708,0.1323591
10,99570494019655,0.7188778,-0.19858074,-0.11024237
4,99570497272624,0.21491711,0.0058589545,0.08655274
10,99570505232103,0.8854351,0.014789581,-0.09386587
4,99570510029290,0.17976338,0.087085366,0.08016115
10,99570513727572,0.78079844,-0.064358234,-0.016736984
4,99570518537572,0.14753912,0.18136127,0.1222391
10,99570524061738,0.55266166,-0.28810644,0.015809536
4,99570527859394,0.14354439,0.23515713,0.1504686
10,99570533053561,0.40230227,-0.31893587,0.17649984
4,99570536301165,0.19014971,0.23648871,0.12809806
10,99570544798353,0.33916473,-0.40513468,0.2859788
2,99570556117676,-27.0,16.0,19.0
10,99570563969186,0.255414,-0.22447729,0.30334473
4,99570568704499,0.26312032,0.23062976,0.042876896
10,99570572095905,0.20889473,-0.14793062,0.07928467
4,99570576873874,0.25193503,0.26658243,0.053263225
10,99570584074759,0.28419304,-0.054069042,-0.05849409
4,99570588718926,0.23702134,0.299073,0.025566347
10,99570592206322,0.2909248,-0.076844215,-0.05918932
4,99570596838822,0.21917816,0.31372038,-0.02396845
10,99570603863197,0.1295681,-0.20158291,-0.1111784
4,99570608448301,0.20080236,0.3086604,-0.052464273
10,99570611998353,0.0031727552,-0.24289942,0.19834948
4,99570616609915,0.1933455,0.28495824,-0.06578008
10,99570622473874,-0.109975696,-0.33883286,0.26221323
4,99570627161582,0.16618125,0.24660872,-0.08335695
10,99570630627676,-0.18502367,-0.18541098,0.3081956
4,99570636131530,0.16112125,0.22343922,-0.098004326
10,99570643457624,-0.20746696,-0.10205364,0.43400335
4,99570648129186,0.15792546,0.1488707,-0.13022858
10,99570651612103,-0.18472075,-0.08575964,0.33152485
4,99570656215853,0.14594123,0.12836437,-0.13209279
10,99570663249863,-0.11992228,0.019538403,0.34788465
4,99570667848509,0.16138756,0.11105382,-0.14327806
10,99570671417572,-0.08551431,0.11142969,0.37520742
4,99570675995072,0.18375812,0.11851067,-0.14647387
10,99570682917415,-0.14785779,-0.03565693,0.3904853
4,99570687550384,0.20426446,0.14753912,-0.12809806
10,99570691020957,-0.2762407,-0.09679699,0.41655874
4,99570694541113,0.21331921,0.1486044,-0.12756541
10,99570701653613,-0.31277394,-0.08509207,0.4529562
4,99570706264915,0.23622239,0.099069595,-0.19281286
10,99570709709290,-0.46404433,0.07983875,0.4715128
4,99570715540019,0.23276028,0.063116916,-0.2213087
10,99570721394238,-0.53687084,0.11986971,0.4417591
4,99570726051842,0.20746025,-0.01304949,-0.26232138
10,99570729500176,-0.38838625,0.2044754,0.2031064
2,99570735031321,-29.0,11.0,19.0
10,99570741631374,-0.27827036,0.13998127,0.3166914
4,99570746310853,0.10759171,0.12410331,-0.2711098
10,99570749797519,0.010794878,-0.22282362,0.56358576
4,99570753876634,0.08042747,0.24607609,-0.23702134
10,99570762367571,0.06488502,-0.48449612,0.66846323
4,99570767310019,0.02956109,0.72251564,0.01438107
10,99570770527519,-0.31055117,-0.95181274,1.490622
4,99570774963717,0.083889574,0.8580705,0.16058862
10,99570782140488,-0.4987005,-1.1083865,1.5994596
4,99570786947988,0.45353633,0.9819075,0.67484504
10,99570790586113,-0.24274921,-0.86935234,1.2315621
4,99570793794551,0.61705446,0.9190569,0.78563255
10,99570801925592,0.3120494,-0.14113283,0.6736951
4,99570806744394,1.1757857,0.7981494,0.59095544
10,99570810394290,1.2694337,2.9339452,0.12428427
4,99570815235905,1.2508868,0.8745821,0.3616573
10,99570820829134,0.6814606,2.341496,0.026404858
4,99570826055696,0.29880667,0.98137486,0.011451593
10,99570829707728,-1.5804567,1.4179678,0.14466286
4,99570832945540,-0.7640609,0.5297027,-0.08628642
10,99570841487467,-3.5500574,2.5832481,1.5941763
4,99570846250957,-0.9153285,-0.2876214,0.059921127
10,99570849904551,-2.6311502,-1.3231153,0.66618156
4,99570853150801,-0.94462323,-0.5161206,0.01571265
10,99570861236426,-1.663717,-2.1065688,0.6939869
4,99570866135644,-0.28868666,-0.9733854,-0.3888215
10,99570869815853,-0.1451503,-1.4870086,-0.011565685
4,99570873050853,0.024501082,-0.9827065,-0.45540056
10,99570881014342,-0.102912664,-0.95799875,-0.8535347
4,99570885943613,0.31505197,-0.8836369,-0.4822985
10,99570889580176,-0.101498365,0.61919117,-1.339663
4,99570892815801,0.23782028,-0.83996105,-0.42184472
10,99570900765540,-0.31970513,1.3071213,-1.1857672
4,99570905730957,0.2396845,-0.8383631,-0.30972564
10,99570909376894,-0.10856521,1.743381,-1.4274802
2,99570913039186,-25.0,11.0,21.0
10,99570920076686,0.024664283,1.3105531,-1.4159632
4,99570924950071,-0.20266657,-0.64555025,-0.2926814
10,99570928285280,0.1737299,0.8360224,-0.8036146
4,99570932157415,-0.28682247,-0.5044027,-0.28868666
10,99570940334082,-0.04525423,0.16863632,-0.46432638
4,99570945185749,-0.25672874,-0.3651194,-0.20293288
10,99570948843457,-0.20095551,-0.18725729,-0.28222513
4,99570952073248,-0.1304949,-0.27164245,-0.13156016
10,99570960087415,-0.18649232,-0.20201921,-0.14504242
4,99570965207207,0.006657903,-0.20772657,-0.10519487
10,99570968884811,-0.17195582,-0.11081886,-0.16691971
4,99570972129342,0.09081379,-0.1555286,-0.0892159
10,99570979525436,-0.14533114,-0.008023262,-0.16200781
4,99570984756998,0.11744541,-0.094009586,-0.052464273
10,99570988413509,-0.18368626,-0.029866219,-0.53527784
4,99570991647832,0.096939065,-0.016511599,-0.0063915867
10,99570999313457,-0.07234502,0.20708084,-0.543921
4,99571004294082,0.11318435,0.052996907,0.00479369
10,99571007899498,0.10991001,0.29471493,-0.41103745
4,99571012728301,0.10519487,0.123038046,-0.01438107
10,99571017834551,0.15029502,0.019402504,-0.29523563
4,99571021643092,0.0644485,0.18082865,-0.029827405
10,99571025914551,0.066500425,-0.028466702,0.13572931
4,99571031049811,0.064182185,0.22929817,-0.03222425
4,99571040124967,0.064182185,0.22929817,-0.03222425
4,99571044079811,0.05006743,0.2625877,-0.022104237
10,99571048485853,-0.09934926,-0.13516903,0.3889742
4,99571051733353,0.023702133,0.27350664,-0.032756884
10,99571058586061,-0.37848902,-0.31756353,0.60328436
4,99571062536217,0.05885586,0.24181503,-0.063116916
10,99571067511686,-0.45647633,-0.037647247,0.6085715
4,99571067511686,0.09134643,0.21358553,-0.06897587
4,99571071537415,0.11744541,0.18136127,-0.06764429
10,99571076963509,-0.36141777,0.2069416,0.48235464
4,99571080903821,0.13502227,0.13795175,-0.056991648
10,99571084123457,-0.066934824,0.4990406,0.420115
2,99571090155853,-25.0,7.0,23.0
10,99571098106321,0.12915015,0.68526506,0.2887969
4,99571102381738,0.07057377,0.1736381,-0.024767399
10,99571104267363,0.1530869,0.7930031,0.07331991
4,99571110579446,0.04580637,0.19813919,-0.0058589545
10,99571117457051,0.19817376,0.7717056,-0.057757854
4,99571122151998,0.025033714,0.28842035,0.03089267
10,99571126404290,0.22716522,0.53348446,-0.03866291
4,99571129635957,0.029294772,0.32730252,0.038083203
10,99571137340748,0.23369217,0.3448348,0.04015255
4,99571141953144,0.07989483,0.4426174,0.06684534
10,99571146217207,0.004391551,-0.1332612,0.3490672
4,99571149410592,0.11504856,0.46685216,0.07403588
10,99571157046321,-0.0851537,-0.21683073,0.41110182
4,99571161667884,0.21837921,0.45060685,0.058589544
10,99571165242103,-0.3774171,-0.18975449,0.3341565
4,99571170406373,0.24101609,0.42184472,0.04261058
10,99571176818040,-0.39042056,-0.14564085,0.25155115
4,99571181425488,0.24181503,0.340352,-0.04447479
10,99571185698769,-0.20856714,-0.037203312,0.23112202
4,99571190300644,0.2263687,0.32597092,-0.07243799
10,99571196592311,-0.17810202,-0.055553436,0.13882685
4,99571201189863,0.15632756,0.3422162,-0.1025317
10,99571205519342,-0.16992033,-0.19163322,0.29841566
4,99571210109394,0.12783173,0.35926044,-0.10226539
10,99571215214707,-0.25001645,-0.21683502,0.42930698
4,99571220469342,0.09614012,0.37071204,-0.10066749
10,99571224091165,-0.47476637,-0.23970222,0.63339376
4,99571229462103,0.0892159,0.32517198,-0.10546118
10,99571236146269,-0.63097346,-0.15483284,0.7540221
4,99571240730800,0.10066749,0.23675503,-0.12809806
10,99571245059759,-0.669049,0.12004185,0.73599577
4,99571248286165,0.101200126,0.13821806,-0.15792546
10,99571255934811,-0.6352817,0.1850996,0.68063974
4,99571260579967,0.08468852,0.07403588,-0.16990969
10,99571264127728,-0.5535593,0.37739515,0.57234573
2,99571268756113,-30.0,1.0,25.0
10,99571275691842,-0.56516457,0.408103,0.55919456
4,99571280290592,0.05006743,0.03222425,-0.13582122
10,99571283843300,-0.6143521,0.4804082,0.6137662
4,99571288432832,0.06578008,0.010386328,-0.10839066
10,99571295498144,-0.7433517,0.47859573,0.6034236
4,99571300063353,0.10626013,-0.040746365,-0.07456851
10,99571303817415,-0.81514794,0.50808907,0.6605191
4,99571308703457,0.16138756,-0.12010857,-0.05486112
10,99571314144186,-0.72861636,0.5178175,0.5459609
4,99571318210071,0.1818939,-0.19707392,-0.041545313
10,99571324524082,-0.55984235,0.5906887,0.3143258
4,99571327765384,0.18295917,-0.24474451,-0.03009372
10,99571335298040,-0.4104427,0.76384497,0.122089386
4,99571340123665,0.1768339,-0.25885928,-0.002130529
10,99571344969655,-0.3078941,0.81592035,-0.052009106
4,99571348219863,0.15286545,-0.23808661,0.04261058
10,99571355077467,-0.17665625,0.7556405,-0.121292114
4,99571359921842,0.14594123,-0.18961707,0.08548747
10,99571364897780,0.033192396,0.5866127,0.1113019
4,99571368145436,0.14727281,-0.1025317,0.10439592
10,99571374894030,0.18007433,0.34350538,0.39745712
4,99571379681113,0.14354439,0.06178534,0.11664646
10,99571384808717,0.1810205,-0.07183504,0.9464145
4,99571388047884,0.12756541,0.2860235,0.18322548
10,99571394647050,-0.024332285,-0.66314507,1.2275424
4,99571399427780,0.1025317,0.4926848,0.2958772
10,99571404489238,-0.41936767,-1.0544467,1.2852812
4,99571409271738,0.16564862,0.67697555,0.5006743
10,99571414252311,-0.83224666,-2.0353107,1.4838166
4,99571418070280,0.26658243,0.78723043,0.8135957
10,99571423015957,-1.0222893,-2.8327427,1.6347365
4,99571426291425,0.5336975,0.6420882,0.9416938
10,99571434244759,-0.16871369,-1.5181322,1.2343507
4,99571439058925,1.1049455,0.40772998,0.44421527
10,99571444128769,0.12565339,-1.3628078,1.2986069
2,99571447371269,-31.0,-1.0,29.0
10,99571454016790,-1.3211815,-0.64394,1.0002584
4,99571458793144,-0.010918961,-0.1304949,-0.45886266
10,99571463938717,-2.7492452,1.0098691,1.4782591
4,99571467187988,-0.29507825,-0.41944787,-0.29161614
10,99571473791165,-2.5504189,-0.032363415,1.0427065
4,99571478650748,-0.5222459,-0.69774824,-0.22929817
10,99571483693457,-0.9534366,-1.2244487,0.4351101
4,99571486934342,-0.38136467,-0.8745821,-0.41918156
10,99571493528144,0.056279063,-1.0866265,-0.10794926
4,99571498304550,0.071106404,-0.79202414,-0.55127436
10,99571503512832,0.3038646,-0.20247793,-0.81360006
4,99571508294602,0.30945933,-0.6202502,-0.56751966
10,99571513245957,0.10408652,0.9690709,-1.1792736
4,99571517062623,0.16245283,-0.52837116,-0.5680523
10,99571522530957,-0.6402174,1.8827381,-1.4650183
4,99571525750123,-0.059921127,-0.51052797,-0.49295112
10,99571533128457,-0.95458883,2.2169452,-1.0356073
4,99571537914186,-0.24074976,-0.49321744,-0.43063316
10,99571543060019,-0.6894734,1.1688862,-0.92107916
4,99571546302363,-0.42850262,-0.4561995,-0.45486793
10,99571552852519,-0.48012626,0.36877775,-0.37348652
4,99571557633300,-0.43382895,-0.37603834,-0.44394895
10,99571562757259,-0.7538004,0.041555405,0.015495777
4,99571565985280,-0.32597092,-0.30146983,-0.340352
10,99571572642727,-0.98069537,0.13041925,0.061302662
4,99571577428769,-0.23728766,-0.29507825,-0.25246766
10,99571582571269,-1.0320438,0.46888113,-0.027730942
4,99571585816686,-0.22663501,-0.33289513,-0.22423817
10,99571592464811,-0.86459494,0.83747864,-0.037771225
4,99571597281634,-0.25513083,-0.34088463,-0.19014971
10,99571602424915,-0.7005744,0.7281041,-0.26933575
4,99571607215436,-0.29640985,-0.30013826,-0.09960223
10,99571612131738,-0.56211364,0.555284,-0.43222046
4,99571615945436,-0.30280143,-0.21411815,-0.015978966
10,99571620480488,-0.4301852,0.5485039,-0.5471873
2,99571625388248,-22.0,3.0,25.0
10,99571632002467,-0.4385637,0.5962467,-0.54534864
4,99571636793404,-0.28495824,-0.12516858,-0.021837922
10,99571641415384,-0.6689154,0.675982,-0.37578392
4,99571644655227,-0.2942793,-0.15020229,-0.032756884
10,99571651750279,-0.7284303,0.7288995,-0.31540585
4,99571656537415,-0.3270362,-0.26418558,-0.050333746
10,99571661159550,-0.5059297,0.813478,-0.15847778
4,99571664536582,-0.33129725,-0.2926814,-0.050333746
10,99571671563248,-0.41003335,0.7599311,-0.049411297
4,99571676359654,-0.35446674,-0.25965822,0.019707393
10,99571680973404,-0.27813864,0.18832827,0.038071156
4,99571684261321,-0.36778256,-0.21331921,0.06098639
10,99571691328457,-0.29982305,0.0613904,0.04449749
4,99571696094967,-0.32437304,-0.101200126,0.12516858
10,99571699770957,-0.4395498,0.21986437,-0.0063667297
4,99571704626269,-0.29028457,-0.091080114,0.112119086
10,99571709667154,-0.5283073,0.4110427,-0.101129055
4,99571713769134,-0.24847293,-0.10652645,0.06684534
10,99571719690644,-0.617208,0.66071606,-0.14513922
4,99571722951061,-0.26338664,-0.14434333,0.015446335
10,99571730856582,-0.53763115,0.7066016,-0.03632593
4,99571735709029,-0.31931302,-0.17417073,-0.014913702
10,99571740301217,-0.2963183,0.3224573,0.43388605
4,99571743548717,-0.38242993,-0.1536644,-0.009853696
10,99571750660175,-0.2550757,0.14681244,0.55380535
4,99571755565384,-0.43888897,-0.09720538,0.025300032
10,99571760183352,-0.2921605,-0.24957037,0.7976923
4,99571763457050,-0.4394216,-0.041545313,0.06844324
10,99571770445227,-0.39995098,-0.26731777,0.5589876
4,99571775334759,-0.4111921,-0.07803062,0.08681905
10,99571779950436,-0.50527847,-0.013251781,-0.08112669
4,99571783182467,-0.3752394,-0.17044231,0.036485307
10,99571790217154,-0.4242208,0.27574444,-0.59317684
4,99571795095019,-0.36005938,-0.25246766,-0.021038974
10,99571799674290,-0.19322681,0.36489534,-0.6523304
2,99571804522363,-24.0,6.0,21.0
10,99571809466529,0.117810726,0.33300877,-0.4072733
4,99571813563352,-0.31372038,-0.2695119,-0.040213734
10,99571818257779,0.25539875,0.3117957,-0.24040222
4,99571823149811,-0.35100463,-0.23835292,-0.025033714
10,99571829766529,0.22587991,0.5004015,0.0054326057
4,99571834643300,-0.39361522,-0.18881813,0.0077231675
10,99571839251581,0.04635048,0.3138795,0.177917
4,99571842488404,-0.46685216,-0.15632756,0.066312715
10,99571849583196,-0.036237955,0.06312561,0.31825876
4,99571854426165,-0.49401638,-0.15073492,0.09347696
10,99571858184967,0.018509626,-0.028963089,0.6054249
4,99571861426946,-0.4631237,-0.175236,0.07403588
10,99571869305540,0.021801233,-0.0765686,0.63676596
4,99571874133092,-0.41518682,-0.2016013,0.04580637
10,99571878743352,0.09831548,-0.11331844,0.66100645
4,99571881989290,-0.3651194,-0.20905815,0.037284255
10,99571889092206,0.17373562,-0.0964489,0.5690446
4,99571893996269,-0.31478566,-0.19574234,0.04926848
10,99571898603613,0.25551772,0.012339592,0.6278539
4,99571903520852,-0.25672874,-0.15739283,0.07456851
10,99571908496217,0.31229472,0.06607008,0.5556359
4,99571912296061,-0.23462449,-0.114782244,0.09986854
10,99571915743977,0.35300684,0.11873579,0.50295067
4,99571922087102,-0.24394555,-0.06764429,0.11797804
10,99571930104290,0.35659122,0.22829819,0.5809598
4,99571934952259,-0.257794,-0.039414786,0.122771725
10,99571940273561,0.35853148,0.24421787,0.5989585
4,99571943516113,-0.26178873,-0.0314253,0.12330436
10,99571949569967,0.3395431,0.22919369,0.6313853
4,99571954417102,-0.24580978,-0.03488741,0.124902256
10,99571959399915,0.34147716,0.2438941,0.6481371
4,99571962641165,-0.20186761,-0.039947417,0.12357068
10,99571968773352,0.36901975,0.24838734,0.5179758
4,99571973614967,-0.15579493,-0.038615838,0.119043306
10,99571978734967,0.39860392,0.26679277,0.5665426
2,99571981987988,-27.0,9.0,17.0
10,99571988259134,0.39810562,0.24946833,0.6077461
4,99571993113040,-0.14247912,-0.018375812,0.11771172
10,99571998250696,0.2418747,0.12836838,0.41290522
4,99572003089394,-0.13901702,-0.02130529,0.1323591
10,99572008186946,0.18742514,-0.03309679,0.4478488
4,99572011989550,-0.11504856,-0.029827405,0.13475595
10,99572013943456,0.23052359,-0.19351768,0.5651598
4,99572020868613,-0.092145376,-0.035952676,0.12650016
10,99572028111946,0.23755121,-0.26618624,0.6193433
4,99572033049394,-0.029827405,-0.064182185,0.09960223
10,99572036707831,0.30641532,-0.35185194,0.7208371
4,99572039959706,-0.00958738,-0.066046394,0.0958738
10,99572047944029,0.2538662,-0.34417486,0.6476927
4,99572052846946,0.013582122,-0.033822145,0.10546118
10,99572056487519,0.2595451,-0.3070631,0.6559725
4,99572059719290,0.018642128,-0.015180019,0.1123854
10,99572067681738,0.24396586,-0.47342062,0.5841718
4,99572072488040,-0.004527374,0.04447479,0.13342437
10,99572076145800,0.13899994,-0.6450219,0.49633026
4,99572079390227,-0.021038974,0.05912218,0.13954964
10,99572087446633,0.11951709,-0.61806107,0.5124998
4,99572092282258,-0.0013315806,0.052996907,0.13262543
10,99572095944133,0.055392742,-0.32777452,0.5115409
4,99572100768821,0.013315806,0.038615838,0.122771725
10,99572106395748,0.03001976,-0.23117828,0.3746977
4,99572110195644,0.022903185,0.0026631611,0.08868326
10,99572115038248,0.04840398,0.07200718,0.14169598
4,99572119837727,0.015978966,0.0,0.07882957
10,99572127016008,0.06842494,0.1258111,0.06513643
4,99572131852415,-0.0127831735,0.013315806,0.054328486
10,99572135526842,0.08194065,0.23773432,-0.007519245
4,99572138748873,-0.013315806,0.018375812,0.04660532
10,99572146789758,0.033331156,0.27791595,0.030015469
4,99572151647936,0.0077231675,0.03568636,0.019441076
10,99572155306529,-0.15605116,0.1855197,0.059068203
2,99572158561113,-27.0,11.0,18.0
10,99572166542467,-0.22276735,0.052488804,0.047283173
4,99572171349654,-0.022104237,0.0127831735,-0.043942157
10,99572175011790,-0.31263018,0.008497715,0.15880203
4,99572178259029,-0.018908445,-0.0031957934,-0.06578008
10,99572186311790,-0.3680129,0.049876213,0.18946314
4,99572191130383,-5.326322E-4,-0.049534798,-0.092944324
10,99572194961113,-0.37986708,0.15905857,0.24624538
4,99572199757831,0.0063915867,-0.056991648,-0.09321064
10,99572205302623,-0.35334396,0.21643734,0.21352816
4,99572209107519,0.01784318,-0.06684534,-0.09161274
10,99572213973248,-0.24480343,0.3203702,0.21823072
4,99572217407988,0.024234766,-0.06498113,-0.09454222
10,99572225853456,-0.2323618,0.41844416,0.23614216
4,99572230630175,0.015180019,-0.040213734,-0.07669904
10,99572234296686,-0.28968787,0.31404543,0.17070532
4,99572237533508,-0.027164243,0.0010652645,-0.03834952
10,99572245673352,-0.32005286,0.3206644,0.17167902
4,99572250619915,-0.034088463,0.032756884,-0.0013315806
10,99572254315904,-0.44279957,0.22915554,0.16127253
4,99572257562675,-0.015978966,0.041545313,0.021837922
10,99572265546738,-0.44960856,0.15483809,0.133214
4,99572270306477,-0.017310547,0.026897928,0.01784318
10,99572274094758,-0.44463563,0.18063688,0.20525599
4,99572277334706,-0.005060006,5.326322E-4,-0.0037284256
10,99572285195696,-0.44016576,0.18602514,0.2650032
4,99572290057935,-0.0055926386,-0.014913702,-0.010120012
10,99572293786998,-0.40679836,0.062119007,0.22268915
4,99572298629654,-0.027696876,-0.0031957934,0.00479369
10,99572304179915,-0.40347242,0.018970013,0.18687344
4,99572307973092,-0.034088463,0.010652645,0.019707393
10,99572312867050,-0.41948533,-0.0011234283,0.09454346
4,99572316284810,-0.026631612,0.00958738,0.01571265
10,99572324794290,-0.3995974,0.03156185,-0.016797066
4,99572329666685,-0.010652645,-0.015978966,-0.013315806
10,99572333466685,-0.30682874,0.08136654,0.055245876
2,99572336727831,-27.0,11.0,19.0
10,99572344577258,-0.24934125,0.08807373,0.15479708
4,99572349370435,-0.0010652645,-0.031158986,-0.058056913
10,99572352605540,-0.26021862,0.065425396,0.23737526
4,99572356565331,-0.011717909,-0.013848438,-0.037550572
10,99572364325123,-0.2645142,0.14873266,0.20982313
4,99572369146060,-0.01917476,-0.002396845,-0.015446335
10,99572372874602,-0.23799348,0.24989414,0.14205599
4,99572376087363,-0.03195793,-0.0010652645,-0.010918961
10,99572384098248,-0.18736577,0.28963995,0.046524525
4,99572388879602,-0.073236935,-0.0013315806,-0.011717909
10,99572392547831,-0.14198351,0.25994873,0.0020303726
4,99572397385904,-0.087618,0.0010652645,-0.0077231675
10,99572402909654,-0.07739115,0.13850164,0.045711994
4,99572406726529,-0.09241169,0.015446335,0.007190535
10,99572411701685,0.0074977875,0.07247019,0.13724852
4,99572415174029,-0.054594804,0.02263687,0.018642128
10,99572423677623,0.0624125,0.07203102,0.18341494
4,99572428517154,-0.011717909,0.018642128,0.02396845
10,99572432167571,0.07677889,0.08337164,0.1568842
4,99572435375123,0.0026631611,0.016777916,0.028495824
10,99572443455748,0.10763097,0.14374447,0.11933327
4,99572448242883,-0.008522116,0.029827405,0.03195793
10,99572451897310,0.086602926,0.24735832,0.0936017
4,99572455136685,-0.03834952,0.051665325,0.046871636
10,99572463229654,0.029575586,0.29783964,0.05734873
4,99572468006008,-0.070307456,0.076166406,0.07163903
10,99572471695175,0.009616852,0.28351355,0.1253314
4,99572474940071,-0.076965354,0.09374327,0.08362326
10,99572482992206,-0.04924369,0.12973261,0.21298075
4,99572487792154,-0.070041135,0.11584751,0.11052119
10,99572491471842,-0.17616487,-0.059451103,0.3452134
4,99572496268300,-0.06551377,0.11265171,0.11584751
10,99572501808456,-0.3248763,-0.114926815,0.4426198
4,99572505618040,-0.0039947415,0.08016115,0.10892329
10,99572510779654,-0.40024185,-0.22311401,0.52064514
2,99572514133508,-29.0,8.0,19.0
10,99572522564498,-0.4203863,-0.2954998,0.5557742
4,99572527358144,0.02956109,0.026365295,0.077231675
10,99572530974133,-0.4098599,-0.2903204,0.6597152
4,99572534281165,0.02609898,0.015978966,0.06578008
10,99572542342987,-0.4305272,-0.26140165,0.6399245
4,99572547174185,0.010120012,-0.004527374,0.04234426
10,99572550820540,-0.44843316,-0.13698149,0.6565385
4,99572554132987,-0.004527374,-0.012516857,0.035952676
10,99572562115592,-0.43277788,-0.09029341,0.6014781
4,99572566888925,-0.040746365,-0.038615838,0.021571605
10,99572570531998,-0.36209702,-0.06856537,0.501256
4,99572573742206,-0.04580637,-0.042077947,0.022903185
10,99572581529342,-0.3113854,-0.08689213,0.45243645
4,99572586375644,-0.013315806,-0.012250541,0.047670584
10,99572590036425,-0.22998714,-0.061077118,0.5065055
4,99572594935071,0.008522116,0.011984225,0.060720075
10,99572600056008,-0.21124673,-0.07263613,0.47078037
4,99572603866946,0.043942157,0.04527374,0.08735169
10,99572609504446,-0.28164935,-0.018896103,0.46232462
4,99572612944602,0.07456851,0.05672533,0.10652645
10,99572621044654,-0.35275626,0.11684418,0.4533577
4,99572625941790,0.119043306,0.054594804,0.12117383
10,99572629588873,-0.3542087,0.32450438,0.29784918
4,99572632825331,0.13741912,0.04474111,0.1272991
10,99572640814706,-0.34009576,0.39766788,0.17823315
4,99572645705175,0.12516858,0.046339005,0.1206412
10,99572649347102,-0.2500608,0.49300098,0.13633537
4,99572652891008,0.09720538,0.0644485,0.11771172
10,99572660603144,-0.25178385,0.44403696,0.17023182
4,99572665453665,0.0743022,0.09614012,0.11451593
10,99572669101373,-0.2660265,0.28390884,0.24585962
4,99572672327310,0.054062173,0.11930962,0.10705908
10,99572680375540,-0.3032782,0.284822,0.28603458
4,99572685288300,0.06018744,0.11771172,0.08149273
10,99572688936529,-0.36872852,0.17764091,0.30498743
2,99572693818560,-29.0,8.0,19.0
10,99572698930071,-0.36540973,0.05803585,0.30061865
4,99572702865487,0.0793622,0.09054748,0.02743056
10,99572708593925,-0.34790146,-0.04848194,0.28608036
4,99572711869446,0.09161274,0.08735169,0.007190535
10,99572719939810,-0.3129592,-0.08725166,0.28451538
4,99572724861477,0.10918961,0.08655274,-0.011451593
10,99572728476894,-0.29180264,0.006134987,0.32678223
4,99572731718508,0.12703279,0.072171666,-0.027963191
10,99572739703144,-0.30648327,0.08858681,0.2629423
4,99572744548769,0.12197278,0.052464273,-0.03914847
10,99572748204081,-0.28806877,0.2279973,0.26659155
4,99572751461008,0.120907515,0.0396811,-0.050600063
10,99572759475539,-0.18769073,0.3258705,0.26993418
4,99572764338873,0.112918034,0.034088463,-0.057257965
10,99572767954810,-0.1477611,0.3070116,0.38916016
4,99572771215175,0.09427591,0.036751624,-0.049534798
10,99572779255592,-0.1348772,0.1733923,0.3887787
4,99572784110644,0.06498113,0.038615838,-0.03169162
10,99572787797258,-0.19509172,0.17998171,0.36806536
4,99572792613404,0.068176925,0.021837922,-0.02263687
10,99572797731789,-0.19194269,0.1792984,0.31181479
4,99572801555748,0.08335695,-0.009054748,-0.025566347
10,99572805927050,-0.16321707,0.22957897,0.19929123
4,99572811972206,0.09534117,-0.028229509,-0.03435478
10,99572820103456,-0.047593594,0.23033333,0.19430923
4,99572824955383,0.099069595,-0.020240024,-0.03222425
10,99572828575539,-0.05292988,0.22340679,0.18799925
4,99572831786008,0.083090626,0.002130529,-0.026631612
10,99572838599342,-0.046773672,0.28479815,0.10111904
4,99572843441112,0.073236935,0.015180019,-0.01304949
10,99572847088456,-0.08862853,0.20635939,0.10849953
4,99572850342310,0.058589544,0.027164243,0.004261058
10,99572858374810,-0.06623721,0.04391861,0.1081686
4,99572863227935,0.04234426,0.042876896,0.018109497
10,99572866852727,-0.063146114,-0.034213066,0.20098972
2,99572870127102,-28.0,7.0,20.0
10,99572878142467,-0.14162207,0.003932476,0.27021742
4,99572883066529,0.061252706,0.072171666,0.025300032
10,99572886726217,-0.19281554,0.0204525,0.2863431
4,99572891563300,0.06498113,0.06950851,0.025566347
10,99572897144029,-0.2798667,-0.03897524,0.17157364
4,99572902285279,0.053795855,0.054328486,0.027963191
10,99572904403404,-0.26310492,-0.010248661,0.16199398
4,99572911042414,0.0561927,0.049534798,0.025300032
10,99572917514706,-0.2125969,0.014177322,0.13875484
4,99572922347362,0.08282431,0.03701794,0.012250541
10,99572927363664,-0.18764019,0.001598835,0.14114857
4,99572930600331,0.08548747,0.035153728,0.007190535
10,99572937289394,-0.20192075,0.08851576,0.10193014
4,99572942068300,0.07350325,0.049002163,-0.0029294773
10,99572947044602,-0.25693607,0.15827608,0.0646677
4,99572950283925,0.03542004,0.06844324,-0.017310547
10,99572957073508,-0.35434592,0.15945625,0.08801699
4,99572961869966,-0.014913702,0.064182185,-0.029827405
10,99572966849289,-0.48676634,0.10811281,0.1667161
4,99572970084550,-0.039414786,0.043942157,-0.038083203
10,99572976824914,-0.5379803,-0.043485165,0.23428726
4,99572981669029,-0.036751624,0.025300032,-0.041012682
10,99572986757727,-0.5473356,-0.10059261,0.3251624
4,99572991599914,-0.024501082,0.011451593,-0.045540057
10,99572998363196,-0.55287313,-0.04064846,0.43567562
4,99573002924914,0.032490566,-0.03222425,-0.07403588
10,99573005035019,-0.5528722,-0.040638924,0.43568087
4,99573008979498,0.03568636,-0.041279,-0.08175905
10,99573016382623,-0.5768913,-0.024326801,0.28324223
4,99573021168925,-0.010652645,-0.0628506,-0.101200126
10,99573026384706,-0.53154826,0.30876684,0.18764973
4,99573029796894,-0.019973708,-0.06711166,-0.105727494
10,99573036176685,-0.4623599,0.41023922,0.11524105
4,99573040424446,-0.045007423,-0.05965481,-0.0958738
10,99573045540175,-0.3609072,0.38798046,0.15434122
2,99573048779029,-27.0,6.0,22.0
10,99573055972102,-0.33247042,0.3838358,0.12996387
4,99573060800644,-0.061519023,-0.020240024,-0.06684534
10,99573065914081,-0.3082683,0.28305817,0.13506079
4,99573069135591,-0.04234426,0.011984225,-0.04447479
10,99573075740904,-0.32805204,0.28954887,0.17409658
4,99573080583560,0.004261058,0.034088463,-0.023702133
10,99573085653925,-0.42573178,0.3059349,0.2189722
4,99573090438977,0.037550572,0.03542004,-0.0037284256
10,99573095382050,-0.42311108,0.33234596,0.14823246
4,99573099180487,0.046871636,0.029827405,0.0077231675
10,99573104077571,-0.3558669,0.39181852,0.067388535
4,99573107366477,0.0479369,0.017044231,0.019441076
10,99573115300279,-0.26551318,0.43903255,0.055960655
4,99573120076789,0.030626353,0.029028457,0.03222425
10,99573125117675,-0.13906741,0.35367393,-0.016019344
4,99573128364654,0.007456851,0.052464273,0.042876896
10,99573135078456,-0.025722504,0.2822094,-0.023949623
4,99573139870852,0.0061252704,0.08175905,0.050333746
10,99573144916268,-0.0010535717,0.19716167,-6.7424774E-4
4,99573148170123,0.010918961,0.10759171,0.05486112
10,99573154984185,0.030471802,-0.011602879,-0.022717953
4,99573159856112,0.007456851,0.13688648,0.046339005
10,99573164890071,0.04933095,-0.16987658,0.06023693
4,99573168130071,0.02130529,0.15472966,0.027963191
10,99573174632362,0.004137039,-0.24220705,0.022978306
4,99573179419810,0.043942157,0.1504686,0.007989483
10,99573184473925,0.0029923916,-0.31604767,-0.008322716
4,99573189232466,0.053263225,0.14434333,-0.0055926386
10,99573194152831,0.10006046,-0.3597865,-0.044779778
4,99573197950800,0.051931642,0.16458336,-0.017310547
10,99573203440383,0.25338435,-0.3729353,-0.009594917
4,99573206686737,0.05672533,0.20586236,-0.03195793
10,99573214187571,0.3021648,-0.35121012,0.069581985
4,99573218961581,0.054328486,0.25752768,-0.042077947
10,99573223587362,0.17253995,-0.42476273,0.023583889
2,99573226836841,-29.0,4.0,22.0
10,99573233961164,0.080263615,-0.50449276,0.06364155
4,99573238758196,0.032756884,0.32863408,-0.06924219
10,99573242429758,-0.0057017803,-0.522254,0.25847912
4,99573245827987,0.068176925,0.33156356,-0.10519487
10,99573253738143,-0.07630348,-0.5089083,0.2786541
4,99573258559706,0.10679276,0.32996565,-0.14780544
10,99573263177518,-0.17065454,-0.49434137,0.33138514
4,99573266383977,0.13635385,0.31345406,-0.18722023
10,99573273550800,-0.26106203,-0.36288786,0.25748634
4,99573278402102,0.16138756,0.2905509,-0.20746025
10,99573283017362,-0.26154006,-0.20574617,0.27468348
4,99573287793248,0.17124127,0.27830034,-0.22184132
10,99573292715331,-0.19530916,-0.054901123,0.20493603
4,99573296517987,0.17603496,0.28149614,-0.23861924
10,99573302111321,-0.21416163,0.06375551,0.15844154
4,99573305342518,0.18322548,0.30146983,-0.23648871
10,99573313075539,-0.2914158,0.10537243,0.13020515
4,99573317856060,0.19094865,0.32011196,-0.2231729
10,99573322472206,-0.3183421,0.22023296,0.20788527
4,99573325718404,0.20026971,0.32410672,-0.22397186
10,99573332824966,-0.368078,0.32902288,0.26231766
4,99573337602206,0.20453078,0.30786142,-0.22583607
10,99573342229758,-0.41350985,0.3893776,0.2541685
4,99573345438456,0.20639499,0.28362668,-0.22237396
10,99573352595904,-0.45514572,0.49917936,0.33893967
4,99573357447727,0.20266657,0.25832662,-0.21092236
10,99573361129393,-0.44749987,0.6892252,0.44924212
4,99573364525435,0.19920446,0.24554345,-0.2016013
10,99573372376789,-0.508917,0.8889022,0.45428324
4,99573377146425,0.19947077,0.21624869,-0.13342437
10,99573381636737,-0.5749204,1.0141754,0.5685811
4,99573386407675,0.2050634,0.20106867,-0.10173275
10,99573391366737,-0.627439,0.94584036,0.7180433
4,99573395167570,0.23409186,0.16484967,0.009853696
10,99573400875331,-0.72550285,0.7923093,0.72120905
2,99573404179654,-29.0,4.0,20.0
10,99573411938404,-0.75885284,0.76479435,0.66300344
4,99573416723560,0.3568636,0.041279,0.10546118
10,99573421338195,-0.741789,0.8699136,0.58010006
4,99573424556320,0.39441416,-0.014114754,0.116912775
10,99573431711529,-0.6282939,0.9756355,0.33705378
4,99573436581737,0.46525425,-0.13928333,0.17736652
10,99573441172466,-0.4759339,0.89511585,0.22290564
4,99573444520123,0.4777711,-0.15020229,0.21225394
10,99573451490591,-0.3688227,0.7825732,0.40421772
4,99573456327570,0.5222459,-0.09933591,0.31505197
10,99573460912779,-0.36902368,0.6754837,0.7111025
4,99573464222727,0.51958275,-0.07643273,0.32996565
10,99573471243925,-0.4747448,0.6225724,0.7161808
4,99573476145018,0.3752394,-0.06684534,0.2972088
10,99573479838612,-0.84774613,0.44037867,0.6591773
4,99573484754654,0.2958772,-0.083889574,0.26498455
10,99573489702310,-0.9266162,0.33763218,0.5995102
4,99573493742883,0.16005598,-0.13022858,0.19787288
10,99573498512623,-0.9598805,0.02705431,0.57346106
4,99573503369810,0.049534798,-0.15792546,0.16378441
10,99573510799810,-0.8564471,-0.4228139,0.38064098
4,99573515657414,-0.017044231,-0.15233281,0.14594123
10,99573519287466,-0.5015583,-0.76408005,0.2515893
4,99573522719029,0.0061252704,-0.1222391,0.11744541
10,99573530576737,-0.39746225,-0.8012719,0.19968939
4,99573535429758,0.05566007,-0.080960095,0.076166406
10,99573539656737,-0.24643254,-0.8695955,-0.12726307
4,99573543784445,0.062051654,-0.040746365,0.029028457
10,99573550343300,-0.2726674,-0.79825497,-0.17566109
4,99573555235227,0.066046394,-0.0015978967,0.0
10,99573560214029,-0.28876674,-0.5580783,-0.10087013
4,99573563458560,0.09640643,0.015446335,-0.011984225
10,99573570138977,-0.26060522,-0.20186806,-0.043768883
4,99573575005800,0.11664646,0.012250541,-0.032756884
10,99573580220279,-0.18937266,0.08247471,-0.02670908
2,99573585075956,-32.0,4.0,21.0
10,99573590020122,-0.14188492,0.19719028,0.03616476
4,99573594163508,0.0793622,0.041545313,-0.03568636
10,99573598870852,-0.14878511,0.23562098,0.14161253
4,99573602130904,0.094009586,0.058056913,-0.0029294773
10,99573609684341,-0.1811912,0.3210106,0.26679134
4,99573614514966,0.119043306,0.05352954,0.021837922
10,99573619579654,-0.1726799,0.39499426,0.21774197
4,99573622788560,0.13502227,0.05352954,0.026365295
10,99573629468039,-0.07321417,0.39012194,0.3796196
4,99573634372050,0.14514229,0.09374327,0.008522116
10,99573639508352,0.10250366,0.13306189,0.76285744
4,99573642756268,0.15978967,0.16804546,-0.020240024
11,99573659646425,-0.363525,0.124676,-0.52329,0.760573,0.0
4,99573662887258,0.180296,0.48149952,0.21571605
10,99573668131997,-0.1035192,-0.83686924,1.3996258
4,99573672016737,0.25060347,0.66365975,0.4892227
10,99573679820539,-0.35264146,-1.030168,1.6025476
4,99573683052206,0.4543353,0.6804377,0.75580513
10,99573687549914,-0.2744869,-1.292933,0.3867464
4,99573692351841,0.73130405,0.59122175,0.64341974
10,99573697973612,0.75342095,-1.457788,1.4365163
4,99573701072466,0.46179214,0.44927529,0.08495484
10,99573705864810,-0.21383643,-1.3069534,1.6974845
4,99573712951268,-0.060453758,0.066046394,-0.32490566
10,99573720938039,-2.0595045,0.42910337,2.0310922
4,99573723721216,-0.18935075,-0.31638354,-0.3289004
10,99573728620227,-2.0919027,0.44321632,2.0512786
4,99573733511633,-0.4348942,-0.629305,-0.30306774
10,99573740255643,-1.2089202,-0.41492558,0.14869308
4,99573743517831,-0.4892227,-0.85540736,-0.44714475
10,99573748076945,-1.3106191,-0.3891945,0.19749165
4,99573752990175,-0.16644756,-0.8114652,-0.53929013
10,99573759696997,0.8581848,0.09695768,-1.1653342
2,99573762957310,-28.0,3.0,19.0
10,99573766337883,1.061692,0.91577435,-1.481369
4,99573771097362,5.326322E-4,-0.30972564,-0.49641323
10,99573779695852,0.12727869,1.4853005,-1.6410847
4,99573782965175,-0.19520971,-0.28495824,-0.4596616
10,99573785839393,0.12727869,1.4853005,-1.6410847
4,99573792182414,-0.25220135,-0.34860778,-0.3651194
10,99573800147414,-0.80226445,1.1698523,-0.8206048
4,99573802865956,-0.28469193,-0.43755737,-0.3797668
10,99573808008091,-0.86210513,1.1837521,-0.7889266
4,99573812829341,-0.29933932,-0.49854377,-0.45859635
10,99573819532362,-0.23128605,0.24657059,-0.30980444
4,99573822801216,-0.23329292,-0.4812332,-0.44927529
10,99573825653404,-0.23128605,0.24657059,-0.30980444
4,99573830403872,-0.19680761,-0.45327002,-0.406931
10,99573837180018,-0.31559515,0.4480486,0.07402897
4,99573840425435,-0.15233281,-0.35420042,-0.27137613
10,99573846161060,-0.2913537,0.59596634,0.24820852
4,99573850981737,-0.16990969,-0.29001826,-0.21917816
10,99573857247570,-0.3625064,0.50465727,0.23520803
4,99573860462206,-0.21172132,-0.24527714,-0.16112125
10,99573865676737,-0.4968661,0.32697296,0.044454098
4,99573870417622,-0.23355924,-0.22929817,-0.13369069
10,99573876732362,-0.41855168,0.32453823,0.033905506
4,99573879951529,-0.24314661,-0.19600865,-0.09081379
10,99573885338820,-0.3211844,0.4125843,0.040504456
4,99573890112258,-0.22104238,-0.17710021,-0.0628506
10,99573895066945,-0.34052372,0.51157236,0.03794384
4,99573898485122,-0.20426446,-0.17949706,-0.038083203
10,99573905120643,-0.30381036,0.7739587,-0.024139881
4,99573909906529,-0.20559604,-0.1834918,-0.011185277
10,99573916272622,-0.21856356,0.9754858,0.015571117
4,99573919523352,-0.23888555,-0.17257284,0.03089267
10,99573924948195,-0.17380357,0.7560849,0.026172638
4,99573929817518,-0.2806972,-0.12357068,0.10519487
10,99573936047883,-0.22179508,0.64084816,-0.0700407
2,99573939317258,-23.0,5.0,18.0
10,99573944680852,-0.24835157,0.5557637,0.011437893
4,99573949449445,-0.25513083,-0.03568636,0.20959078
10,99573955827154,-0.30945158,0.510736,0.001502037
4,99573959085383,-0.22264028,-0.046072688,0.19441076
10,99573964461997,-0.30846405,0.48942757,0.027338505
4,99573969229810,-0.2082592,-0.08655274,0.16964336
10,99573975609029,-0.22339392,0.48260355,0.08371258
4,99573978851424,-0.19973709,-0.095074855,0.16644756
10,99573984241216,-0.09331083,0.44578552,0.16864109
4,99573989051841,-0.20985709,-0.04314321,0.19574234
10,99573994005122,-0.055022478,0.1614809,0.26573658
4,99573997382102,-0.25060347,0.03222425,0.2444782
10,99574004063299,-0.1370995,-0.0151023865,0.16595984
4,99574008839445,-0.24048345,0.068176925,0.26391926
10,99574015176216,-0.21808124,0.0060505867,0.089615345
4,99574018423976,-0.20133498,0.056459017,0.22690132
10,99574023033143,-0.18371415,0.017302513,-0.034212112
4,99574028781060,-0.20186761,0.022104237,0.15313177
10,99574035124706,-0.05901003,0.040325165,-0.028544426
4,99574038339966,-0.1965413,0.0031957934,0.09347696
10,99574042827987,0.061011076,-0.022567272,0.104412556
4,99574047867466,-0.18375812,0.029827405,0.08735169
10,99574054728299,0.103970766,-0.17733335,0.15284538
4,99574057963508,-0.18002969,0.09614012,0.11132014
10,99574063379185,0.12800097,-0.3242817,0.17627001
4,99574068152726,-0.17283916,0.14088123,0.12197278
10,99574074507570,0.047092676,-0.433753,-0.09967613
4,99574077755122,-0.17896444,0.14008227,0.101999074
10,99574083114862,-0.0029530525,-0.3703437,-0.29344988
4,99574087945226,-0.16218652,0.11558119,0.060453758
10,99574092880539,0.12621355,-0.26644325,-0.16253948
4,99574096257622,-0.1304949,0.104928546,0.018375812
10,99574102901685,0.18411684,-0.264503,-0.010315418
4,99574107683195,-0.11744541,0.10519487,-0.0127831735
10,99574114191268,0.21798635,-0.26539755,0.17796946
2,99574117444133,-28.0,5.0,18.0
10,99574122881008,0.086223364,-0.21956158,0.33163357
4,99574127700174,-0.14594123,0.10439592,-0.05219796
10,99574133840799,-0.035922527,-0.28813124,0.48587036
4,99574137084810,-0.1768339,0.07669904,-0.053795855
10,99574142456424,-0.09923482,-0.27133608,0.5848131
4,99574147228768,-0.17124127,0.03888215,-0.054062173
10,99574153611476,-0.05752039,-0.2307086,0.6032462
4,99574156849029,-0.15686019,0.0063915867,-0.0628506
10,99574162236164,-0.018882513,-0.20328283,0.59270906
4,99574167072987,-0.15739283,-0.0077231675,-0.076166406
10,99574173384862,5.0997734E-4,-0.11179304,0.50344896
4,99574176621008,-0.14913702,-0.014114754,-0.07803062
10,99574182475226,-0.059701443,-0.028169632,0.509439
4,99574187240747,-0.13528858,-0.013315806,-0.06178534
10,99574192177101,-0.06870031,0.025687695,0.5641966
4,99574195272362,-0.11052119,5.326322E-4,-0.03834952
10,99574202148768,-0.08711386,-0.05785799,0.6648574
4,99574206924237,-0.10146644,0.017044231,-0.013315806
10,99574213038351,-0.15225816,-0.10061836,0.6302285
4,99574216275695,-0.07856325,0.022903185,-0.005060006
10,99574221965695,-0.25329804,-0.020288944,0.7487011
4,99574226920018,-0.043675844,0.0063915867,0.0015978967
10,99574233010174,-0.32769418,-0.03708458,0.6452508
4,99574236245226,-0.028495824,-0.009853696,0.0077231675
10,99574241740851,-0.28834414,0.024024963,0.5720844
4,99574246527153,-0.008788432,-0.019707393,0.0010652645
10,99574252645851,-0.2505014,0.12648153,0.62675524
4,99574255869914,0.010386328,-0.021038974,-0.00479369
10,99574261519653,-0.29917407,0.15081024,0.59361553
4,99574266295278,0.010918961,-0.018109497,-7.9894834E-4
10,99574272413299,-0.34718323,0.20094824,0.6242595
4,99574275634497,0.023702133,-0.017044231,0.005060006
10,99574281312414,-0.39879274,0.15955067,0.73045635
4,99574286100122,0.029294772,-0.024501082,0.011984225
10,99574291004133,-0.46410692,0.1659131,0.6758394
2,99574294272414,-28.0,2.0,17.0
10,99574300432935,-0.48683035,0.2124877,0.67832804
4,99574305282622,0.04261058,-0.04580637,0.010120012
10,99574311806424,-0.48192656,0.13221216,0.61183786
4,99574315045278,0.039947417,-0.0644485,0.016511599
10,99574320839289,-0.46330345,0.08836126,0.5797019
4,99574325719810,0.04314321,-0.06684534,0.018642128
10,99574331819289,-0.48519552,0.13717365,0.61132765
4,99574335040591,0.08229168,-0.06897587,0.026631612
10,99574340598924,-0.5114831,0.13920403,0.5455775
4,99574345533351,0.09054748,-0.07084008,0.030360037
10,99574351629497,-0.51119244,0.1382575,0.49105263
4,99574354874862,0.09454222,-0.08229168,0.036218993
10,99574360374237,-0.4710728,0.13953114,0.49891472
4,99574365258716,0.0974717,-0.09054748,0.03488741
10,99574371352674,-0.49369133,0.15507889,0.4661646
4,99574374605278,0.09827065,-0.10173275,0.040746365
10,99574380170643,-0.50441253,0.22352934,0.40737867
4,99574385076997,0.09321064,-0.104928546,0.051132694
10,99574390021112,-0.49787915,0.2615385,0.37073517
4,99574393131216,0.090014845,-0.105727494,0.064182185
10,99574398906581,-0.4980706,0.25552607,0.25658798
4,99574404704549,0.06897587,-0.11025487,0.07536746
10,99574410782518,-0.49525988,0.19806004,0.19627428
4,99574414056268,0.07057377,-0.1123854,0.0793622
10,99574419708039,-0.4876331,0.24276018,0.23561573
4,99574424553820,0.08974853,-0.11984225,0.087618
10,99574430662778,-0.4631387,0.22912025,0.25955963
4,99574433959497,0.099069595,-0.12436963,0.1041296
10,99574439502570,-0.49046052,0.23213482,0.2495718
4,99574444454133,0.11984225,-0.12942964,0.122771725
10,99574450535278,-0.4789015,0.31558752,0.14252615
4,99574453791476,0.14061491,-0.12863068,0.13662016
10,99574459282362,-0.46217382,0.370059,0.0829587
4,99574464133768,0.13102753,-0.12144015,0.13582122
10,99574470242153,-0.3717544,0.37761545,-0.07827282
2,99574473481112,-27.0,6.0,18.0
10,99574479184445,-0.3509326,0.42969465,-0.06545591
4,99574484008508,0.082025364,-0.0974717,0.122771725
10,99574488935695,-0.34351206,0.43754005,-0.104255676
4,99574492042935,0.06950851,-0.07803062,0.14008227
10,99574498608351,-0.28537655,0.36058617,-0.05873251
4,99574503513455,0.06178534,-0.04261058,0.16431704
10,99574509650695,-0.27808428,0.29427528,-0.032696724
4,99574512887830,0.05539375,-0.017044231,0.18322548
10,99574518208455,-0.32744837,0.25253725,-0.014261246
4,99574523136580,0.06578008,-0.007989483,0.20479709
10,99574529378976,-0.37707126,0.22706795,0.036414623
4,99574532617310,0.08841695,-0.01917476,0.22264028
10,99574538029185,-0.34809804,0.22620869,0.10929012
4,99574542982101,0.107858025,-0.037284255,0.23276028
10,99574549147518,-0.3011248,0.32026434,0.045187473
4,99574552380122,0.112918034,-0.045007423,0.24101609
10,99574557763820,-0.20605683,0.31182957,0.048605442
4,99574562591112,0.099069595,-0.03009372,0.26312032
10,99574568939289,-0.15855789,0.26139927,0.057124138
4,99574572182518,0.08628642,-0.0039947415,0.28975195
10,99574576012987,-0.1274333,0.21830368,0.14092112
4,99574583340070,0.08229168,0.01304949,0.30493194
10,99574589736268,-0.14314008,0.16327763,0.20597601
4,99574594219497,0.06737798,0.022903185,0.29507825
10,99574598839028,-0.20254755,0.12008953,0.24422741
4,99574603690122,0.047404267,0.018642128,0.2692456
10,99574609816424,-0.28072488,0.07336712,0.24630642
4,99574613078039,0.027963191,-0.007989483,0.2479403
10,99574617802778,-0.31882274,-0.0058760643,0.21462965
4,99574622588768,0.020506341,-0.036485307,0.23116238
10,99574628609810,-0.24311602,-0.101745605,0.20583868
4,99574631844080,0.019441076,-0.05912218,0.21118867
10,99574634804185,-0.17847443,-0.10654116,0.20823288
4,99574642276372,0.03435478,-0.08069378,0.19121496
10,99574649853351,-0.17300677,0.044546127,0.25843143
2,99574653136372,-27.0,11.0,18.0
10,99574657609393,-0.16647339,0.04436636,0.2561226
4,99574662422257,0.06178534,-0.101200126,0.19627498
10,99574668603455,-0.04893279,0.18436432,0.33450794
4,99574671825122,0.06178534,-0.11930962,0.1917476
10,99574674706945,0.022893429,0.2514019,0.42788172
4,99574682200851,0.057257965,-0.1307612,0.18482338
10,99574688535955,0.085454226,0.1867075,0.39241362
4,99574692861893,0.045540057,-0.111852765,0.19547603
10,99574696491685,0.11651969,0.10864115,0.32251406
4,99574701328612,0.03914847,-0.083090626,0.21252026
10,99574706013195,0.09976125,0.04161167,0.3009715
4,99574709361528,0.04261058,-0.06870956,0.21917816
10,99574715807466,0.08599615,-0.028232098,0.2551942
4,99574720594862,0.0479369,-0.048203215,0.20586236
10,99574727332935,0.13344097,-0.19317341,0.09002638
4,99574730580747,0.05006743,-0.050866377,0.17230652
10,99574735552622,0.2008977,-0.23603296,-0.041139603
4,99574740302987,0.050600063,-0.05352954,0.1486044
10,99574747120226,0.26237893,-0.24813175,-0.10454464
4,99574750333247,0.03888215,-0.03195793,0.088150635
10,99574755535070,0.3132093,-0.3130846,-0.21732521
4,99574760315330,0.025300032,-0.014647386,0.06950851
10,99574766936841,0.37208605,-0.38454342,-0.130157
4,99574770173716,0.020240024,0.050600063,0.01784318
10,99574775118612,0.33804893,-0.47005177,-0.10502529
4,99574779963768,0.027696876,0.06471482,0.0039947415
10,99574785258664,0.34493804,-0.54415655,-0.15959883
4,99574788481268,0.03355583,0.087884314,-0.021837922
10,99574794907622,0.3920281,-0.57414246,-0.067099094
4,99574799682726,0.043675844,0.10439592,-0.051665325
10,99574806449185,0.41407752,-0.58164597,-0.0046105385
4,99574809659028,0.049534798,0.13741912,-0.07882957
10,99574814792518,0.30950952,-0.4275198,0.061275482
4,99574819629862,0.061519023,0.180296,-0.09853696
10,99574826715955,0.25709534,-0.4020872,0.062312126
2,99574829982570,-25.0,15.0,18.0
10,99574833397153,-0.024571657,-0.22911453,0.24097395
4,99574840087778,0.04314321,0.21864553,-0.13608754
10,99574846733403,-0.08531046,-0.14535856,0.29663992
4,99574849940539,0.021837922,0.165116,-0.1818939
10,99574854310122,-0.29658866,0.08640194,0.36446333
4,99574859094185,0.011984225,0.14301175,-0.19441076
10,99574866197935,-0.33507895,0.13841629,0.3951602
4,99574869410435,-0.010120012,0.098004326,-0.21118867
10,99574874176424,-0.35622787,0.24107075,0.5161896
4,99574878950851,-0.024234766,0.06231797,-0.21198763
10,99574884499809,-0.37762237,0.2510152,0.4855652
4,99574887601789,-0.033023197,0.0396811,-0.20026971
10,99574893804289,-0.38801336,0.28347206,0.4419651
4,99574898586320,-0.037284255,0.022370555,-0.18695392
10,99574905728664,-0.39384198,0.31164265,0.45646143
4,99574908936632,-0.026365295,0.008255799,-0.17204021
10,99574913725330,-0.4540671,0.31107616,0.42287302
4,99574918548768,-0.019707393,-0.0058589545,-0.15792546
10,99574925489028,-0.4734999,0.39856148,0.38629293
4,99574928708559,-0.017576864,-0.02130529,-0.15180019
10,99574933545434,-0.49785817,0.43564177,0.37356853
4,99574938341684,-0.028495824,-0.045540057,-0.13981596
10,99574945272205,-0.46132338,0.46916437,0.21901894
4,99574948504653,-0.043675844,-0.062051654,-0.12703279
10,99574953273247,-0.38289428,0.4990182,0.17145252
4,99574958123195,-0.050866377,-0.06018744,-0.108124346
10,99574965081059,-0.3135804,0.5103779,0.19630909
4,99574968315539,-0.04873585,-0.0396811,-0.08042747
10,99574972921216,-0.29186356,0.48642302,0.2161746
4,99574977744601,-0.042077947,-0.0063915867,-0.043675844
10,99574983398195,-0.3509711,0.3578577,0.27816057
4,99574986491789,-0.040213734,0.008788432,-0.011984225
10,99574992691268,-0.43904042,0.25428534,0.29909658
4,99574997555851,-0.02876214,0.0013315806,0.006924219
10,99575004653091,-0.4869691,0.25389814,0.2574277
2,99575007902362,-25.0,12.0,18.0
10,99575011373403,-0.47082567,0.22347403,0.27198124
4,99575018202309,0.004527374,-0.018375812,0.009853696
10,99575024885747,-0.44828653,0.16633177,0.20975399
4,99575028093247,0.0039947415,-0.007456851,0.015446335
10,99575031550955,-0.4108982,0.10238886,0.16453695
4,99575037799237,-0.010120012,0.015446335,0.018908445
10,99575043064549,-0.39817286,0.015791416,0.115413666
4,99575046307987,-0.02609898,0.037550572,0.019441076
10,99575052033039,-0.42896152,-1.0108948E-4,0.13885546
4,99575056826684,-0.021038974,0.034088463,0.018109497
10,99575063951320,-0.46410632,-0.044658184,0.16942501
4,99575067201893,-0.005060006,0.029294772,0.01438107
10,99575071634809,-0.4233377,-0.092728615,0.2277193
4,99575077422309,0.014114754,0.029294772,0.0039947415
10,99575082949497,-0.3717966,-0.034866333,0.27245235
4,99575086087622,0.037550572,0.019973708,-0.0034621095
10,99575091775018,-0.37382793,0.011123657,0.3580432
4,99575096566789,0.047670584,0.013848438,-7.9894834E-4
10,99575103471736,-0.3456459,0.049050808,0.3256464
4,99575106709914,0.036218993,0.008255799,0.004261058
10,99575111453820,-0.286919,0.11089754,0.33411503
4,99575116224132,-0.002130529,0.01438107,0.0058589545
10,99575123286528,-0.304299,0.1391468,0.26118326
4,99575126529341,-0.01917476,0.017576864,0.019973708
10,99575131185903,-0.31803,0.07840872,0.31932068
4,99575136174861,0.0010652645,0.0127831735,0.032756884
10,99575142698924,-0.22849333,-0.04978752,0.38167953
4,99575145944289,0.026365295,-0.0063915867,0.019707393
10,99575151088039,-0.19341254,-0.036044598,0.3852744
4,99575155923664,0.051931642,-0.025832662,-0.004261058
10,99575162457882,-0.17827368,0.07559061,0.363029
4,99575165707205,0.066312715,-0.039414786,-0.010120012
10,99575170863872,-0.19860792,0.1525445,0.23001146
4,99575175716684,0.052464273,-0.03701794,0.004261058
10,99575180849601,-0.18270683,0.17504406,0.2077012
2,99575184066945,-27.0,11.0,20.0
10,99575190515174,-0.17693114,0.23968601,0.23426008
4,99575195407257,0.020772656,-0.015978966,0.025832662
10,99575202018664,-0.2715081,0.19344616,0.23544788
4,99575205259861,0.004261058,-0.0077231675,0.04261058
10,99575210374184,-0.335531,0.15779161,0.27783966
4,99575215262049,0.0063915867,-0.013848438,0.04261058
10,99575221765903,-0.36880445,0.21253204,0.30295897
4,99575225007101,0.047404267,-0.05219796,0.031158986
10,99575230200695,-0.35206294,0.3059721,0.21422529
4,99575235244080,0.058589544,-0.064182185,0.02743056
10,99575241546580,-0.32374012,0.32623196,0.18236876
4,99575244797101,0.051132694,-0.07403588,0.024234766
10,99575249435486,-0.19115138,0.48310423,0.11272287
4,99575254294132,0.03355583,-0.047137953,0.028495824
10,99575261336164,-0.18993497,0.45026493,0.120812416
4,99575264586632,0.021038974,-0.010120012,0.049534798
10,99575269738559,-0.21527612,0.23026419,0.112810135
4,99575274582153,-0.0018642128,0.025300032,0.07243799
10,99575279722882,-0.23953879,0.21506071,0.13622046
4,99575282893247,0.010652645,0.038083203,0.0793622
10,99575289351997,-0.22440922,0.16782665,0.27082968
4,99575294248716,0.041545313,0.036218993,0.08522116
10,99575300882049,-0.23761714,-0.006635666,0.19187403
4,99575304183351,0.03888215,0.053263225,0.08894958
10,99575309082778,-0.17284214,-0.07311678,0.12950945
4,99575313908820,0.03834952,0.083090626,0.088150635
10,99575320796893,-0.17293942,-0.09188175,0.18360662
4,99575324079497,0.04261058,0.11664646,0.08841695
10,99575328951163,-0.17809331,-0.2468195,0.254138
4,99575333867309,0.03089267,0.1438107,0.077231675
10,99575340442518,-0.15633643,-0.17470837,0.2690215
4,99575343658247,0.034088463,0.15792546,0.051132694
10,99575348896997,-0.20971262,-0.14410686,0.33121634
4,99575353725226,0.041545313,0.15526229,0.03009372
10,99575360187153,-0.24988794,-0.18611193,0.3115635
2,99575363449445,-26.0,11.0,20.0
10,99575368313559,-0.24532032,-0.21479702,0.39397335
4,99575374165434,0.06098639,0.16378441,-0.007456851
10,99575379245643,-0.27307582,-0.15157557,0.35548353
4,99575382349288,0.06737798,0.16271915,-0.03355583
10,99575388422570,-0.34998786,-0.067327976,0.27134085
4,99575393300799,0.06258429,0.15925704,-0.060720075
10,99575399749028,-0.43848813,0.011844158,0.2521658
4,99575402983820,0.05352954,0.13848437,-0.08522116
10,99575408189913,-0.44674528,0.1146307,0.21936178
4,99575413025955,0.05912218,0.10066749,-0.10146644
10,99575419521059,-0.42566943,0.18712759,0.20768642
4,99575422758403,0.066312715,0.07403588,-0.11025487
10,99575427992049,-0.29062355,0.3731408,0.19072676
4,99575432982153,0.06258429,0.05965481,-0.11664646
10,99575439281059,-0.22150695,0.563828,0.17405796
4,99575442515486,0.04926848,0.056459017,-0.09773801
10,99575447750851,-0.21117628,0.60339975,0.087525845
4,99575452532986,0.018642128,0.049801115,-0.056991648
10,99575459581320,-0.15891492,0.6263137,-0.020641804
4,99575462806893,-0.005060006,0.045007423,-0.026897928
10,99575467417934,-0.029375553,0.66747475,-0.05781269
4,99575472226580,-0.040213734,0.016511599,0.0037284256
10,99575477831893,-0.0226444,0.707397,-0.4069953
4,99575480941945,-0.058056913,-0.037284255,0.050866377
10,99575485849393,0.073123574,0.539803,-0.90259504
4,99575492659705,-0.13262543,-0.086020105,0.11371698
10,99575500684966,0.35325456,0.5244026,-0.8726392
4,99575504001059,-0.2548645,-0.13315806,0.17630127
10,99575508422570,0.35066438,0.54208326,-0.8526912
4,99575513334966,-0.31638354,-0.1736381,0.29960564
10,99575520101736,0.44568217,0.97499037,0.53062534
4,99575523365903,-0.3581952,-0.18935075,0.44101948
10,99575527881163,0.46246135,0.999908,0.5528245
4,99575532820591,-0.39148468,-0.19228023,0.5089301
10,99575539545851,0.1923281,1.021205,1.3202772
2,99575542830122,-28.0,9.0,20.0
10,99575546205903,0.12306023,0.88042307,1.4541817
4,99575551006215,-0.41385525,-0.30786142,0.35633096
10,99575558329236,0.043998957,0.3589363,1.321023
802017,0.0
10,99575564313611,0.0032975674,-0.10075045,1.2180719
4,99575570793403,-0.39494678,-0.31451932,0.24021713
10,99575579262518,7.1907043E-4,-0.35347605,1.2499313
4,99575582477934,-0.27403927,-0.24660872,0.2548645
10,99575585241893,-0.03998232,-0.556983,1.0919142
4,99575591315590,-0.1355549,-0.14966966,0.25885928
10,99575598981372,-0.093791485,-0.54768896,0.94551516
4,99575602094809,7.9894834E-4,-0.07376956,0.21438447
10,99575604776788,-0.27575088,-0.63148594,0.5432892
4,99575611108143,0.07882957,-0.03568636,0.15339808
10,99575616891320,-0.45441198,-0.7245369,0.32739687
4,99575619986684,0.09933591,-0.041545313,0.10759171
10,99575625908143,-0.474483,-0.81163025,0.083957195
4,99575630504913,0.099069595,-0.045540057,0.087884314
10,99575636624288,-0.35510957,-0.85864353,-0.12780046
4,99575639717570,0.08442221,-0.03781689,0.040746365
10,99575645664549,-0.17329085,-0.8409848,-0.069972515
4,99575650321632,0.098004326,0.0063915867,-0.01784318
10,99575656440590,-0.07824421,-0.89922094,0.029901981
4,99575659537413,0.14594123,0.063116916,-0.082558
10,99575665506163,-0.13052928,-0.92045975,0.08756733
4,99575670097257,0.18588865,0.12010857,-0.1272991
10,99575675059809,-0.08191228,-0.81449366,0.22136354
4,99575678460226,0.22743396,0.19600865,-0.18429075
10,99575685240330,-0.05001855,-0.8231268,0.26863718
4,99575689844236,0.23861924,0.2809635,-0.28202876
10,99575695987830,-0.06441414,-0.6326008,0.44531107
4,99575699070434,0.27803403,0.34088463,-0.37736994
10,99575705041736,-0.23385167,-0.44336605,0.30002594
4,99575709634393,0.34301516,0.36298886,-0.4135889
10,99575715762361,-0.29253268,-0.3321767,-0.076333046
2,99575718860122,-30.0,5.0,26.0
10,99575724795122,-0.13239229,-0.2188425,-0.46218204
4,99575729468195,0.45034054,0.3635215,-0.3933489
10,99575735555278,0.08381617,-0.11067581,-0.77140903
4,99575738647049,0.48709217,0.38775626,-0.36618465
10,99575744574809,0.32915282,0.10882521,-0.8162389
4,99575749192986,0.50600064,0.45247108,-0.32144356
10,99575755298872,0.47428155,0.49731207,-0.68633604
4,99575758388872,0.4708469,0.5342301,-0.29374668
10,99575763378090,0.36696422,1.0024061,-0.57600784
4,99575769449549,0.41705105,0.60240704,-0.2860235
10,99575774529132,0.14532125,1.1764455,-0.30040407
4,99575777634653,0.37097836,0.64075655,-0.2591256
10,99575783329340,-0.035443544,0.74872875,0.061549664
4,99575789086945,0.34834146,0.6498113,-0.2034655
10,99575795172465,-0.15890813,0.18420029,0.35238838
4,99575798411163,0.42557314,0.6002765,-0.16937704
10,99575803755799,-0.3081658,-0.06629515,0.52347565
4,99575808593455,0.57550913,0.5163869,-0.15925704
10,99575814951528,-0.42214346,-0.029482841,0.5856128
4,99575818194809,0.7326356,0.4460795,-0.12756541
10,99575823533455,-0.3031535,0.0027637482,0.8460598
4,99575828444549,0.8764463,0.44927529,-0.05885586
10,99575834687882,-0.0939759,-0.08798361,1.0824285
4,99575837945590,0.95234644,0.54807854,0.054062173
10,99575843364653,-0.07323015,-0.3201146,1.2116632
4,99575848208090,0.9504822,0.6689861,0.2016013
10,99575854460851,-0.30482876,-0.46306372,1.4434876
4,99575857680747,0.9060074,0.7587346,0.38562572
10,99575863087986,-0.65354615,-0.7016182,1.1499782
4,99575868763090,0.8181231,0.72677666,0.4543353
10,99575873715382,-0.36808777,-0.18534088,0.8003073
4,99575876809601,0.67271453,0.6154565,0.14567491
10,99575883070278,-0.45163977,-0.3611889,0.85801125
4,99575887883872,0.087884314,0.39254996,-0.24740767
10,99575894044601,-1.6029902,-0.60726213,0.8176079
2,99575897294445,-30.0,5.0,27.0
10,99575902709601,-2.2863152,-0.46782255,1.7938595
4,99575907481997,-0.27856666,-0.175236,-0.2908172
10,99575913824809,-1.8989395,-1.3636761,1.6901221
4,99575917039861,-0.018109497,-0.43249738,-0.34328148
10,99575922423351,-1.1078976,-1.9827876,0.9216485
4,99575927210695,0.4048005,-0.6098639,-0.4660532
10,99575933605799,-0.58951575,-1.057054,0.06729746
4,99575936848976,0.8428905,-0.6466155,-0.5339638
10,99575942210590,-0.34526575,0.53676987,-1.161602
4,99575946986267,0.8956211,-0.58429754,-0.54621434
10,99575953348611,-0.18754041,2.1728997,-2.1832948
4,99575956607986,0.55739963,-0.48016796,-0.53795856
10,99575962031267,0.06444454,3.5184228,-2.3730974
4,99575966791163,0.025832662,-0.35979307,-0.55580175
10,99575971737413,0.10813272,3.570316,-2.9958658
4,99575975125694,-0.556867,-0.11531488,-0.5201154
10,99575981799601,0.14534318,2.2347946,-2.2897844
4,99575986612986,-0.8064052,0.17710021,-0.34328148
10,99575992920174,0.064027786,0.9663234,-0.54034376
4,99575996159392,-0.47137952,0.3930826,-0.180296
10,99576001576111,-0.44920993,-0.5191245,0.09848881
4,99576006352569,-0.014114754,0.49614692,-0.055127434
10,99576012678559,-1.0076134,-1.2421098,0.5562558
4,99576015923924,0.41731736,0.44101948,0.043942157
10,99576021363299,-1.3996253,-0.5335469,0.5875616
4,99576026152622,0.64847976,0.3304983,0.103863284
10,99576031714809,-1.5202461,0.5011821,0.08532953
4,99576035027726,0.6010755,0.272974,0.16804546
10,99576041073351,-1.4269731,1.3392944,-0.5371623
4,99576045993194,0.36085832,0.30839407,0.20453078
10,99576052274809,-1.0700346,1.7173533,-0.8574934
4,99576055517517,0.0058589545,0.3685815,0.15499598
10,99576060836788,-0.96950954,1.5241776,-0.8696847
4,99576065975851,-0.3358246,0.40293628,0.053263225
10,99576070928976,-1.1510181,0.7658081,-0.25164604
2,99576074117361,-25.0,-2.0,28.0
10,99576080221424,-1.4404562,-0.14098215,0.4122162
4,99576085154497,-0.55553544,0.30945933,-0.048469532
10,99576090730694,-1.5381802,-0.9009237,1.0022726
994,99576094203767,-0.46552056,0.12543489,-0.10279802
11,99576099592934,-0.339304,0.108122,-0.4849,0.798782,0.0
4,99576104654757,-0.31638354,-0.12357068,-0.19441076
10,99576110405382,-1.193889,-0.940362,1.0625415
4,99576114339965,-0.18801917,-0.38429415,-0.28043085
10,99576120346632,-1.0422943,-0.6358566,0.97590303
4,99576124998194,-0.10333065,-0.5696502,-0.32517198
10,99576131068142,-0.23669255,0.0014424324,0.7558584
4,99576134287934,-0.13209279,-0.6181197,-0.34621096
10,99576140093142,0.22953737,0.13851738,0.70541906
4,99576144819340,-0.24074976,-0.5603291,-0.35073832
10,99576150844340,0.2718786,0.19572067,0.78940964
4,99576153988976,-0.3139867,-0.4745753,-0.31345406
10,99576159935330,0.29083407,0.23599482,0.8779783
4,99576164168819,-0.32410672,-0.38429415,-0.22610238
4,99576169168819,-0.3107909,-0.3190467,-0.13528858
4,99576180004757,-0.2790993,-0.26072347,-0.08655274
11,99576187622830,-0.352536,0.112211,-0.526274,0.765611,0.0
4,99576189397413,-0.2213087,-0.21891184,-0.07590009
11,99576196787361,-0.353933,0.11156,-0.526169,0.765134,0.0
4,99576198779757,-0.19121496,-0.20453078,-0.07803062
10,99576203720486,0.32721353,0.19465733,0.6587639
4,99576206241996,-0.15686019,-0.19680761,-0.0644485
4,99576211241996,-0.14993598,-0.19707392,-0.050600063
4,99576218302361,-0.14753912,-0.19920446,-0.034621093
10,99576226697257,0.53536105,0.4520254,0.49928856
4,99576226697257,-0.14460965,-0.18748654,-0.020240024
4,99576228507257,-0.13901702,-0.16538231,-0.0055926386
10,99576236624705,0.68436694,0.1976285,0.30304718
4,99576236624705,-0.13608754,-0.13129385,0.010918961
4,99576238438924,-0.13528858,-0.08522116,0.026365295
10,99576246392674,0.7079699,0.034623146,0.1770668
4,99576246392674,-0.13102753,-0.030360037,0.03888215
4,99576248208142,-0.11105382,0.02876214,0.044208474
2,99576256360903,-27.0,-6.0,26.0
4,99576258539861,-0.026365295,0.13768543,0.036218993
4,99576269431319,0.04527374,0.20106867,0.024767399
4,99576272896840,0.07590009,0.21864553,0.020506341
10,99576278884653,0.11658001,0.09336281,0.3650422
4,99576283472569,0.11371698,0.2031992,0.020506341
10,99576287733663,-0.15327013,0.05400181,-0.110833645
4,99576292332830,0.11025487,0.16777915,-0.0029294773
10,99576299482517,0.069759846,0.1811614,-0.24315071
4,99576303288924,0.09187906,0.15739283,-0.082025364
10,99576306455278,0.3176458,0.344584,-0.19357109
4,99576312834392,0.08149273,0.20373182,-0.15952335
10,99576319835538,0.24704123,0.3953433,-0.08729553
4,99576324772049,0.0561927,0.26977822,-0.15925704
10,99576328414236,-0.021773577,0.30762768,-0.085995674
4,99576331647934,0.05219796,0.32091093,-0.11105382
10,99576339576892,-0.116401196,0.09244728,0.0037202835
4,99576344441632,0.06338324,0.33289513,-0.09667275
10,99576348098194,-0.11515415,-0.106408596,0.08108425
4,99576351356424,0.08655274,0.31292143,-0.12596752
10,99576359369236,-0.1481055,-0.17231798,0.0074892044
4,99576364216163,0.104928546,0.28975195,-0.1387507
10,99576367873194,-0.19005692,-0.16020632,-0.17180109
4,99576372814132,0.107858025,0.28975195,-0.12410331
10,99576378368663,-0.07169616,-0.072004795,-0.2844634
4,99576382155799,0.11611383,0.30146983,-0.10040118
10,99576384962309,0.03125918,0.12192583,-0.20785141
4,99576392070799,0.13102753,0.32943302,-0.084155895
10,99576400228819,0.09716034,0.32125568,-0.17181349
4,99576403652934,0.13635385,0.36272255,-0.062051654
10,99576408226580,0.11823881,0.30908155,-0.18826008
4,99576411453871,0.13156016,0.39228365,-0.023702133
10,99576418320903,-0.1992073,0.5262561,-0.08241606
4,99576423234288,0.10892329,0.40107206,-0.0015978967
10,99576427355434,-0.35954177,0.5934248,0.016742706
2,99576430621788,-29.0,-9.0,27.0
10,99576438086996,-0.45909536,0.4921279,0.1854124
4,99576442923194,0.07483483,0.2796319,-0.055926383
10,99576446556840,-0.5254035,0.20432663,0.26499224
4,99576449805226,0.03914847,0.20959078,-0.07536746
10,99576457907517,-0.47581685,-0.0055212975,0.3281722
4,99576462775590,0.045540057,0.17630127,-0.0793622
10,99576466435642,-0.2976339,-0.10550594,0.62921953
4,99576471247153,0.0892159,0.19920446,-0.06471482
10,99576476441267,-0.06803751,-0.13090134,1.0117707
4,99576480236996,0.13502227,0.3107909,-0.020240024
10,99576484314809,-0.015378356,-0.2721467,1.0860004
4,99576490741632,0.1371528,0.39574575,0.026631612
10,99576498750069,-0.08666766,-0.38050413,1.2621098
4,99576503640121,0.20586236,0.66845345,0.27137613
10,99576507298246,-0.011211872,-0.3921666,1.2350082
4,99576510546892,0.27723506,0.77577883,0.47164583
10,99576515903923,-0.67679995,-0.7393255,1.2182493
4,99576520709236,0.28522456,0.79229045,0.64395237
10,99576525455851,-0.90362537,-0.93945503,0.8243556
4,99576528897986,0.29161614,0.76485986,0.7094661
10,99576536795434,-0.8377469,-0.7495403,0.8459563
4,99576541583976,0.46046057,0.639425,0.5640575
10,99576546206944,-0.6257127,0.8797474,1.1356378
4,99576549454028,0.4327637,0.59122175,0.32011196
10,99576556616840,-1.6944693,0.31112528,0.8314333
4,99576561392673,-0.62983763,0.33475935,-0.26418558
10,99576565984861,-3.143706,0.5103717,2.3486333
4,99576570746944,-0.8048073,0.18642128,-0.2591256
10,99576575732517,-3.8359032,-0.94947195,2.7512145
4,99576579548976,-0.71505874,-0.20453078,-0.070307456
10,99576584419757,-2.9037743,-2.5640106,1.9486861
4,99576589317153,-0.27190876,-0.6109292,-0.050866377
10,99576596151371,-2.0531952,-2.6058908,1.3873448
4,99576600918923,0.47643954,-0.91133374,-0.5075985
10,99576605609340,-0.29898757,-0.27434254,-0.64777803
2,99576608869705,-28.0,-13.0,28.0
10,99576615935226,-0.23766625,0.7888956,-1.3662839
4,99576620710173,0.03355583,-0.58269966,-0.5968144
10,99576624487413,-0.2982005,2.9686613,-1.5537491
4,99576627767465,-0.22343922,-0.4876248,-0.4956143
10,99576635710121,-0.5035472,3.2266598,-1.3941317
4,99576640542517,-0.6671219,-0.34248254,-0.21598236
10,99576644268350,-0.6356258,2.1972961,-1.2721281
4,99576647547934,-0.7704525,-0.32144356,-0.20692763
10,99576655446632,-0.65572685,1.524612,-1.0337081
4,99576660260121,-0.85061365,-0.35260254,-0.27084348
10,99576664087778,-1.1318861,0.31580687,-0.007990837
4,99576668854653,-0.6873619,-0.4412858,-0.27031085
10,99576673779757,-1.3024518,0.12648296,0.17954397
4,99576677957048,-0.44847634,-0.5158543,-0.16990969
10,99576683907986,-1.2987504,0.1008687,0.2699561
4,99576687167882,-0.25193503,-0.57364494,-0.081226416
10,99576695012569,-1.195987,0.5288358,0.21470976
4,99576699817153,-0.15259913,-0.6173208,-0.042077947
10,99576703554913,-1.147323,1.0233197,0.043169975
4,99576706894080,-0.20213392,-0.649545,0.0013315806
10,99576714786215,-1.1897054,1.4154248,-0.17064714
4,99576719562934,-0.3257046,-0.6775082,0.08069378
10,99576723333246,-1.099016,1.6842933,-0.2905364
4,99576726655330,-0.4263721,-0.7004114,0.16458336
10,99576734603715,-0.9248779,1.6455865,-0.68778944
4,99576739374965,-0.5190501,-0.69481874,0.21092236
10,99576744625173,-0.81032467,1.4464993,-0.93974257
4,99576747860798,-0.63862604,-0.67244816,0.22583607
10,99576754339809,-0.8806262,1.122652,-0.8504963
4,99576759165486,-0.711863,-0.6764429,0.25965822
10,99576764195746,-0.991668,0.70446205,-0.24572992
4,99576769007778,-0.6961503,-0.71505874,0.32810146
10,99576773940121,-0.9055692,0.12558079,0.1624875
4,99576777758975,-0.6468818,-0.7451525,0.37017938
10,99576783167100,-0.67063034,-0.08242798,0.3870659
2,99576786436736,-25.0,-3.0,24.0
10,99576793888767,-0.6418234,0.0833807,0.31365204
4,99576798680955,-0.5182512,-0.7709851,0.41944787
10,99576803793819,-0.6786517,0.29810762,0.0045466423
4,99576807042413,-0.5161206,-0.7640609,0.4788364
10,99576813716944,-0.6328747,0.55041313,-0.21709824
4,99576818475850,-0.59787965,-0.7704525,0.5203817
10,99576823583194,-0.6009581,0.8522711,-0.30050468
4,99576826828923,-0.70174295,-0.7643272,0.5552691
10,99576833451163,-0.67529964,0.8505297,-0.42865038
4,99576838219080,-0.80773675,-0.7438209,0.6058692
10,99576843323350,-0.8196014,0.73047256,-0.5100136
4,99576846547986,-0.8745821,-0.72970617,0.6556703
10,99576853267309,-0.87839055,0.58158827,-0.69175863
4,99576858076111,-0.9041432,-0.7414241,0.66179556
10,99576863217673,-0.8469219,0.46183777,-0.7660351
4,99576867977048,-0.9044095,-0.7728494,0.63037026
10,99576872904496,-0.782132,0.29639816,-0.7490339
4,99576876735538,-0.8652611,-0.8117315,0.58962387
10,99576882201632,-0.65005445,-0.07562399,-0.55251455
4,99576885457517,-0.8335694,-0.84874946,0.56485647
10,99576892815798,-0.4266181,-0.61291075,-0.39136505
4,99576897596632,-0.79255676,-0.85061365,0.5592638
10,99576902689705,-0.11881971,-1.0934191,-0.11170244
4,99576905924965,-0.71532506,-0.8175905,0.5616607
10,99576912735121,0.13980627,-1.4444742,0.10126209
4,99576917537725,-0.6218481,-0.75607145,0.5653891
10,99576922751267,0.39616823,-1.5881009,0.063325405
4,99576925991475,-0.5432849,-0.69801456,0.5339638
10,99576932362986,0.6290767,-1.4768982,-0.029524326
4,99576937132882,-0.50120693,-0.64714813,0.45220476
10,99576942199861,0.8672786,-1.2131763,-0.16542435
4,99576945423559,-0.4708469,-0.60267335,0.34967306
10,99576952133767,1.0200613,-1.0240393,-0.17573261
4,99576956920069,-0.45353633,-0.5430186,0.28229508
10,99576962118298,1.195085,-1.0107412,-0.2099595
2,99576966932830,-31.0,14.0,23.0
10,99576971930277,1.4151967,-0.9774928,-0.14010859
4,99576976168246,-0.4759069,-0.36458677,0.19547603
10,99576981093611,1.5828018,-0.84756374,-0.10995436
4,99576984407413,-0.4745753,-0.31451932,0.15978967
10,99576991683298,1.6038768,-0.6681919,0.04567337
4,99576996464652,-0.42690474,-0.21092236,0.051665325
10,99577001639652,1.5542452,-0.6345086,0.24855947
4,99577004883611,-0.37364152,-0.15393071,0.0013315806
10,99577011464757,1.530469,-0.7134452,0.5166607
4,99577016247882,-0.29960564,-0.09454222,-0.03089267
10,99577021188194,1.5527015,-0.7550225,0.85995245
4,99577024562830,-0.16618125,-0.03781689,-0.04660532
10,99577031199132,1.5359213,-0.6704316,1.1164212
4,99577036147465,-5.326322E-4,0.0063915867,-0.05006743
10,99577041050955,1.4855478,-0.45209312,1.2944613
4,99577044385173,0.0793622,0.025832662,-0.048469532
10,99577051000330,1.3710845,-0.20659351,1.3070173
4,99577055884340,0.23702134,0.09773801,-0.021038974
10,99577060498975,1.2350662,-0.10218811,1.1548438
4,99577065318454,0.23755397,0.12543489,-5.326322E-4
10,99577070238246,1.1538663,-0.03612137,1.0930867
4,99577074038507,0.22237396,0.1685781,0.046339005
10,99577079116736,1.0040514,0.38042498,1.1285582
4,99577082655902,0.22370553,0.18002969,0.08335695
10,99577090553715,0.9225974,0.47969723,1.0398035
4,99577095409704,0.20799288,0.15765914,0.11504856
10,99577100032777,0.7374494,0.7416787,0.6857505
4,99577103244757,0.19600865,0.13528858,0.14594123
10,99577110334444,0.7397952,0.7563009,0.5829382
4,99577115516579,0.18722023,0.120907515,0.16165388
10,99577120105225,0.65498805,0.45423603,0.46063137
4,99577123355069,0.17789917,0.12144015,0.16431704
10,99577130106996,0.5892713,0.29089928,0.4436798
4,99577134934079,0.16751283,0.11851067,0.16990969
10,99577139534132,0.29296708,0.111786366,0.3868637
2,99577142792361,-27.0,22.0,18.0
10,99577149884027,0.20021749,-0.02392435,0.35688543
4,99577154778923,0.20692763,0.0628506,0.16112125
10,99577159356423,0.06561446,-0.25777674,0.191041
4,99577164243923,0.20719394,0.02743056,0.13768543
10,99577169150121,-0.04121375,-0.39854908,0.23693609
4,99577172950069,0.21118867,-0.02396845,0.10892329
10,99577177941579,-0.14060497,-0.42063618,0.2569499
4,99577182886371,0.21624869,-0.06178534,0.0777643
10,99577189429861,-0.16980863,-0.46126795,0.17178488
4,99577194295069,0.19068234,-0.07350325,0.048203215
10,99577198910694,-0.20646572,-0.5928116,-0.121845245
4,99577202142829,0.13102753,-0.06524745,0.0058589545
10,99577209218298,-0.1913259,-0.60729074,-0.24827099
4,99577214059652,0.09187906,-0.06977482,-0.05006743
10,99577217760642,-0.19827986,-0.5428481,-0.1930623
4,99577221108298,0.06391586,-0.077231675,-0.11771172
10,99577229007413,-0.19843459,-0.41207027,-0.11515665
4,99577233872517,0.036218993,-0.07989483,-0.16937704
10,99577238481163,-0.29939675,-0.29477644,-0.13782501
4,99577241729809,-0.002396845,-0.06684534,-0.19600865
10,99577248783767,-0.40284956,-0.18609285,-0.17815304
4,99577253627986,-0.017044231,-0.05566007,-0.20240025
10,99577258247673,-0.4682721,-0.020636082,-0.070854664
4,99577263060486,0.0018642128,-0.05273059,-0.21784659
10,99577267952621,-0.47519243,0.1457696,-0.09185934
4,99577271750538,-0.010386328,-0.05539375,-0.25379926
10,99577274460329,-0.52308095,0.31097746,-0.17086077
4,99577281878559,-0.06018744,-0.052464273,-0.27830034
10,99577289789496,-0.65480447,0.5249834,-0.09651661
4,99577294686892,-0.083090626,-0.043409526,-0.26711506
10,99577299297569,-0.67450047,0.522871,-0.09089565
4,99577302534184,-0.0727043,-0.037284255,-0.2197108
10,99577308555277,-0.6787262,0.80042124,0.10651255
4,99577313449444,-0.020240024,-0.03009372,-0.16884442
10,99577317099861,-0.5441979,0.8127408,0.039319515
2,99577320371527,-26.0,20.0,20.0
10,99577327875329,-0.41966963,0.7148156,-0.08872986
4,99577332674548,-0.023169503,0.024234766,-0.14354439
10,99577336335746,-0.36725473,0.77499294,-0.10642147
4,99577341107517,-0.083090626,0.060453758,-0.12516858
10,99577347661840,-0.4219663,0.83610487,0.0027184486
4,99577352481163,-0.10652645,0.0958738,-0.05352954
10,99577357135277,-0.4583218,0.65591717,0.15514994
4,99577361923611,-0.07962852,0.12969595,0.04527374
10,99577366790694,-0.3481543,0.33988905,0.23082209
4,99577370589809,-2.663161E-4,0.13608754,0.08681905
10,99577373355381,-0.22365212,0.2321477,0.19011497
4,99577380743142,0.04926848,0.12410331,0.07829694
10,99577389151840,-0.16096473,0.2169261,0.025895596
4,99577392578038,0.10626013,0.07669904,0.004527374
10,99577397618506,-0.1590178,0.21233034,0.018491745
4,99577400832777,0.054594804,0.06231797,-0.023702133
10,99577406026527,-0.12071061,0.30091572,-0.07727623
4,99577410787309,0.007989483,0.06657903,-0.016245283
10,99577414553454,-0.051742792,0.16447783,-0.0110087395
4,99577419358923,-0.008522116,0.079095885,7.9894834E-4
10,99577427353194,0.028175354,0.03332758,0.037230015
4,99577432192361,-0.019973708,0.12969595,0.03089267
10,99577435821892,0.2601173,-0.29927492,0.28553343
4,99577439067204,-0.0058589545,0.1486044,0.016245283
10,99577447152517,0.35426474,-0.33132982,0.41923237
4,99577451950225,0.08522116,0.18216023,-0.05752428
10,99577455654913,0.3315668,-0.32440805,0.5383558
4,99577460420121,0.122771725,0.18695392,-0.07456851
10,99577465946944,0.3089037,-0.2821393,0.5360074
4,99577471095642,0.22716765,0.19600865,-0.1041296
10,99577474891371,0.43984556,-0.14696169,0.57265663
4,99577478184236,0.25965822,0.19574234,-0.112119086
10,99577486695434,0.5369172,-0.1643343,0.49709606
4,99577491545590,0.40187103,0.22796659,-0.1355549
10,99577495286527,1.0212493,-0.36641073,0.6480794
2,99577498540017,-28.0,18.0,20.0
10,99577506485017,1.1838331,-0.5063324,0.7394314
4,99577511337256,0.71825457,0.4660532,-0.13662016
10,99577514987048,1.2938213,-1.0088029,0.8802004
4,99577518217152,0.8149273,0.55313855,-0.123038046
10,99577526264913,1.193367,-1.1372366,0.8583946
4,99577531058975,1.1456919,0.7342335,-0.09986854
10,99577534854496,0.7927611,-1.0091615,1.094717
4,99577538103663,1.2607405,0.7600662,-0.111852765
10,99577546094548,0.68212986,-0.94640875,1.0619316
4,99577550888246,1.5030881,0.74009246,-0.20612867
10,99577554612308,0.31276965,-0.38364983,1.2079926
4,99577559477673,1.5603461,0.721184,-0.23489082
10,99577565001736,0.18828201,-0.2977476,1.0790339
4,99577568838194,1.6000272,0.7073356,-0.23888555
10,99577572227986,-0.08442664,-0.2341547,0.8691158
4,99577578649340,1.4615428,0.72278196,-0.21837921
10,99577585660329,-0.27165174,-0.081487656,0.5533147
4,99577590496475,1.0626013,0.695884,-0.26738137
10,99577594342517,-0.52984285,0.5011406,0.2148614
4,99577597587986,0.92012215,0.67031765,-0.30306774
10,99577605327256,-0.5818447,0.601079,0.112372875
4,99577610085590,0.6466155,0.62983763,-0.36298886
10,99577613332361,-0.72103024,0.28004837,0.093583584
4,99577617313142,0.3853594,0.61625546,-0.376571
10,99577625107517,-0.71565914,-0.014708519,0.10772371
4,99577629865746,0.22450449,0.6151902,-0.36085832
10,99577633626683,-0.7396256,-0.6471553,0.5024786
4,99577636868975,0.25193503,0.6018744,-0.3472762
10,99577644897361,-0.7736615,-0.7910323,0.5163779
4,99577649653506,0.391751,0.5435512,-0.35579833
10,99577653447933,-0.79854393,-0.80852175,0.4638915
4,99577658190694,0.54648066,0.4495416,-0.39601207
10,99577663737829,-0.7937243,-0.47886992,0.24455261
4,99577667551163,0.6466155,0.3552657,-0.45193845
10,99577672634392,-0.69509804,-0.05441618,-0.028918743
2,99577676002256,-31.0,9.0,23.0
10,99577684454861,-0.5528209,0.41996527,-0.17940474
4,99577689278090,0.6175871,0.28362668,-0.45886266
10,99577692958298,-0.45361745,0.81098557,-0.33754826
4,99577696194288,0.53742594,0.3158509,-0.3920173
10,99577704325850,-0.41638803,0.97495556,-0.4150343
4,99577709093923,0.44101948,0.36645097,-0.3121225
10,99577712881423,-0.3518207,0.9743357,-0.37229347
4,99577716100902,0.3470099,0.41998053,-0.23222765
10,99577723993715,-0.47775757,0.89353085,-0.2934966
4,99577727986475,0.2711098,0.44927529,-0.14993598
10,99577732298819,-0.68216455,0.80118084,-0.13863039
4,99577735551058,0.24607609,0.4293016,-0.082025364
10,99577743800485,-0.76403904,0.7012882,-0.07678938
4,99577748617985,0.24314661,0.37630466,-0.045540057
10,99577752254079,-0.7101325,0.69586563,-0.025485992
4,99577757031475,0.24873926,0.31505197,-0.037284255
10,99577762556527,-0.67900383,0.8000231,-0.040467262
4,99577766366527,0.2314287,0.26551718,-0.02130529
10,99577771608038,-0.69179237,0.8905449,-0.14709806
4,99577774887465,0.18056233,0.24234766,0.011185277
10,99577783407621,-0.72633564,0.9748111,-0.15722942
4,99577788314079,0.11265171,0.23089607,0.043675844
10,99577792029808,-0.7805451,0.87128735,-0.1959157
4,99577795279756,0.04527374,0.22556975,0.06711166
10,99577803179913,-0.8017894,0.6683974,-0.0885396
4,99577808004808,-0.0039947415,0.22450449,0.084155895
10,99577811639913,-0.9257825,0.34411907,0.08047867
4,99577814879392,-0.023702133,0.2050634,0.10679276
10,99577822868767,-1.1429846,0.13358212,0.09645128
4,99577827709027,0.0058589545,0.15446335,0.11797804
10,99577831379496,-1.2035289,-0.022017956,0.12713003
4,99577834617152,0.043942157,0.083889574,0.09241169
10,99577842675121,-1.1505696,-0.10842419,0.08294296
4,99577847452881,0.06791061,0.002396845,0.03568636
10,99577851103298,-1.0310587,-0.026100636,0.12669373
2,99577856014496,-28.0,4.0,25.0
10,99577861538610,-0.83803064,-0.011633873,0.16777563
4,99577865346527,0.08335695,-0.090014845,-0.051665325
10,99577870221423,-0.65193164,-0.079176426,0.15255547
4,99577875088767,0.070041135,-0.08522116,-0.0628506
10,99577882236840,-0.532943,-0.125947,0.17526054
4,99577887039913,0.025300032,-0.027696876,-0.06711166
10,99577890661319,-0.39712536,-0.26642418,0.32364368
4,99577893963142,0.021038974,-0.006657903,-0.062051654
10,99577901992100,-0.46276975,-0.29840517,0.394979
4,99577906822256,0.059388492,0.029827405,-0.04580637
10,99577910469860,-0.52067184,-0.26996994,0.3850031
4,99577913718871,0.07483483,0.02876214,-0.046072688
10,99577921769548,-0.5524912,-0.25115728,0.35384703
4,99577926550121,0.09853696,-0.011984225,-0.07190535
10,99577930250173,-0.51597166,-0.073978424,0.31461287
4,99577933460798,0.10146644,-0.030360037,-0.080960095
10,99577941559652,-0.49597156,-0.008398533,0.263278
4,99577946333454,0.09960223,-0.08548747,-0.09773801
10,99577949992256,-0.29205835,0.28371906,0.17655659
4,99577954899340,0.09267801,-0.09773801,-0.100933805
10,99577960351840,-0.21649718,0.31826162,0.11083126
4,99577964145850,0.058589544,-0.103863284,-0.10466223
10,99577969141892,0.030180573,0.2697997,-0.014075756
4,99577974002048,0.014647386,-0.077231675,-0.09454222
10,99577981083767,0.085724235,0.22939348,-0.031525135
4,99577985936110,0.0,-0.019707393,-0.06764429
10,99577989586683,0.059669018,0.23449469,0.23960543
4,99577992834183,0.010652645,-0.011451593,-0.06231797
10,99578000895954,0.010212183,0.21488571,0.2771039
4,99578005805329,0.03542004,-0.017044231,-0.05672533
10,99578009463350,-0.13216317,0.24476528,0.098349094
4,99578012708610,0.036751624,-0.033822145,-0.05672533
10,99578020748558,-0.15239275,0.26461077,0.0826211
4,99578025583871,0.054594804,-0.06524745,-0.06231797
10,99578029200746,-0.00533092,0.37854004,0.08532047
2,99578032455277,-28.0,2.0,29.0
10,99578040394808,0.049980044,0.40675926,0.11775255
4,99578045305746,0.045007423,0.015446335,-0.08442221
10,99578049007569,0.20044303,0.21650696,0.40140963
4,99578053897725,0.0029294773,0.17816548,-0.06524745
10,99578059459340,0.16873407,0.101696014,0.44441652
4,99578063252360,-0.029294772,0.3472762,0.004527374
10,99578068259340,-0.07806587,0.10024357,0.9117274
4,99578071521371,0.048203215,0.43516052,0.14567491
10,99578079986892,-0.44177675,0.184165,0.85029364
4,99578084907256,0.21092236,0.47164583,0.36245623
10,99578088538037,-0.30099428,-0.64920855,1.046864
4,99578091753610,0.32437304,0.5456817,0.59894496
10,99578099768610,-0.30517924,-1.0523314,0.9486785
4,99578104954756,0.37124467,0.61865234,0.84155893
10,99578108628558,-0.39701867,-0.7912688,-0.36633253
4,99578111836006,0.6846987,0.6492787,0.73636407
10,99578119598506,0.12111485,-0.15265656,1.7028399
4,99578124437360,0.44741106,0.60533655,0.25832662
10,99578128083923,-1.5490694,-1.2065501,1.8521557
4,99578131357829,-0.35286885,0.18136127,-0.087085366
10,99578139372621,-3.7867134,0.30744553,2.9078403
4,99578144287881,-0.3920173,-0.39254996,-0.02876214
10,99578147937256,-4.439595,-0.39904118,1.9776034
4,99578152761527,-0.39947417,-0.83703154,0.02609898
10,99578158298246,-2.8961935,-2.2108674,0.6805091
4,99578162112725,-0.4346279,-1.2037488,-0.2644519
10,99578167103610,-1.0390843,-1.7783895,0.08195257
4,99578170420642,-0.004261058,-1.3424995,-0.5680523
10,99578178912152,-0.26662827,-0.35001898,-1.117538
4,99578183884079,0.33635727,-1.1259845,-0.6149239
10,99578187532256,0.33514178,0.8915973,-2.0272913
4,99578190741214,0.098004326,-0.8162589,-0.58722705
10,99578198691214,0.32550848,1.7717962,-2.5039206
4,99578203543610,-0.28122982,-0.6295713,-0.5030711
10,99578206817569,-0.26515818,2.4805624,-2.1891809
2,99578210714131,-23.0,4.0,30.0
10,99578218468871,-0.51971245,1.5908093,-1.9691615
4,99578223322204,-0.66818714,-0.3190467,-0.23755397
10,99578226944287,-0.45626676,0.71426964,-1.2952304
4,99578230190902,-0.62717444,-0.2809635,-0.267914
10,99578238208506,-0.6903641,0.28949118,-0.5304384
4,99578243060537,-0.4295679,-0.28549087,-0.27137613
10,99578246720069,-1.0579752,0.084460735,-0.30818748
4,99578251556787,-0.24980451,-0.3022688,-0.20692763
10,99578257112673,-1.1318097,0.388175,-0.17445469
4,99578262267152,-0.14594123,-0.3110572,-0.1323591
10,99578264371631,-0.9115405,0.80238676,-0.0690999
4,99578270743298,-0.13635385,-0.3110572,-0.09374327
10,99578279063454,-0.77404904,1.0723495,-0.092737675
4,99578282450017,-0.2197108,-0.25752768,0.036751624
10,99578285218506,-0.7740364,1.072362,-0.09273434
4,99578289953454,-0.27324033,-0.21411815,0.082025364
10,99578298877725,-0.57489645,0.8073225,-0.45217752
4,99578302295589,-0.4048005,-0.07483483,0.18295917
10,99578305056631,-0.5748955,0.80731916,-0.45218086
4,99578309861319,-0.42104578,-0.051931642,0.19893813
10,99578316745225,-0.5183222,0.7014823,-0.1519165
4,99578321530329,-0.44554687,-0.047404267,0.20266657
10,99578326572725,-0.49745917,0.7851858,0.059583187
4,99578329820069,-0.4607269,-0.064182185,0.21358553
10,99578336525954,-0.57766426,0.5963316,-0.0010604858
4,99578341349756,-0.4631237,-0.06764429,0.27057716
10,99578345887048,-0.58470976,0.3223729,-0.013062477
4,99578350673923,-0.45007423,-0.06364955,0.3006709
10,99578356993246,-0.51068366,0.20076132,0.11140442
4,99578361372829,-0.36778256,-0.07163903,0.32091093
10,99578363476839,-0.5609788,0.14808655,0.25266743
4,99578369734392,-0.33502567,-0.09853696,0.3089267
10,99578376078871,-0.6121943,0.19077873,0.3388667
4,99578380841214,-0.2825614,-0.21544974,0.28815404
10,99578384567933,-0.4879018,0.40799522,0.3314228
2,99578389324027,-26.0,5.0,24.0
10,99578395973714,-0.37889957,0.52719116,0.32445478
4,99578400723871,-0.33449304,-0.28575718,0.30013826
10,99578404479444,-0.12463546,0.36206436,0.3343091
4,99578407744027,-0.37790257,-0.25885928,0.33129725
10,99578415674912,-0.051980972,0.20829344,0.16327333
4,99578420528350,-0.48522797,-0.12117383,0.41065946
10,99578424244339,-0.07022214,0.14854717,0.27509975
4,99578427513714,-0.47404268,-0.08841695,0.41545314
10,99578435453246,-0.10782194,0.13886023,0.26933527
4,99578440238662,-0.45593318,-0.10226539,0.37284255
10,99578443970641,-0.09596062,0.01955223,0.41726255
4,99578448774079,-0.4593953,-0.12596752,0.34754252
10,99578453800485,-0.048853874,0.00867033,0.52004814
4,99578457917777,-0.45699844,-0.18162759,0.30999196
10,99578463829704,0.008420467,-0.23226404,0.5580282
4,99578467097360,-0.43569317,-0.221575,0.299073
10,99578475007516,0.12070465,-0.30446863,0.5319252
4,99578479784444,-0.40053943,-0.23435818,0.28868666
10,99578483538089,0.36623168,-0.3118925,0.51437664
4,99578486863975,-0.36751625,-0.23169503,0.26738137
10,99578494780485,0.40839863,-0.21767235,0.5297823
4,99578499561423,-0.3158509,-0.21731395,0.23515713
10,99578503362621,0.40627003,-0.20402431,0.52000046
4,99578506631579,-0.30945933,-0.21358553,0.19787288
10,99578514590016,0.4117508,-0.23594332,0.6400151
4,99578519423298,-0.30599722,-0.21678132,0.15925704
10,99578523156214,0.43864894,-0.260242,0.9025283
4,99578526426735,-0.28655612,-0.22929817,0.12996227
10,99578534362881,0.35594416,-0.38634253,0.93936634
4,99578539216631,-0.2593919,-0.25007084,0.11611383
10,99578542984756,0.36901402,-0.3664937,1.0078726
4,99578547843141,-0.21997711,-0.27031085,0.11025487
10,99578552772516,0.39432693,-0.2516799,1.0496655
4,99578556788662,-0.18402444,-0.27217507,0.11851067
10,99578562727048,0.41675282,-0.16802263,0.9405532
2,99578565987048,-30.0,12.0,21.0
10,99578573886319,0.40767074,-0.016152382,0.87259007
4,99578578671891,-0.14913702,-0.2298308,0.16378441
10,99578582395381,0.37772417,0.06367445,0.72441816
4,99578585750381,-0.107858025,-0.20905815,0.18136127
10,99578593654027,0.33422446,0.10828829,0.66906166
4,99578598416266,-0.06924219,-0.2034655,0.18642128
10,99578602121943,0.25924778,0.12170458,0.7107873
4,99578605545537,-0.044208474,-0.2031992,0.1818939
10,99578613481058,0.18953848,0.087985516,0.69541454
4,99578618256423,-0.03435478,-0.20399815,0.17204021
10,99578622860433,0.12934923,0.08420229,0.78403425
4,99578626072673,-0.0314253,-0.21065605,0.16618125
10,99578633204704,0.08788514,-0.02466774,0.7366419
4,99578638036839,-0.022903185,-0.19973709,0.16777915
10,99578641698818,0.11364961,-0.09970474,0.62490654
4,99578646522464,0.008522116,-0.18508969,0.15526229
10,99578651565121,0.053831577,-0.111082554,0.4855032
4,99578655675693,0.06231797,-0.16644756,0.1454086
10,99578662076266,0.004191637,-0.091879845,0.38560152
4,99578666919964,0.123038046,-0.15472966,0.1355549
10,99578673104391,-0.054585934,0.012003422,0.3073759
4,99578678254912,0.16831179,-0.15819177,0.12197278
10,99578683266527,-0.038100243,0.18384743,0.26347113
4,99578686510850,0.2034655,-0.16777915,0.10839066
10,99578692563089,-0.09727478,0.37199783,0.11146879
4,99578697382516,0.22370553,-0.17337179,0.11105382
10,99578702476943,-0.15447664,0.50327206,0.046170235
4,99578705737464,0.24261399,-0.15339808,0.13342437
4,99578710737464,0.2463424,-0.1257012,0.17337179
4,99578721590485,0.25379926,-0.1073254,0.19068234
11,99578728228454,-0.414051,0.07041,-0.401563,0.813848,0.0
4,99578730136735,0.28975195,-0.07590009,0.21917816
11,99578738407829,-0.413038,0.069364,-0.399294,0.815568,0.0
4,99578740344027,0.3206446,-0.06098639,0.23222765
2,99578747260068,-27.0,18.0,20.0
4,99578749617256,0.35899413,-0.07962852,0.22370553
4,99578760875589,0.37044573,-0.0974717,0.21518342
4,99578764257412,0.37151098,-0.122771725,0.20532973
10,99578770185850,-0.3379581,0.25241518,-0.29339933
4,99578775082412,0.34594464,-0.15339808,0.19441076
10,99578782149443,-0.15380478,0.28937197,-0.30662584
4,99578785362985,0.2695119,-0.11504856,0.22264028
10,99578790113506,0.0129413605,0.23861122,-0.20902729
4,99578794943610,0.2559298,-0.07829694,0.24740767
10,99578801625173,-0.0060796738,0.11675835,-0.1417079
4,99578804868662,0.24927188,0.024234766,0.3254383
10,99578809987985,-0.073634386,0.11520386,0.052778244
4,99578814956006,0.2660498,0.03914847,0.34567833
10,99578821685745,-0.22082436,0.005056858,0.10794258
4,99578824929600,0.32517198,0.054328486,0.40293628
10,99578829571318,-0.18999994,-0.24255562,0.10138416
4,99578834418766,0.3320962,0.06897587,0.4183826
10,99578841478818,-0.120067835,-0.35016012,0.05940056
4,99578844717568,0.29534456,0.13209279,0.43089947
10,99578849398089,0.18494833,-0.20803308,-0.17799902
4,99578854234964,0.27856666,0.14753912,0.39867523
10,99578859817881,0.40353715,-0.101623535,-0.27223682
4,99578862918818,0.18695392,0.18908444,0.25992453
10,99578869114131,0.48288035,-0.32708836,-0.023591518
4,99578874000589,-0.019973708,0.18562233,0.18136127
10,99578880991423,0.015189648,-0.1706109,0.05487871
4,99578884297777,0.008788432,0.175236,0.22956449
10,99578888890173,0.4202683,-0.29693174,0.085413456
4,99578893749495,0.06924219,0.2066613,0.15659387
10,99578900794912,0.53841496,-0.68395805,0.03691578
4,99578904111475,-0.17150758,0.16138756,-0.058589544
10,99578908691423,0.036443353,-0.4892378,0.48601913
4,99578913651527,-0.21118867,0.05832323,-0.1667139
10,99578920523923,-0.19129825,-0.551847,0.5531645
2,99578923784756,-25.0,27.0,19.0
10,99578928131318,-0.20868278,-0.7686434,0.7011471
4,99578932977204,-0.042077947,-0.04447479,-0.12463594
10,99578940328298,0.012127876,-0.7985101,0.9336438
4,99578943564964,0.04873585,-0.094808534,-0.16165388
10,99578948319131,0.0044556856,-0.59671974,1.046967
4,99578953316995,0.1323591,-0.15952335,-0.19627498
10,99578958769495,-0.20137715,-0.34995365,0.9332509
4,99578961874808,0.15925704,-0.19707392,-0.17896444
10,99578967791266,-0.27586102,-0.027491093,0.7685046
4,99578972618454,0.12436963,-0.19787288,-0.13182648
10,99578979504027,-0.2561611,0.1630845,0.5647192
4,99578982728350,0.021837922,-0.16431704,-0.090281166
10,99578987730329,-0.2481705,0.27063274,0.44695902
4,99578992531475,-0.0892159,-0.13209279,-0.06870956
10,99578999292360,-0.30372322,0.32737637,0.4454136
4,99579002506475,-0.13156016,-0.11797804,-0.07163903
10,99579007695798,-0.32065213,0.24227,0.44094038
4,99579012466318,-0.09667275,-0.11984225,-0.08548747
10,99579019038037,-0.26539397,-0.0029511452,0.45642567
4,99579022284287,-0.03222425,-0.11558119,-0.10226539
10,99579027329027,-0.111080766,-0.17174196,0.40963984
4,99579031438037,0.060453758,-0.08628642,-0.11371698
10,99579038876318,-0.03376746,-0.20016813,0.42085266
4,99579042092516,0.11797804,-0.025033714,-0.08974853
10,99579047295641,-0.06897497,-0.2569785,0.4205203
4,99579052062725,0.12516858,0.046072688,-0.049002163
10,99579057208245,-0.14205563,-0.33807135,0.42483044
4,99579060424912,0.070041135,0.08175905,-0.033289514
10,99579065686110,-0.2330352,-0.34285975,0.47032022
4,99579072498714,0.024501082,0.053263225,-0.05486112
10,99579080021110,-0.30875516,-0.20313549,0.55118704
4,99579083275954,0.01438107,-0.023702133,-0.0892159
10,99579087807725,-0.3170588,-0.20491076,0.5518627
4,99579092639183,0.0015978967,-0.095074855,-0.123836994
10,99579098892204,-0.36928988,0.25008774,-0.012949467
2,99579102157204,-22.0,26.0,19.0
10,99579104218975,-0.2902813,0.6499195,-0.39602137
4,99579111986318,0.021571605,-0.133957,-0.17736652
10,99579119553454,-0.24796975,0.90725994,-0.69924307
4,99579122830433,0.019707393,-0.11105382,-0.18136127
10,99579127305537,-0.27302969,0.9008608,-0.6980028
4,99579131216006,0.01784318,-0.07882957,-0.19201392
10,99579137729443,0.07628155,1.4343653,-0.7676244
4,99579140978558,0.03701794,-0.06098639,-0.19014971
10,99579143860068,0.016420126,1.573246,-0.9136543
4,99579151933766,0.027164243,-0.031158986,-0.17283916
10,99579158307308,0.236907,1.4447069,-0.41847658
4,99579161400589,-0.10892329,-0.028495824,-0.21278657
10,99579164412152,0.04058242,0.79587793,-0.7440882
4,99579171343714,-0.2282329,-0.021837922,-0.21012342
10,99579178966370,-0.1624484,0.22025585,-0.25092125
4,99579182229600,-0.17097494,0.006924219,-0.12703279
10,99579185145068,-0.1624484,0.22025585,-0.25092125
4,99579190877933,-0.076166406,0.047404267,-0.12197278
10,99579198524339,0.07815838,-0.14344501,0.18700695
4,99579201770172,-0.04926848,0.06977482,-0.19627498
10,99579204614079,-0.09182978,-0.20330048,0.4024849
4,99579210677620,-0.051931642,0.0628506,-0.22743396
10,99579216823870,-0.43841136,-0.10859585,0.49302197
4,99579220072985,-0.029827405,0.039414786,-0.18908444
10,99579225262516,-0.54748297,-0.2437129,0.466115
4,99579230110589,-0.018375812,0.033289514,-0.16271915
10,99579236436735,-0.3316903,-0.5958967,0.26952267
4,99579239683922,-0.040480047,0.023702133,-0.1667139
10,99579245048297,-0.09979248,-0.65849733,0.2383995
4,99579249852829,-0.03542004,0.01571265,-0.2000034
10,99579254786214,-0.0877223,-0.5922284,0.22273445
4,99579258188245,-0.012250541,0.016511599,-0.25166872
10,99579264828714,-0.14661098,-0.5454817,0.16003466
4,99579269654756,-0.010652645,0.024234766,-0.25300032
10,99579275990224,-0.19150949,-0.20774221,0.03886223
2,99579279249079,-24.0,23.0,22.0
10,99579284636891,-0.10667515,0.0071053505,0.005323887
4,99579289469391,-0.011984225,0.02876214,-0.2559298
10,99579295761631,-0.04989028,0.06285,0.019162178
4,99579299004599,-0.028229509,0.027164243,-0.29534456
10,99579304863454,0.06815648,0.1369009,0.2799778
4,99579309767985,-0.051931642,0.06924219,-0.3075951
10,99579315890277,-0.10475564,-0.2573657,0.1248703
4,99579319129860,-0.092944324,0.13129385,-0.24927188
10,99579324519079,-0.2187419,-0.5042114,0.06898165
4,99579329343193,-0.11797804,0.1818939,-0.18002969
10,99579335451683,-0.18504357,-0.48860884,0.15048838
4,99579338661527,-0.036751624,0.18136127,-0.170176
10,99579344337724,-0.12259531,-0.41501474,0.37017965
4,99579349102256,0.05486112,0.1403486,-0.20453078
10,99579354096787,-0.08647609,-0.15558481,0.34594393
4,99579357189443,0.07856325,0.09534117,-0.24474451
10,99579363764131,-0.087846994,0.21344995,0.3255806
4,99579368540381,0.04873585,0.091080114,-0.25539714
10,99579374876006,-0.06804228,0.40257502,0.3514161
4,99579378081110,-0.021571605,0.11132014,-0.21438447
10,99579383870120,-0.06689882,0.352911,0.22637415
4,99579388688245,-0.054594804,0.1470065,-0.1717739
10,99579394810954,0.08207965,0.3477006,0.28333378
4,99579398060954,-0.039414786,0.16804546,-0.17816548
10,99579403648089,0.06821036,0.2710023,0.27273798
4,99579408618766,0.008788432,0.16724652,-0.20133498
10,99579414726474,-0.08195567,0.22934246,0.35677338
4,99579417977985,0.04474111,0.16165388,-0.20479709
10,99579423446631,-0.20787668,0.334723,0.5037246
4,99579428293974,0.034621093,0.1520665,-0.18908444
10,99579434418714,-0.33012295,0.26340914,0.48792076
4,99579437638922,-0.033822145,0.14594123,-0.15472966
10,99579443224912,-0.440032,0.23964262,0.5883231
4,99579448035641,-0.04660532,0.11851067,-0.105993815
10,99579452950745,-0.5520394,0.22923756,0.526494
2,99579456087099,-26.0,15.0,25.0
10,99579463111995,-0.42557645,0.14257956,0.4581027
4,99579467887829,0.10333065,0.045540057,-0.09134643
10,99579474011162,-0.17453694,0.13877058,0.44770098
4,99579477252360,0.15499598,0.03888215,-0.14354439
10,99579482777256,-0.21677351,0.1417036,0.4691124
4,99579487591839,0.14620754,0.047404267,-0.15286545
10,99579493718870,-0.42159963,0.27767372,0.39843273
4,99579496961474,0.10146644,0.048203215,-0.11851067
10,99579502555589,-0.48295617,0.449893,0.3417921
4,99579507385276,0.055127434,0.026365295,-0.08522116
10,99579513516058,-0.38138747,0.5278115,0.23647642
4,99579516763089,0.017044231,0.018642128,-0.07882957
10,99579522312516,-0.2334342,0.5490155,0.12780857
4,99579527085485,-0.0039947415,0.051931642,-0.08681905
10,99579533204860,-0.20678234,0.52406883,0.0852747
4,99579536449079,-0.031158986,0.11558119,-0.077231675
10,99579542109183,-0.3565886,0.5631814,0.068887234
4,99579546894287,-0.04181163,0.14780544,-0.042876896
10,99579551836058,-0.5788076,0.6969824,0.14474058
4,99579554934131,-0.027164243,0.14460965,-7.9894834E-4
10,99579561910485,-0.7033324,0.71337366,0.28114033
4,99579566744599,0.012516857,0.1323591,0.040213734
10,99579572854651,-0.698575,0.55875206,0.38689947
4,99579576103506,0.045007423,0.12809806,0.07163903
10,99579581663506,-0.61575997,0.42425823,0.5290065
4,99579586426318,0.07856325,0.16538231,0.11158645
10,99579592531058,-0.64291835,0.18149614,0.57304907
4,99579595780849,0.108124346,0.22583607,0.1768339
10,99579601561214,-0.7757791,-9.5415115E-4,0.58081436
4,99579606386006,0.14567491,0.262854,0.23382555
10,99579612485381,-0.8668966,-0.073433876,0.5545459
4,99579615727829,0.17923075,0.2593919,0.25885928
10,99579620868089,-0.9426669,-0.21375608,0.45950794
4,99579625761735,0.17310548,0.2314287,0.2543319
10,99579631969287,-0.8767668,-0.23688793,0.41081524
2,99579635200381,-30.0,9.0,30.0
10,99579640578141,-0.7556565,-0.1359415,0.34915924
4,99579645457256,0.16538231,0.19947077,0.1736381
10,99579650376787,-0.7203882,-0.052814007,0.25219965
4,99579653748141,0.17150758,0.19707392,0.15579493
10,99579659202412,-0.7023883,-0.06852007,0.23468065
4,99579665756943,0.14327806,0.20053603,0.15419704
10,99579671853454,-0.62223506,-0.31695986,0.22403479
4,99579675103818,0.113983296,0.21598236,0.16325177
10,99579680224808,-0.62641525,-0.44574308,0.35894585
4,99579685150016,0.10945592,0.22184132,0.16751283
10,99579691335849,-0.6454272,-0.590117,0.46583462
4,99579694581943,0.114782244,0.22264028,0.17310548
10,99579699920328,-0.5924525,-0.6228318,0.62943697
4,99579704809235,0.13688648,0.21678132,0.16484967
10,99579711064078,-0.54374146,-0.6663313,0.7494745
4,99579714378141,0.25086978,0.19148129,0.12543489
10,99579719700485,-0.5339657,-0.72249126,0.74303484
4,99579724519131,0.30013826,0.18056233,0.11265171
10,99579730886891,-0.4829837,-0.7208886,0.66418695
4,99579734269756,0.39494678,0.15153387,0.090014845
10,99579739487828,-0.28165972,-0.67326593,0.5374532
4,99579744315745,0.47324374,0.11984225,0.059921127
10,99579749258870,-0.17029774,-0.65107775,0.45929003
4,99579752623506,0.556867,0.11504856,0.02130529
10,99579758164756,0.034949422,-0.5685258,0.2996297
4,99579764573089,0.6146576,0.12916331,-0.006657903
10,99579770655433,0.14483094,-0.33749247,0.16038227
4,99579773963089,0.63010395,0.15739283,-0.032490566
10,99579779176943,0.28943765,0.26254416,-0.18111944
4,99579784141631,0.5906891,0.17896444,-0.06524745
10,99579790250172,0.30083585,0.52321863,-0.31760168
4,99579793503193,0.50600064,0.18935075,-0.086020105
10,99579798810901,0.2939973,1.1994171,-0.574296
4,99579803660120,0.41065946,0.1965413,-0.10173275
10,99579810021943,0.28395462,1.6358843,-0.82895327
2,99579813281110,-28.0,13.0,28.0
10,99579818694547,0.2513386,1.5654111,-0.89046764
4,99579823538141,0.06950851,0.2444782,-0.14274544
10,99579829753141,0.18158853,1.0694642,-0.43154764
4,99579832999547,-0.029294772,0.2759035,-0.15472966
10,99579838364703,0.0061246157,0.3501382,0.11577749
4,99579843259651,-0.0077231675,0.26684874,-0.15632756
10,99579848165016,-0.22085953,-0.20411062,0.5815487
4,99579851507360,0.075101145,0.21012342,-0.18162759
10,99579857895901,-0.43875527,-0.43742514,0.85568905
4,99579862774964,0.15792546,0.0958738,-0.21837921
10,99579869324131,-0.5550933,-0.28090382,0.99913454
4,99579872537412,0.21997711,-0.044208474,-0.23435818
10,99579877922047,-0.49247062,0.010624886,0.80503273
4,99579882896578,0.21092236,-0.14088123,-0.22796659
10,99579889066266,-0.23989797,0.3798294,0.32946253
4,99579892311526,0.15526229,-0.1667139,-0.21704763
10,99579897722881,0.033962965,0.91220474,-0.035047054
4,99579902606006,0.09347696,-0.13448964,-0.20586236
10,99579908859651,0.108338356,1.2154546,-0.28556347
4,99579912117151,0.0034621095,-0.07882957,-0.17150758
10,99579917520328,-0.06236148,1.1444182,-0.3488121
4,99579922291474,-0.083090626,-0.043675844,-0.11771172
10,99579928618349,-0.2925415,0.7452607,-0.31492233
4,99579931841683,-0.133957,-0.054328486,-0.076965354
10,99579937716266,-0.39228845,0.3236003,-0.19179344
4,99579942491318,-0.107858025,-0.11132014,-0.0727043
10,99579947371735,-0.39321756,0.08514595,0.04916525
4,99579950485276,-0.03542004,-0.17736652,-0.08282431
10,99579957152360,-0.38266873,0.10801077,0.22583246
4,99579961933974,0.040213734,-0.21491711,-0.07962852
10,99579968179703,-0.37897968,0.30704546,0.27835703
4,99579971392412,0.084155895,-0.2082592,-0.05885586
10,99579974358401,-0.1802609,0.39323664,0.49144125
4,99579982199651,0.06364955,-0.10173275,-0.040746365
10,99579990217880,-0.031300545,0.1391921,0.48382235
2,99579993493245,-28.0,9.0,30.0
10,99579998881683,-0.014662504,0.14028835,0.47988844
4,99580003711995,-0.0561927,0.35659727,0.19041602
10,99580009828297,-0.24482358,-0.6215949,1.7706394
4,99580013086162,-0.011451593,0.6103965,0.4926848
10,99580018244808,-0.15200806,-0.6101866,1.754787
4,99580023054130,0.0743022,0.74648404,0.8263789
10,99580029132933,-1.0632851,-1.4414439,1.669672
4,99580032376318,0.16218652,0.721184,1.0812434
10,99580037639599,-1.011008,-1.4134054,1.0340753
4,99580042705433,0.42876893,0.55553544,0.989897
10,99580047637724,0.2514794,-0.15198183,0.3088107
4,99580050727776,0.6450176,0.43755737,0.3358246
10,99580053196787,0.23232579,-0.45365143,0.55062485
4,99580061330016,-0.002130529,0.24501082,-0.272974
10,99580069318401,-1.7727395,-0.14491415,0.6015291
4,99580072577203,-0.45912898,-0.06711166,-0.35233623
10,99580077840485,-1.7749282,-0.115317345,0.6274481
4,99580082754808,-0.46019423,-0.3472762,-0.12703279
10,99580088881683,-2.5349941,-1.3316631,1.3476019
4,99580092131683,-0.4213121,-0.68363345,-0.16564862
10,99580094990016,-2.5349941,-1.3316631,1.3476019
4,99580099785901,-0.013582122,-0.9403622,-0.47510794
10,99580107182620,0.011252642,-1.1845965,0.021997929
4,99580110424599,0.4791027,-0.9321064,-0.639425
10,99580115208714,0.14017892,0.14231968,-0.8104987
4,99580120015224,0.55793226,-0.87511474,-0.64341974
10,99580127010745,0.014055133,1.487154,-1.8427572
4,99580130245797,0.17230652,-0.7946873,-0.56725335
10,99580134985328,-0.15863371,2.4896364,-1.919673
4,99580139739339,0.011185277,-0.75420725,-0.50839746
10,99580145341162,-0.1279943,2.2712817,-1.5692964
4,99580148438766,-0.24740767,-0.6492787,-0.37310886
10,99580154444703,-0.1218636,1.7450404,-1.3756375
4,99580159217516,-0.43729106,-0.5344964,-0.29001826
10,99580166555745,-0.006307602,0.43312645,-0.13047838
2,99580169811682,-23.0,13.0,29.0
10,99580173313193,-0.26458144,-0.0059638023,0.42795753
4,99580179813662,-0.3043993,-0.39894155,-0.31132352
10,99580186466630,-0.4896611,-0.13196754,0.558938
4,99580189713557,-0.101200126,-0.39734364,-0.2743056
10,99580193884287,-0.7637247,0.04731798,0.6268449
4,99580198700068,-0.045540057,-0.4063984,-0.24261399
10,99580206098870,-0.74418426,0.21762419,0.5548067
4,99580209341735,0.05832323,-0.391751,-0.1371528
10,99580214092203,-0.35988283,0.34405613,0.06832075
4,99580218083245,0.03914847,-0.360592,-0.094808534
10,99580225892360,-0.26065612,0.3003111,-0.18054867
4,99580229135797,-0.051931642,-0.2580603,-0.014647386
10,99580233895432,-0.013427496,0.5177722,-0.45218277
4,99580238720745,-0.11531488,-0.14088123,0.043942157
10,99580244282724,-0.020327091,0.6457777,-0.566576
4,99580247388453,-0.16538231,-0.04314321,0.08495484
10,99580253518922,-0.10787988,0.9020386,-0.63575363
4,99580258314235,-0.22397186,0.010120012,0.10226539
10,99580265093297,-0.17446327,1.1874032,-0.541955
4,99580268333610,-0.2825614,0.030360037,0.10759171
10,99580273485380,-0.25199485,0.9370637,-0.44920397
4,99580278263349,-0.32011196,0.047670584,0.1419465
10,99580284854495,-0.32493782,0.26991844,-0.38033867
4,99580288070380,-0.30919302,0.06977482,0.17710021
10,99580293198401,-0.29750752,-0.12649632,-0.21957016
4,99580298025901,-0.21678132,0.06950851,0.16405073
10,99580304628557,-0.2623191,-0.2265315,-0.10440302
4,99580307866266,-0.10679276,0.036485307,0.13369069
10,99580312992047,-0.20981622,-0.063280106,-0.05647707
4,99580317784287,-0.047670584,0.0061252704,0.11558119
10,99580324406578,-0.09076381,0.2102437,-0.08982754
4,99580327645901,-0.056459017,0.022903185,0.120907515
10,99580332801162,0.084118366,0.20333529,-0.22103643
4,99580337547828,-0.1438107,0.095074855,0.15579493
10,99580342737359,0.1900394,-0.012310982,-0.3142295
2,99580345980901,-23.0,14.0,28.0
10,99580351871943,0.22834826,-0.11389208,-0.12441826
4,99580357638662,-0.19867182,0.25646242,0.20293288
10,99580364005953,0.23987055,-0.14136982,0.07982397
4,99580367232568,-0.15579493,0.2793656,0.18109496
10,99580372365016,0.24314523,-0.029295444,0.16732645
4,99580377224339,-0.13662016,0.26045716,0.14274544
10,99580383727099,0.2906177,0.051115036,0.10021639
4,99580386969859,-0.1486044,0.25033715,0.118776985
10,99580391906839,0.38953614,0.106626034,0.14603853
4,99580396656995,-0.1536644,0.26711506,0.09667275
10,99580403514391,0.54876804,0.1707716,0.258739
4,99580406761682,-0.14594123,0.30786142,0.086020105
10,99580411931057,0.5537443,0.1001544,0.3320713
4,99580416746787,-0.14514229,0.36112466,0.10359697
10,99580423284078,0.4518268,-0.15149021,0.4164877
4,99580426523089,-0.13182648,0.4135889,0.11851067
10,99580431646214,0.42975473,-0.32932377,0.72862864
4,99580436415589,-0.08974853,0.43995422,0.11558119
10,99580441628974,0.26607203,-0.56188774,0.9297576
4,99580444841318,-0.038083203,0.4383563,0.103064336
10,99580450204964,0.04905057,-0.65617514,0.9361124
4,99580456990172,0.008522116,0.39627838,0.079095885
10,99580463305016,-0.11516762,-0.57500696,0.9729023
4,99580466548505,0.05219796,0.33529198,0.03781689
10,99580471043141,-0.19664383,-0.48563957,0.8476095
4,99580475874859,0.0644485,0.2644519,-0.016245283
10,99580482636057,-0.22414577,-0.36529398,0.7536092
4,99580485868766,0.059921127,0.19893813,-0.06737798
10,99580490781630,-0.27141607,-0.28957796,0.80659246
4,99580495768818,0.05352954,0.14780544,-0.09986854
10,99580502366891,-0.28416383,-0.25253344,0.77251816
4,99580505609026,0.039947417,0.11771172,-0.12650016
10,99580510773609,-0.31296325,-0.22270823,0.77555656
4,99580515662464,0.0063915867,0.08335695,-0.15952335
10,99580522138141,-0.39586473,0.0038809776,0.76819754
2,99580525404859,-30.0,9.0,28.0
10,99580530292984,-0.5327786,0.1381154,0.7294173
4,99580536134339,-0.033822145,-7.9894834E-4,-0.18455707
10,99580541234755,-0.56512904,0.09910154,0.6810751
4,99580544466995,-0.043942157,-0.030360037,-0.17044231
10,99580550380224,-0.53693664,0.049888134,0.58468294
4,99580555218193,-0.0127831735,-0.05486112,-0.17337179
10,99580561696578,-0.4682361,0.15256262,0.44949722
4,99580564931995,0.031158986,-0.082558,-0.19014971
4,99580574317672,0.04527374,-0.09054748,-0.200802364,99580580506839,0.050600063,-0.092145376,-0.21278657
4,99580585463609,0.047137953,-0.082558,-0.2213087
10,99580589039755,-0.16927552,0.5724869,0.20600033
4,99580594930536,0.03488741,-0.04181163,-0.21704763
10,99580601381891,-0.23131084,0.5164771,0.095701694
4,99580604473766,-0.0063915867,0.045540057,-0.14833808
10,99580609236214,-0.3569907,0.36444616,-0.06070423
4,99580613977568,-0.028229509,0.07163903,-0.124902256
10,99580621179182,-0.4255154,0.28361368,-0.04294157
4,99580624336734,-0.03542004,0.07563378,-0.105993815
10,99580629023245,-0.4804542,0.2463808,0.03465891
4,99580635016995,-0.021837922,0.06338324,-0.11318435
10,99580640443714,-0.4693761,0.25950766,-0.0013923645
4,99580643717203,0.0055926386,0.020240024,-0.13129385
10,99580648791578,-0.37717783,0.34203482,0.021713257
4,99580653493141,0.023702133,0.008255799,-0.14247912
10,99580660765901,-0.19372296,0.3115301,-0.033985138
4,99580663904443,0.033289514,0.03888215,-0.14061491
10,99580668579026,0.058286667,0.20367432,-0.105213165
4,99580673243245,0.047670584,0.095074855,-0.15313177
10,99580680567203,0.09055352,0.19941187,-0.10000944
4,99580683659443,0.041279,0.16058862,-0.175236
10,99580688355016,-0.004753351,0.30218935,0.19293642
4,99580693077880,0.00479369,0.21571605,-0.18695392
10,99580700306057,-0.040875673,0.2356925,0.24808884
2,99580703409130,-29.0,5.0,27.0
10,99580708148193,-0.01884985,-0.15095806,0.5485935
4,99580712809859,-0.01917476,0.32597092,-0.128897
10,99580720089443,0.093390465,-0.31740952,0.80166817
4,99580723170589,0.086020105,0.36751625,-0.056459017
10,99580727897203,0.16853309,-0.10060406,0.35667133
4,99580733937411,0.21944448,0.376571,0.03169162
10,99580739420693,0.21789646,-0.2000947,-0.21447086
4,99580742371786,0.26178873,0.41092578,0.16405073
10,99580747676786,0.53591204,-0.44149494,-0.24801731
4,99580753080797,0.3502057,0.45912898,0.31957933
10,99580759634078,0.7927761,-0.25569534,0.3806281
4,99580762724964,0.5542038,0.47963533,0.41278997
10,99580767186474,1.232718,0.24095917,0.61648464
4,99580771871630,0.55979645,0.4002731,0.22450449
10,99580779845536,1.133165,0.91278076,1.2247877
4,99580783196891,0.066046394,0.20453078,-0.09267801
10,99580787832568,-0.039199352,1.0754886,1.6931567
4,99580792678036,-0.4660532,-0.08868326,-0.16005598
10,99580799361891,-1.0672264,0.73428917,1.9001355
4,99580802576526,-0.6311692,-0.30599722,-0.05006743
10,99580807249495,-0.64186466,-0.9888954,1.4339404
4,99580812075224,-0.63409865,-0.4314321,-0.07882957
10,99580819259443,0.39142442,-2.1968427,0.82903147
4,99580822491213,-0.29960564,-0.45327002,-0.2625877
10,99580826980484,0.7646663,-2.607338,0.79561853
4,99580832730953,0.18908444,-0.38083205,-0.37230992
10,99580838336630,0.50935817,-1.8061233,1.0038824
4,99580841444443,0.5613944,-0.31185618,-0.36911413
10,99580845784391,-0.057334185,-0.5276909,0.4780774
4,99580852597672,0.61865234,-0.3089267,-0.29348037
10,99580859308349,-0.44327033,0.92353296,0.013977528
4,99580862528609,0.48496163,-0.24501082,-0.16990969
10,99580867155745,-0.33254743,1.5301313,-0.22847128
4,99580872020797,0.27723506,-0.14487597,-0.06578008
10,99580878724078,-0.10091615,1.7035122,-0.24874687
2,99580881967672,-28.0,1.0,29.0
10,99580884052203,-0.09373355,1.5167642,-0.34212065
4,99580891969130,0.299073,0.06471482,0.17603496
10,99580899593453,-0.0067608356,1.2816753,-0.43146372
4,99580902851422,0.46472162,0.19574234,0.31984565
10,99580907305901,0.029836893,1.2524314,-0.4687643
4,99580912086578,0.59841233,0.360592,0.484429
10,99580918399078,-0.24358654,1.0783014,-0.336174
4,99580921641474,0.73769563,0.5587312,0.6562029
10,99580924585953,-0.545256,0.94422626,-0.4032116
4,99580931936734,0.66658926,0.75580513,0.7486146
10,99580938362932,-0.5589442,0.81927395,-1.0789676
4,99580942767984,0.28868666,0.9406285,0.588026
10,99580946395797,-0.52388287,0.5485859,-0.09004688
4,99580951155536,-0.2282329,1.0439591,0.2282329
10,99580957490328,-1.4714494,-1.3061962,1.47441
4,99580960722776,-0.763262,0.8775116,-0.056459017
10,99580963620068,-3.353292,-2.642161,2.183093
4,99580971090068,-0.6764429,0.44341633,-0.18961707
10,99580978815328,-3.887792,-3.801334,2.3802123
4,99580982054286,-0.20719394,-0.13795175,-0.3155846
10,99580984898870,-3.887792,-3.801334,2.3802123
4,99580990634547,0.40772998,-0.69109035,-0.60773337
10,99580998241682,-1.2987747,-3.0961037,0.520957
4,99581001489963,0.9416938,-0.9235843,-0.86472845
10,99581004388557,-0.26687384,-0.1727829,-1.2100511
4,99581010476682,1.1648667,-0.78989357,-0.8852348
10,99581016631213,0.5189589,2.6454742,-2.3596835
4,99581019863505,0.9606022,-0.46658584,-0.77897465
10,99581025205640,1.1426334,4.336803,-2.1406703
4,99581029964495,0.37470677,-0.10279802,-0.71292824
10,99581034923505,1.0376225,4.050535,-2.7671504
4,99581039469495,0.049801115,0.09134643,-0.6897587
10,99581044678505,0.8790674,3.1607323,-2.5956445
4,99581049442203,-0.464189,0.45566687,-0.5496765
10,99581056003245,0.33302307,0.36489773,-0.6022382
2,99581059267776,-22.0,1.0,29.0
10,99581064779130,-0.13873982,-0.75421333,0.6046376
4,99581069566995,-0.1520665,0.8522116,-0.113983296
10,99581075728765,-0.64352536,-0.7691536,0.91499996
4,99581078970484,0.32304144,0.8359663,-0.009853696
10,99581084359078,-0.7041296,-0.23935175,0.55009556
4,99581089311422,0.6048039,0.82211787,0.08868326
10,99581095535380,-0.50966513,0.29430532,0.32408010,99581102687932,-0.10814965,1.848064,-0.28154564
4,99581108395536,0.66179556,0.933438,0.4181163
10,99581115063401,-0.08970249,1.79703,-0.74223423
4,99581118246474,0.44341633,1.1680624,0.6575345
10,99581123693713,-0.036197186,1.8448615,-0.17413664
4,99581129253713,0.34514567,1.3124058,0.66845345
10,99581134044026,-0.27218056,1.9034786,1.7275867
4,99581137042359,0.06791061,1.2130699,0.38056573
10,99581143476005,-2.2589793,-0.08761978,2.3982978
4,99581148082099,-0.5653891,0.78536624,0.14114754
10,99581154570588,-4.166653,-0.56464815,3.1039777
4,99581157653140,-0.5571333,0.18508969,0.100933805
10,99581163242411,-4.347558,-1.8353305,3.2700343
4,99581167865953,-0.36325517,-0.4247742,0.05566007
10,99581174418974,-2.5700865,-2.9909668,2.1866245
4,99581177510380,-0.123836994,-0.8652611,-0.22024342
10,99581183030640,-0.96364063,-2.0303655,0.5393729
4,99581187671265,0.17283916,-0.9406285,-0.41225734
4,99581194124859,0.23728766,-0.8855011,-0.41785
4,99581197203505,0.20612867,-0.8032094,-0.4002731
10,99581202765745,0.41205966,1.0506921,-2.3418298
4,99581207409495,-0.090281166,-0.59228706,-0.39814258
10,99581213937724,0.5935097,1.2708492,-2.2623706
4,99581217035849,-0.4860269,-0.4362258,-0.3797668
10,99581223036526,-0.22052705,1.2191372,-1.4590111
4,99581227635745,-0.59122175,-0.40213734,-0.2908172
10,99581232494703,-0.77014357,0.85046005,-0.9929743
2,99581235962411,-22.0,1.0,26.0
10,99581241485432,-0.75643706,0.08641577,-0.72865725
4,99581241485432,-0.6356966,-0.4791027,-0.3552657
4,99581246565120,-0.64741445,-0.5267733,-0.41785
10,99581252310484,-0.8605029,-0.1623416,-0.2523923
4,99581255724130,-0.588026,-0.5858955,-0.47217846
10,99581261414338,-0.9586904,-0.27302885,0.15536499
4,99581266359390,-0.4908206,-0.5994776,-0.42770368
10,99581272068349,-0.944595,-0.24025774,0.23490143
4,99581275506213,-0.42690474,-0.59095544,-0.3720436
10,99581282546213,-0.8563298,0.09259939,0.09154987
4,99581287162776,-0.44794372,-0.5800365,-0.3392867
10,99581293022932,-0.6899785,0.46434164,0.05241871
4,99581296106942,-0.5139901,-0.5696502,-0.31292143
10,99581301719859,-0.53713286,0.6596775,0.09076166
4,99581306606370,-0.58935755,-0.54435015,-0.24154872
10,99581313116317,-0.39949846,0.5058775,-0.08009863
4,99581316459651,-0.65194184,-0.48203218,-0.14727281
10,99581322089963,-0.27963114,0.55759907,-0.27539635
4,99581326889495,-0.66632295,-0.40426785,-0.09267801
10,99581331883297,-0.26056004,0.81699705,-0.2795596
4,99581334985953,-0.6918893,-0.37310886,-0.06737798
10,99581341617620,-0.33636403,0.8650298,-0.38369465
4,99581346395120,-0.7526093,-0.38935417,-0.05672533
10,99581352642411,-0.31104422,0.86872005,-0.28760576
4,99581355889130,-0.7781757,-0.41731736,-0.046339005
10,99581361623661,-0.2059145,0.49092388,-0.24617195
4,99581366430276,-0.77258307,-0.41039312,-0.01917476
10,99581372559807,-0.06607723,0.14286613,-0.07618284
4,99581375804807,-0.6956177,-0.38376153,-0.014913702
10,99581381436474,-0.040985346,0.11636448,-0.06309891
4,99581386261213,-0.5832323,-0.36645097,-0.02396845
10,99581392399703,-0.08640933,0.09669685,-0.15505409
4,99581395639547,-0.5219796,-0.35260254,-0.025566347
10,99581401230224,-0.011999369,0.12876225,-0.17295265
4,99581406167932,-0.49694586,-0.35073832,-0.019973708
10,99581412303192,0.13851237,0.19900417,-0.25481558
2,99581415559963,-24.0,-2.0,20.0
10,99581420937411,0.3422382,0.22543097,-0.43903494
4,99581425854807,-0.50786483,-0.299073,-0.021038974
10,99581430802203,0.5823796,0.059022427,-0.4780507
4,99581433972047,-0.5267733,-0.25300032,-0.010918961
10,99581439597203,0.8043027,-0.052839756,-0.32514668
4,99581445444182,-0.5502091,-0.06764429,0.020506341
10,99581451632932,0.85629225,-0.12081957,-0.14345741
4,99581454876682,-0.52171326,0.06711166,0.052464273
10,99581460509442,0.69588256,-0.1857934,0.16827393
4,99581465447047,-0.48735848,0.16484967,0.09054748
10,99581471617619,0.48260403,-0.036159515,0.59190273
4,99581474857672,-0.42104578,0.18695392,0.101999074
10,99581480297203,0.2729237,0.1755166,0.7973337
4,99581485194130,-0.360592,0.14674018,0.09321064
10,99581491321265,0.16986465,0.27913904,0.9140563
4,99581494558453,-0.31851408,0.09614012,0.086020105
10,99581500074182,0.241992,0.26882505,1.021317
4,99581504942411,-0.29960564,0.08069378,0.08575379
10,99581511097359,0.34459066,0.28607082,1.1546888
4,99581514461265,-0.21518342,0.05885586,0.077231675
10,99581519851422,0.34999633,0.36338854,1.26687
4,99581524707984,-0.18642128,0.054594804,0.076965354
10,99581529611682,0.19865274,0.26059675,1.2963114
4,99581532719234,-0.14780544,0.057257965,0.096939065
10,99581539314911,0.15795779,0.15798521,1.2793326
4,99581544185849,-0.15393071,0.057257965,0.12144015
10,99581550396005,0.095862865,-0.10588789,1.3325238
4,99581553649286,-0.15659387,0.04926848,0.12703279
10,99581559006369,-0.042651176,-0.28847933,1.4813242
4,99581563966734,-0.1323591,0.015446335,0.12250541
10,99581570164390,-0.057505846,-0.32585144,1.3862815
4,99581573408349,-0.113983296,-0.032756884,0.0974717
10,99581578783297,-0.002152443,-0.33624363,1.2415318
4,99581583644442,-0.087884314,-0.08282431,0.05566007
10,99581589954442,0.13664532,-0.18725204,1.0695667
2,99581593218036,-29.0,-2.0,14.0
10,99581598662359,0.23660159,-0.12911701,1.0350718
4,99581603568609,-0.030626353,-0.080960095,0.0013315806
10,99581609703817,0.17710042,-0.17198467,0.82972574
4,99581612949703,-0.025300032,-0.06364955,2.663161E-4
10,99581618340276,0.13114381,-0.20111895,0.8289547
4,99581623185224,-0.0058589545,-0.050333746,-0.009054748
10,99581628188817,0.025818825,-0.24800682,0.8316674
4,99581631478453,0.025566347,-0.06897587,-0.016777916
10,99581636983401,-0.048392534,-0.2271347,0.6562829
4,99581643544547,0.049002163,-0.091080114,-0.035153728
10,99581649647463,-0.020488024,0.065932274,0.5768337
4,99581652897828,0.08841695,-0.0958738,-0.054594804
10,99581657848036,-0.041990995,0.13924932,0.39058065
4,99581662650744,0.075101145,-0.075101145,-0.06471482
10,99581669058453,-0.032906532,0.18959665,0.42258215
4,99581672273140,0.040213734,-0.054594804,-0.058589544
10,99581677669963,-0.15019107,0.13759804,0.41606522
4,99581682576265,0.01438107,-0.04234426,-0.04660532
10,99581688845328,-0.2777903,0.13035011,0.34849644
4,99581692090067,0.015180019,-0.05885586,-0.044208474
10,99581697451734,-0.33029413,0.19959688,0.34844112
4,99581702299703,0.023702133,-0.08175905,-0.048469532
10,99581708620484,-0.32479835,0.1968422,0.21968985
4,99581711836682,0.018375812,-0.09880328,-0.051132694
10,99581717230849,-0.29206276,0.268198,0.1009984
4,99581722018661,0.025300032,-0.09880328,-0.05219796
10,99581726983296,-0.27592134,0.3529191,0.1343708
4,99581730375849,0.017310547,-0.092145376,-0.047670584
10,99581736770849,-0.32208443,0.31248426,0.19986153
4,99581741542880,0.0034621095,-0.08575379,-0.026897928
10,99581748170796,-0.44040704,0.28945923,0.2460928
4,99581751378713,0.023702133,-0.09241169,-0.010386328
10,99581755283661,-0.44040704,0.23439264,0.2820058
4,99581762135067,0.019441076,-0.10279802,-0.004527374
10,99581769718609,-0.35878277,0.10273838,0.21956682
2,99581773019807,-27.0,-2.0,13.0
10,99581777498349,-0.3457117,0.11194658,0.27434874
4,99581782337463,0.0077231675,-0.09640643,-0.0053263223
10,99581788454755,-0.37729287,0.062624454,0.1890111
4,99581791689651,-0.009321064,-0.09773801,0.0061252704
10,99581794670796,-0.38447547,0.100931644,0.040570736
4,99581801785015,-0.024501082,-0.1073254,0.012516857
10,99581809379651,-0.32143974,0.10863352,0.008069038
4,99581812619651,-0.023702133,-0.10519487,0.018642128
10,99581817513505,-0.3275118,0.11176586,0.014123917
4,99581822348505,-0.027696876,-0.09614012,0.021837922
10,99581827298974,-0.15329218,0.23307323,0.08998966
4,99581830396890,0.015180019,-0.08042747,0.033023197
10,99581834357776,-0.17962599,0.14449596,0.09477806
4,99581841457828,0.0061252704,-0.06178534,0.03888215
10,99581849009703,-0.15221429,0.22964573,-0.018442154
4,99581852268609,-0.004261058,-0.060453758,0.018109497
10,99581857571682,-0.15664864,0.23027945,-0.015862465
4,99581862361838,-0.0010652645,-0.06391586,0.0031957934
10,99581868473921,-0.14755917,0.16925049,0.033239365
4,99581871749390,-0.009321064,-0.062051654,0.008788432
10,99581874655119,-0.05897355,0.1117897,0.073940754
4,99581880517515,-0.0061252704,-0.046339005,0.010120012
10,99581888433036,-0.0052466393,0.016179085,0.1522541
4,99581891687984,-0.011717909,-0.018375812,0.011185277
10,99581894580640,-0.0052466393,0.016179085,0.1522541
4,99581900367880,-0.016777916,-0.004261058,0.0063915867
10,99581907047567,-0.14780354,0.04149437,0.30040073
4,99581910296942,-0.0037284256,-0.014647386,0.00479369
10,99581914726161,-0.24628949,0.04483986,0.26330423
4,99581920497723,-0.006657903,-0.026365295,0.0063915867
10,99581928562671,-0.26185226,0.048410416,0.11084175
4,99581931344807,-0.03435478,-0.049002163,-0.01571265
10,99581934665328,-0.26185226,0.048410416,0.11084175
4,99581939442567,-0.03914847,-0.04926848,-0.030360037
10,99581946519807,-0.16935253,0.08672905,0.08006334
2,99581949763661,-25.0,2.0,13.0
10,99581954241942,-0.2676127,0.14200926,0.09810734
4,99581959022255,-0.06897587,-0.036218993,-0.062051654
10,99581966303505,-0.3504312,0.044326782,0.24529552
4,99581969545484,-0.10226539,-0.036485307,-0.05352954
10,99581974259755,-0.4481268,0.08225918,0.29046726
4,99581979043765,-0.1025317,-0.045540057,-0.055926383
10,99581986095692,-0.49541974,0.115903854,0.36490822
4,99581989341890,-0.105727494,-0.087884314,-0.06098639
10,99581993981682,-0.48444748,0.09037876,0.22534704
4,99581998779494,-0.11025487,-0.09960223,-0.0644485
10,99582005881838,-0.45482755,0.13666964,0.19480467
4,99582009118973,-0.09347696,-0.1222391,-0.07749799
10,99582013834182,-0.29653668,0.26132917,0.04039526
4,99582018696057,-0.09427591,-0.12037488,-0.07669904
10,99582024224286,-0.27654386,0.3060727,-0.0064606667
4,99582027340536,-0.1041296,-0.10359697,-0.06657903
10,99582033101890,-0.3175795,0.40434408,-0.107898235
4,99582037941838,-0.11851067,-0.09054748,-0.049534798
10,99582045415796,-0.32277703,0.33631468,-0.101089
4,99582048624963,-0.128897,-0.07856325,-0.024767399
10,99582053315067,-0.22037196,0.2648387,0.07627869
4,99582058104651,-0.10333065,-0.06977482,-0.015180019
10,99582065190171,-0.21940589,0.2519412,0.15815163
4,99582068409286,-0.054062173,-0.072970614,-0.0029294773
10,99582073132359,-0.26752162,0.25792313,0.18614388
4,99582077919755,-0.027696876,-0.082025364,0.008788432
10,99582084987671,-0.2747984,0.36489725,0.13757515
4,99582088220536,-0.018109497,-0.09267801,0.02396845
10,99582091996005,-0.20603919,0.43806458,0.0123410225
4,99582098294442,-0.04234426,-0.084155895,0.03888215
10,99582104998661,-0.07963109,0.35954714,-0.024997711
4,99582108213557,-0.09241169,-0.049801115,0.058589544
10,99582112608036,-0.010697126,0.33973742,-0.11901426
4,99582117438817,-0.1307612,0.0010652645,0.08016115
10,99582123109807,-0.05411482,0.2847476,-0.015311241
2,99582126229338,-25.0,4.0,14.0
10,99582132589807,-0.1233511,0.094285965,0.04928112
4,99582137340223,-0.17337179,0.050600063,0.095074855
10,99582144306213,-0.1948502,-0.0948658,0.205307
4,99582147524234,-0.15153387,0.039414786,0.08175905
10,99582152292671,-0.28341722,-0.22477436,0.2123785
4,99582157181057,-0.12410331,0.01784318,0.051132694
10,99582164088348,-0.26032162,-0.23490858,0.16795969
4,99582167337671,-0.10279802,-0.002130529,-2.663161E-4
10,99582171900744,-0.19909525,-0.21011448,0.3013959
4,99582176743921,-0.08548747,-0.023169503,-0.052464273
10,99582183497255,-0.2529111,-0.111317635,0.24244356
4,99582186745067,-0.08362326,-0.051132694,-0.07563378
10,99582191702932,-0.31978822,-0.073485374,0.16942072
4,99582196762463,-0.08681905,-0.06524745,-0.07962852
10,99582203245588,-0.2882476,0.031436443,0.061564922
4,99582206472359,-0.08548747,-0.0743022,-0.09720538
10,99582211657775,-0.1923492,0.12352419,0.0042214394
4,99582216446213,-0.112119086,-0.076166406,-0.12037488
10,99582221615171,-0.20836258,0.23178339,0.14576817
4,99582224811057,-0.14780544,-0.06977482,-0.11638014
10,99582231249182,-0.3285675,0.1600194,0.2771802
4,99582236092203,-0.19920446,-0.050600063,-0.082558
10,99582242806421,-0.4017489,0.07315588,0.29917145
4,99582246052307,-0.2016013,-0.041545313,-0.055926383
10,99582251171109,-0.41193914,0.07918978,0.30289698
4,99582256080744,-0.18242654,-0.047404267,-0.05832323
10,99582262596942,-0.41971588,0.13929176,0.22886276
4,99582265844078,-0.15286545,-0.050866377,-0.06551377
10,99582270324182,-0.41931677,0.27867508,0.21280193
4,99582275302150,-0.13582122,-0.041545313,-0.04314321
10,99582282371786,-0.39625597,0.31649923,0.14474535
4,99582285613765,-0.15020229,-0.007989483,-0.002396845
10,99582290758505,-0.32594752,0.23602057,0.2153101
4,99582295656890,-0.17150758,0.033822145,0.04261058
10,99582302139911,-0.28837872,0.07960367,0.21756458
2,99582305395380,-26.0,4.0,13.0
10,99582310286577,-0.2609241,0.17865992,0.16963959
4,99582315237775,-0.15393071,0.05539375,0.08069378
10,99582320489182,-0.26687932,0.3851385,-0.17315531
4,99582323707827,-0.14940333,0.04474111,0.07376956
10,99582330133765,-0.18485785,0.4758501,-0.33353996
4,99582335032202,-0.15899073,0.047670584,0.055127434
10,99582341684286,-0.009317398,0.49191666,-0.28981018
4,99582344933244,-0.15632756,0.08974853,0.049002163
10,99582350054338,0.040979147,0.34213018,-0.11358118
4,99582354940952,-0.16298546,0.14620754,0.05885586
10,99582361517359,-0.08055067,0.16613483,0.1632328
4,99582364757202,-0.1635181,0.18695392,0.090014845
10,99582369688921,-0.2433865,0.04126215,0.39251328
4,99582374660119,-0.15739283,0.19307919,0.10439592
10,99582381229234,-0.29052448,0.10483122,0.52609015
4,99582384534755,-0.10173275,0.15393071,0.09427591
10,99582389649963,-0.3067782,0.31193972,0.3561597
4,99582394504338,-0.08335695,0.12783173,0.076965354
10,99582401021057,-0.24753094,0.3518448,0.09315348
4,99582404336577,-0.116912775,0.107858025,0.041012682
10,99582409449963,-0.029709816,0.28686094,0.10329008
4,99582414308192,-0.14247912,0.12010857,0.03542004
10,99582419428973,0.028906822,0.09908676,0.44306612
4,99582422574650,-0.17097494,0.17204021,0.041545313
10,99582429030744,-0.03258729,-0.012889385,0.6428623
4,99582433930796,-0.17044231,0.21624869,0.082025364
10,99582440568661,-0.28379583,-0.15427256,0.7628403
4,99582443781265,-0.13209279,0.18242654,0.107858025
10,99582449019650,-0.51464343,-0.15779114,0.44644403
4,99582453876369,-0.10865697,0.1025317,0.09667275
10,99582460345380,-0.4915073,-0.2082777,0.36367416
4,99582463555640,-0.105727494,0.025033714,0.071106404
10,99582468762411,-0.2550037,-0.15091562,0.6355195
4,99582473691213,-0.08362326,-0.024234766,0.057790596
10,99582480173609,-0.2042439,-0.043569565,0.69254494
2,99582483430588,-29.0,4.0,10.0
10,99582488193140,-0.2629161,0.32265234,0.57488537
4,99582493115588,-0.108124346,-0.029294772,0.09081379
10,99582501468505,-0.28110385,0.44030714,0.495821
4,99582504744807,-0.16804546,-0.03914847,0.13315806
10,99582509225588,-0.304399,0.27917814,0.45899582
4,99582514099442,-0.17124127,-0.04181163,0.14247912
10,99582519593765,-0.25741553,0.18818569,0.57120466
4,99582522699859,-0.1488707,-0.051665325,0.1403486
10,99582527807932,-0.22359943,0.043006897,0.598228
4,99582532580327,-0.11664646,-0.06711166,0.12010857
10,99582539864390,-0.24231529,0.011116028,0.5691109
4,99582543075379,-0.10066749,-0.08442221,0.10652645
10,99582547618609,-0.26541853,0.04805088,0.4563341
4,99582552445952,-0.09427591,-0.092145376,0.11664646
10,99582559643921,-0.24018455,0.096823215,0.32885408
4,99582562876004,-0.087085366,-0.08655274,0.13369069
10,99582567485275,-0.13499594,0.068918705,0.37804794
4,99582572300119,-0.06098639,-0.055127434,0.14301175
10,99582579421942,-0.03984642,-0.0315938,0.2984519
4,99582582668661,-0.043409526,-0.03169162,0.1323591
10,99582587264546,-0.08319044,0.024642944,0.19309568
4,99582592043400,-0.036485307,-0.02263687,0.11158645
10,99582599176161,-0.14915252,0.099741936,0.12375641
4,99582602418244,-0.04873585,-0.029827405,0.095074855
10,99582607027307,-0.18334699,0.11347103,0.056404114
4,99582611834859,-0.0644485,-0.03169162,0.08548747
10,99582617553765,-0.09667492,0.06773329,0.004515648
4,99582620671473,-0.06924219,-0.02130529,0.07989483
10,99582626806161,-0.0030882359,0.03824377,0.009552479
4,99582631597046,-0.048203215,0.0055926386,0.07376956
10,99582638748557,0.08441663,-0.040371895,0.091448784
4,99582641970640,-0.03169162,0.049534798,0.06178534
10,99582646599650,0.038038492,-0.19388151,0.1162014
4,99582651416109,-0.03888215,0.07536746,0.049534798
10,99582658488348,-0.06711316,-0.22282028,0.21000624
2,99582661753452,-28.0,7.0,10.0
10,99582665192150,-0.13893914,-0.1581769,0.2961974
4,99582672009390,-0.016245283,0.055926383,0.033822145
10,99582679966213,-0.10889673,-0.06245613,0.24739599
4,99582683198452,-0.0018642128,0.039947417,0.022104237
10,99582687671994,-0.10795069,-0.06196642,0.2476325
4,99582692434598,-0.0063915867,0.036218993,0.0063915867
10,99582699157619,0.070607424,0.22251368,0.15412664
4,99582702401838,-0.011984225,0.045007423,-0.009054748
10,99582706937567,0.06933427,0.43027973,0.098912716
4,99582712595015,-0.03888215,0.06524745,-0.013848438
10,99582718097932,0.0032539368,0.36004734,0.15571404
4,99582721204077,-0.0777643,0.09134643,0.0010652645
10,99582723221109,-0.04703307,0.09429407,0.38316298
4,99582731322723,-0.0958738,0.101999074,0.02396845
10,99582739283557,-0.1319325,-0.15218735,0.55549
4,99582742518713,-0.061519023,0.07989483,0.031158986
10,99582746989234,-0.124938965,-0.1492877,0.5562768
4,99582751763348,-0.0034621095,0.03089267,0.016777916
10,99582758463661,-0.27138662,0.026708126,0.47239113
4,99582761734806,0.032490566,-0.019441076,-0.011451593
10,99582764730067,-0.22829103,0.16317749,0.40295935
4,99582770497411,0.01438107,-0.03355583,-0.023435818
10,99582778505640,-0.16162443,0.10933304,0.33928442
4,99582781729494,-0.040746365,-0.02876214,-0.024234766
10,99582784598765,-0.16162443,0.10933304,0.33928442
4,99582789430588,-0.06364955,-0.028495824,-0.016777916
10,99582796377098,-0.22271633,0.0776453,0.27157116
4,99582799602359,-0.052996907,-0.036485307,-0.009321064
10,99582805529598,-0.24688458,-0.031621456,0.27954197
4,99582810328921,-0.05006743,-0.050600063,-0.009321064
10,99582816718036,-0.21294785,0.0024442673,0.29703236
4,99582820933921,-0.037284255,-0.063116916,-0.020506341
10,99582823163973,-0.20097685,0.035963535,0.36167574
4,99582830146109,-0.027164243,-0.06791061,-0.023702133
10,99582836250431,-0.19924474,0.07531071,0.32485485
2,99582839514025,-29.0,8.0,10.0
10,99582844450900,-0.1719327,0.0658102,0.31342125
4,99582849235275,0.0058589545,-0.072171666,-0.01571265
10,99582855712984,-0.14466739,0.026864529,0.26272106
4,99582858953244,0.002396845,-0.05885586,-0.017044231
10,99582864332359,-0.14782333,0.023726463,0.27144146
4,99582869319442,-0.0010652645,-0.051665325,-0.018642128
10,99582875472931,-0.19327235,0.0021100044,0.23760271
4,99582878714494,-0.008522116,-0.036218993,-0.013582122
10,99582884109234,-0.26340032,-0.014063835,0.27095175
4,99582888940015,-0.019973708,-0.027696876,-0.005060006
10,99582895277359,-0.2866454,0.0112605095,0.24009132
4,99582898524494,-0.019441076,-0.036218993,-0.006657903
10,99582903897567,-0.31698442,0.10346413,0.22814131
4,99582908692046,-0.01304949,-0.043409526,-0.019973708
10,99582913649859,-0.32241344,0.11364126,0.24950218
4,99582917022411,-0.021571605,-0.045540057,-0.030626353
10,99582923359286,-0.34558463,0.1429801,0.19952679
4,99582928136890,-0.023702133,-0.03914847,-0.028495824
10,99582934829598,-0.39209723,0.15571404,0.24763298
4,99582938066994,-0.007190535,-0.033822145,-0.013848438
10,99582943445431,-0.3990624,0.18002701,0.24915028
4,99582948221109,0.0055926386,-0.022104237,-0.00958738
10,99582954607567,-0.4332955,0.21549463,0.26802063
4,99582957848400,0.0018642128,-0.012516857,-0.012250541
10,99582963221681,-0.492939,0.2554531,0.3100171
4,99582968064702,-0.006657903,-0.028495824,-0.014114754
10,99582974377723,-0.52915716,0.32688284,0.27608967
4,99582977612619,-0.010918961,-0.053795855,-0.009321064
10,99582982990379,-0.49987602,0.39358997,0.28128052
4,99582987787515,-0.006924219,-0.070041135,-0.0063915867
10,99582994160015,-0.38383555,0.4264145,0.29161835
4,99582997406994,-0.0018642128,-0.07243799,-0.0018642128
10,99583002766004,-0.32828164,0.4326372,0.26836395
4,99583007558713,-0.009321064,-0.05566007,0.010652645
10,99583012513817,-0.32864213,0.4514265,0.24280643
2,99583015947671,-28.0,7.0,11.0
10,99583022654077,-0.33117914,0.4115944,0.22012186
4,99583027416213,-0.016777916,-0.033289514,0.0628506
10,99583032943921,-0.33817863,0.33710766,0.15718603
4,99583036165796,-0.026631612,-0.026631612,0.07536746
10,99583042104858,-0.2839632,0.32792044,0.22620106
4,99583046931994,-0.019441076,-0.029294772,0.07163903
10,99583053500536,-0.25409794,0.33523893,0.2232399
4,99583056734442,-0.014913702,-0.029294772,0.07882957
10,99583062108608,-0.23375487,0.28526497,0.1486516
4,99583066884338,-0.020772656,-0.026631612,0.0892159
10,99583073276108,-0.15322542,0.24529648,0.15590096
4,99583076520379,-0.018375812,-0.010918961,0.10173275
10,99583081877515,-0.10734153,0.19165134,0.09409952
4,99583086646265,-0.013582122,0.004527374,0.11158645
10,99583093051890,-0.10526419,0.14792728,0.036780834
4,99583096300536,-0.008788432,0.025033714,0.11158645
10,99583101666056,-0.10429335,0.104197025,0.026750565
4,99583106426890,-0.015446335,0.03488741,0.09986854
10,99583111383869,-0.13880515,0.003660202,-0.042406082
4,99583114801369,-0.035952676,0.03834952,0.08495484
10,99583121191265,-0.13102579,-0.06971359,-0.040608406
4,99583126038244,-0.049801115,0.047670584,0.0777643
10,99583132617358,-0.13279748,-0.1376524,0.03871107
4,99583135846108,-0.039414786,0.051665325,0.07403588
10,99583141710067,-0.11553764,-0.16520405,0.038656235
4,99583146558713,-0.012250541,0.05566007,0.0561927
10,99583152680327,-0.09427786,-0.16585302,0.07955694
4,99583155920744,-0.007989483,0.05219796,0.021837922
10,99583161354390,-0.120868206,-0.20599174,0.036087036
4,99583166123088,-0.03009372,0.04660532,-0.007456851
10,99583172213348,-0.10967088,-0.102935314,0.11304045
4,99583175454858,-0.034088463,0.03542004,-0.021038974
10,99583181162358,-0.11479783,-0.064852715,0.16887808
4,99583186116056,-0.039947417,0.033023197,-0.01571265
10,99583192241265,-0.07977748,-0.0717473,0.09879351
2,99583195504806,-29.0,8.0,10.0
10,99583200885275,-0.06825256,-0.035296917,0.124628544
4,99583205754650,-0.06498113,0.048469532,-0.031158986
10,99583210689598,-0.10244799,0.037040234,0.19602156
4,99583213782098,-0.06870956,0.043675844,-0.03781689
10,99583219740171,-0.1662519,0.0830102,0.21509123
4,99583224624025,-0.06018744,0.021837922,-0.04474111
10,99583231495483,-0.13574576,0.07839918,0.18175793
4,99583234730692,-0.058589544,0.008788432,-0.050600063
10,99583240079598,-0.073268175,0.09485006,0.18915987
4,99583245160171,-0.051665325,0.004527374,-0.058056913
10,99583251312358,-0.036173105,0.12971497,0.19380236
4,99583254552619,-0.05539375,0.015446335,-0.052996907
10,99583260257254,-0.06791091,0.17695618,0.10536814
4,99583265103348,-0.052464273,0.03488741,-0.040746365
10,99583271186213,-0.07376599,0.17894268,0.11934233
4,99583274459963,-0.047404267,0.044208474,-0.039947417
10,99583280044858,-0.08807349,0.14020348,0.09683752
4,99583284889963,-0.051665325,0.04873585,-0.047670584
10,99583291001108,-0.1166811,0.14700508,0.08874273
4,99583294385015,-0.049801115,0.052996907,-0.055926383
10,99583299801942,-0.1619339,0.09833336,0.18299484
4,99583304722046,-0.049534798,0.055926383,-0.056991648
10,99583309635692,-0.20639634,0.056887627,0.22186136
4,99583312744598,-0.05566007,0.06364955,-0.049002163
10,99583319529181,-0.18752575,0.03981638,0.24647188
4,99583324378296,-0.05486112,0.072970614,-0.04234426
10,99583330459181,-0.2058475,0.011015415,0.21584177
4,99583333702723,-0.050333746,0.08495484,-0.033023197
10,99583339356994,-0.2249856,0.0133981705,0.23963118
4,99583344258348,-0.052996907,0.09614012,-0.03009372
10,99583350365952,-0.26255798,0.013610363,0.25381374
4,99583353606785,-0.051931642,0.095074855,-0.03568636
10,99583359156160,-0.3360896,0.018202305,0.30337477
4,99583364060952,-0.049801115,0.083090626,-0.045540057
10,99583370156421,-0.36286712,-0.0065979958,0.2950549
2,99583373411838,-31.0,6.0,9.0
10,99583378927358,-0.33119297,0.01534605,0.41267633
4,99583383831733,-0.020772656,0.057790596,-0.05539375
10,99583389912619,-0.33568215,0.010168076,0.40002537
4,99583393157775,-0.002130529,0.051931642,-0.047137953
10,99583398721525,-0.35468602,0.044858456,0.31921005
4,99583403564546,0.019707393,0.047137953,-0.039947417
10,99583408504962,-0.32556272,0.1018095,0.34126616
4,99583411604285,0.07137272,0.055127434,-0.035952676
10,99583418273765,-0.30967593,0.07407808,0.4443698
4,99583423147827,0.1438107,0.07403588,-0.026631612
10,99583429324494,-0.33172488,0.011015892,0.52357244
4,99583432567671,0.24181503,0.08894958,-0.019441076
10,99583438276837,-0.4395287,-0.12482834,0.69887924
4,99583443244129,0.34301516,0.08948222,-0.014647386
10,99583449341212,-0.57653546,-0.2851858,1.0001655
4,99583452576577,0.40533313,0.056991648,-0.012516857
10,99583457179390,-0.7345847,-0.34014845,1.0073195
4,99583462088452,0.41545314,-0.011185277,-0.033289514
10,99583468782462,-0.7864497,-0.2447896,0.97144556
4,99583472020431,0.3616573,-0.08628642,-0.06364955
10,99583477423035,-0.76911664,-0.08272648,0.8198228
4,99583482251837,0.30599722,-0.14114754,-0.07243799
10,99583488634233,-0.57800364,0.16595364,0.58617544
4,99583491836212,0.24208134,-0.16245283,-0.07403588
10,99583497202462,-0.29057765,0.3872609,0.3021307
4,99583501996108,0.12836437,-0.14247912,-0.0892159
10,99583506951785,-0.08492279,0.5475216,0.19868994
4,99583510347775,0.010652645,-0.09374327,-0.08069378
10,99583516714390,-0.08241296,0.5968447,0.22353983
4,99583521540171,-0.041545313,-0.042077947,-0.034621093
10,99583528147619,-0.14453006,0.4393549,0.29577208
4,99583531383296,-0.038615838,-0.0127831735,0.002396845
10,99583536755431,-0.19568467,0.24664068,0.36003208
4,99583541565171,-0.009321064,-0.021571605,-0.0015978967
10,99583547915796,-0.22409868,0.18616962,0.36495113
2,99583551175275,-31.0,6.0,9.0
10,99583554672150,-0.2671914,0.09759283,0.28833675
4,99583561925015,0.091080114,-0.06950851,-0.012250541
10,99583569507879,-0.22856688,0.061902523,0.25621653
4,99583572756629,0.12676647,-0.062051654,-0.0063915867
10,99583577648608,-0.23295188,0.05414009,0.2479434
4,99583582458452,0.13608754,-0.05273059,-0.008522116
10,99583588599077,-0.25282502,0.08237076,0.23204517
4,99583591835067,0.10865697,-0.040213734,-0.008522116
10,99583596776421,-0.32881236,0.086610794,0.21624279
4,99583601546421,0.07137272,-0.049002163,-0.011451593
10,99583606456212,-0.45075583,0.06656265,0.19618607
4,99583609588817,0.045007423,-0.07163903,-0.01784318
10,99583613147879,-0.42681384,0.06656265,0.19379187
4,99583621246264,0.038615838,-0.09960223,-0.02956109
10,99583628871056,-0.36795402,0.06977463,0.11547899
4,99583632129181,0.027696876,-0.11984225,-0.040213734
10,99583636923244,-0.3784833,0.067477226,0.11729765
4,99583641746421,0.022370555,-0.123836994,-0.04926848
10,99583647877619,-0.2636509,0.36203146,0.014449596
4,99583651129129,0.016777916,-0.13022858,-0.04447479
10,99583654036369,-0.2133727,0.41470432,-0.086107254
4,99583660833764,-0.0010652645,-0.111852765,-0.026897928
10,99583668529598,-0.1745038,0.37495184,-0.11897564
4,99583671785223,-0.020240024,-0.07084008,-0.002396845
10,99583674711994,-0.1745038,0.37495184,-0.11897564
4,99583679463556,-0.02130529,-0.029028457,0.025033714
10,99583686555379,-0.26459908,0.22350788,0.07671785
4,99583689810275,-0.002130529,-0.009321064,0.050333746
10,99583694932671,-0.3044777,0.13502264,0.10355854
4,99583699771577,0.01571265,-0.0061252704,0.06924219
10,99583704859285,-0.2788589,0.14670324,0.08049679
4,99583708124233,0.02130529,-0.008522116,0.07243799
10,99583714577410,-0.21971917,0.23904705,0.008561611
4,99583719432671,0.0314253,-0.0055926386,0.071106404
10,99583726109494,-0.07807541,0.34982252,-0.17144442
2,99583729338139,-30.0,6.0,11.0
10,99583734204181,0.033091545,0.27740717,-0.27600384
4,99583739361577,-0.03195793,0.07829694,0.09853696
10,99583745872046,0.0308671,0.10283041,-0.2560711
4,99583749121994,-0.052996907,0.16218652,0.11345066
10,99583754317983,-0.042436123,-0.06656933,-0.23501587
4,99583759111421,-0.04660532,0.17656758,0.10626013
10,99583765656942,-0.06701136,-0.10862541,-0.2315526
4,99583768874754,-0.010386328,0.170176,0.04314321
10,99583774067358,-0.11918926,-0.11920309,-0.18468332
4,99583778861837,-0.0063915867,0.16165388,0.019707393
10,99583785460171,-0.07784438,-0.14175367,-0.19627857
4,99583788684650,-0.011185277,0.165116,-0.009054748
10,99583793827254,0.05112648,-0.15114069,-0.04753065
4,99583798204129,-0.027696876,0.1949434,-0.02263687
11,99583803763556,-0.435002,0.143237,-0.535549,0.709536,0.0
10,99583803763556,0.06971812,-0.19184875,0.014890671
4,99583807023400,-0.046072688,0.2412824,-0.022370555
10,99583812046577,-0.020983458,-0.21523571,0.17955828
4,99583812046577,-0.05539375,0.2580603,-0.018375812
11,99583812046577,-0.434684,0.144105,-0.536076,0.709157,0.0
4,99583817625692,-0.068176925,0.26525086,-0.016511599
10,99583823603608,-0.16783476,-0.19701242,0.32223225
4,99583826849181,-0.07989483,0.257794,-0.023702133
10,99583831840431,-0.26617503,-0.07123661,0.5027275
4,99583837392879,-0.08894958,0.22530343,-0.04660532
10,99583843796994,-0.32893062,0.03241539,0.5687866
4,99583847041108,-0.10173275,0.18855181,-0.07669904
10,99583853013035,-0.34798622,0.16425085,0.5928879
4,99583857801369,-0.107858025,0.14807177,-0.09161274
10,99583864556837,-0.43975997,0.21751118,0.4729848
4,99583867797514,-0.12543489,0.11851067,-0.105727494
10,99583872953712,-0.46713424,0.22068644,0.5292859
4,99583877738608,-0.12756541,0.087884314,-0.11105382
10,99583884377514,-0.5509341,0.15467453,0.6391945
4,99583887609233,-0.1025317,0.062051654,-0.09853696
10,99583892762462,-0.6394564,0.1284709,0.7071781
4,99583897554702,-0.07190535,0.023169503,-0.094009586
10,99583902702462,-0.7477422,0.21541405,0.72280025
2,99583905933296,-30.0,5.0,9.0
10,99583912454389,-0.84843516,0.37551737,0.6828003
4,99583917254702,-0.06364955,-0.072171666,-0.08335695
10,99583923864025,-0.8321469,0.53022623,0.71742296
4,99583927085587,-0.082025364,-0.10892329,-0.057257965
10,99583931782931,-0.7574527,0.6001582,0.58221483
4,99583936572879,-0.11664646,-0.1323591,-0.03169162
10,99583943666525,-0.6594809,0.62484455,0.48197317
4,99583946919806,-0.14114754,-0.14168017,-0.0015978967
10,99583952059806,-0.52526426,0.6229596,0.47068596
4,99583956914858,-0.1438107,-0.128897,0.038615838
10,99583963444233,-0.45040607,0.51035976,0.4270363
4,99583966691473,-0.12463594,-0.10173275,0.07643273
10,99583971837671,-0.3644836,0.39589643,0.41830873
4,99583976656994,-0.090281166,-0.08016115,0.10173275
10,99583983211577,-0.34219098,0.31693745,0.32850075
4,99583986464598,-0.06364955,-0.05832323,0.1107875
10,99583991605223,-0.38415384,0.18678856,0.34157467
4,99583996456108,-0.048469532,-0.0561927,0.11558119
10,99584001609806,-0.34186864,0.14225054,0.31057596
4,99584004772410,-0.034088463,-0.051132694,0.11930962
10,99584010266681,-0.25657916,0.08270931,0.29791975
4,99584016746889,-0.012250541,-0.043675844,0.119043306
10,99584023022879,-0.16237831,0.13975859,0.14333963
4,99584026242514,0.016777916,-0.04314321,0.113983296
10,99584030517462,-0.1145978,0.15986872,-0.07207966
4,99584035494389,0.029028457,-0.03488741,0.105993815
10,99584041677983,0.034601927,0.19283628,-0.082952976
4,99584044925327,0.027963191,-0.006924219,0.090014845
10,99584050845691,0.09042573,0.21007395,0.09106922
4,99584055833452,0.011185277,0.026631612,0.0793622
10,99584062339129,-0.0026566982,0.15086985,0.23093319
4,99584065590796,-0.03355583,0.04580637,0.08681905
10,99584070723035,-0.17374396,0.05841112,0.26519537
4,99584075593608,-0.056459017,0.02396845,0.092944324
10,99584082098816,-0.2057693,0.015966415,0.3094635
2,99584085369754,-30.0,8.0,8.0
10,99584090262514,-0.13012552,-0.080798626,0.20742464
4,99584096093764,-0.054328486,-0.03009372,0.07350325
10,99584101334754,-0.0032241344,0.025729656,0.04215002
4,99584104487983,-0.05486112,-0.038615838,0.05273059
10,99584110306993,0.12006211,0.12406969,-0.010357857
4,99584115180275,-0.087618,-0.023169503,0.03009372
10,99584121663400,0.1581018,0.1389842,0.029297829
4,99584124877723,-0.13688648,-5.326322E-4,0.018908445
10,99584130015275,0.087183,-0.011265278,0.16277218
4,99584134912931,-0.1669802,0.023702133,0.035952676
10,99584141446316,-0.023089409,-0.28328323,0.3295226
4,99584144683816,-0.14221281,0.034621093,0.058589544
10,99584149876577,-0.091273546,-0.45226002,0.48277855
4,99584154858087,-0.07243799,0.018109497,0.05273059
10,99584161168660,-0.119143486,-0.42794466,0.41416454
4,99584164479493,-0.02130529,-0.013848438,0.02396845
10,99584169599493,-0.11261034,-0.28096104,0.341424
4,99584174461108,-0.0055926386,-0.025832662,0.010386328
10,99584180994025,-0.048046827,-0.12231922,0.25481606
4,99584184307514,-0.0063915867,-0.03435478,-0.008522116
10,99584189452046,-0.0069015026,0.036021233,0.120734215
4,99584194362046,-0.01571265,-0.03089267,-0.013315806
10,99584199466785,-0.014258146,0.14468908,0.07159424
4,99584202606212,-0.027963191,-0.011717909,-0.024234766
10,99584208997514,-0.021013021,0.13892841,0.03964424
4,99584213873608,-0.055926383,0.015180019,-0.037550572
10,99584220545483,-0.06452584,-0.006685734,0.16218519
4,99584223782827,-0.08442221,0.021571605,-0.052996907
10,99584228950587,-0.19408178,-0.09628153,0.2955737
4,99584234080900,-0.087618,0.01571265,-0.060720075
10,99584240375223,-0.22232771,-0.08569145,0.30231285
4,99584243612671,-0.07989483,-0.0053263223,-0.07856325
10,99584248515275,-0.1578722,-0.0021390915,0.32305288
4,99584253455014,-0.06657903,-0.017044231,-0.09267801
10,99584260213660,-0.11676574,0.017965317,0.33816814
2,99584263637931,-31.0,8.0,9.0
10,99584268060483,-0.03374219,0.028265476,0.3811388
4,99584272877514,-0.05486112,0.03195793,-0.076166406
10,99584279867514,-0.050191164,0.01927805,0.34332657
4,99584283115275,-0.036485307,0.071106404,-0.05352954
10,99584288300014,-0.058060646,0.0021429062,0.39818907
4,99584293172514,-0.017576864,0.12596752,-0.054594804
10,99584298284598,-0.06340432,0.04869032,0.40982628
4,99584301406733,-0.016245283,0.1587244,-0.08175905
10,99584307901212,-0.19277835,0.15712261,0.40635252
4,99584312808191,-0.024234766,0.15419704,-0.09374327
10,99584319572983,-0.35797906,0.23236561,0.28121948
4,99584322810275,-0.00958738,0.1504686,-0.082025364
10,99584327724545,-0.34123158,0.18733025,0.25344944
4,99584332502410,0.016511599,0.16751283,-0.075101145
10,99584339222931,-0.24193883,0.13837433,0.29245615
4,99584342432879,0.047137953,0.17923075,-0.07403588
10,99584347387618,-0.26600814,0.1422162,0.32537842
4,99584352183243,0.10146644,0.17656758,-0.06924219
10,99584358988712,-0.38727427,0.30091715,0.34868193
4,99584362241473,0.16138756,0.15233281,-0.05885586
10,99584367301056,-0.499048,0.37585592,0.31854868
4,99584372100431,0.17763285,0.11504856,-0.046072688
10,99584378754285,-0.5133343,0.33836794,0.32723475
4,99584381971420,0.14727281,0.07403588,-0.029827405
10,99584387155587,-0.55694175,0.31275034,0.3825221
4,99584391950587,0.109988555,0.036485307,-0.0063915867
10,99584397101733,-0.5648167,0.3183365,0.40303946
4,99584400338816,0.07563378,0.002396845,0.022104237
10,99584406781785,-0.53914595,0.24799347,0.3751216
4,99584411620275,0.03834952,-0.027164243,0.039947417
10,99584418397670,-0.5025778,0.19504881,0.301579
4,99584421639806,0.009321064,-0.06551377,0.04660532
10,99584426643452,-0.48966503,0.19639826,0.14978313
4,99584431428816,0.0010652645,-0.10279802,0.0396811
10,99584438103139,-0.48451376,0.19146252,0.09390402
2,99584441355743,-30.0,7.0,10.0
10,99584446129910,-0.43461204,0.10502291,0.034508705
4,99584450971004,-0.006657903,-0.17230652,0.018908445
10,99584457871629,-0.40856743,0.090862274,-0.035194874
4,99584461119754,-0.016511599,-0.18855181,0.008255799
10,99584464000795,-0.42772102,0.090862274,-0.11659765
4,99584471690691,-0.051931642,-0.2000034,-0.0013315806
10,99584479258608,-0.40256023,0.09196234,-0.12476921
4,99584482521681,-0.087618,-0.19867182,-0.006924219
10,99584487016837,-0.41350126,0.098338604,-0.11096907
4,99584491802306,-0.11052119,-0.19014971,-0.0013315806
10,99584496898087,-0.3086195,0.0823555,-0.052213192
4,99584500009233,-0.11797804,-0.17310548,0.012250541
10,99584503967931,-0.2894659,0.029683113,-0.05700159
4,99584511235222,-0.114782244,-0.16138756,0.021571605
10,99584518876785,-0.19117785,0.0794754,-0.06726313
4,99584522142358,-0.09986854,-0.14061491,0.022104237
10,99584526605535,-0.19840026,0.08629942,-0.054307938
4,99584531371993,-0.09347696,-0.11025487,0.02396845
10,99584537677670,-0.10084462,0.138134,-0.04044485
4,99584540928712,-0.087884314,-0.0743022,0.028495824
10,99584543895431,-0.091267824,0.18601799,0.02898693
4,99584550464441,-0.08229168,-0.034088463,0.040480047
10,99584558054545,-0.072292805,0.17838287,0.07285547
4,99584561355431,-0.084155895,0.0055926386,0.05273059
10,99584564277045,-0.0770812,0.11852741,0.18538284
4,99584570350952,-0.07803062,0.037550572,0.060453758
10,99584577945379,-0.107786894,0.1539197,0.20654583
4,99584581221629,-0.06684534,0.056459017,0.05912218
10,99584584121993,-0.18679547,0.1682849,0.15626717
4,99584590868243,-0.058056913,0.06870956,0.054062173
10,99584597360952,-0.16996026,0.12018061,0.21553087
4,99584601650535,-0.04314321,0.09374327,0.047137953
10,99584605307931,-0.12812185,0.04169035,0.37143564
4,99584610083347,-0.034621093,0.1222391,0.03701794
10,99584614822618,-0.2095244,-0.027738571,0.51269865
2,99584618089233,-31.0,7.0,9.0
10,99584624531004,-0.2826376,-0.058932304,0.52542067
4,99584629327931,-0.021837922,0.1323591,0.03435478
10,99584635670900,-0.37638283,-0.023736477,0.6062603
4,99584638909806,0.0077231675,0.09534117,0.026897928
10,99584644308087,-0.30839372,0.0054626465,0.5781307
4,99584649231472,0.010386328,0.08335695,0.01917476
10,99584655464545,-0.2460525,0.10025406,0.597352
4,99584658677410,0.01784318,0.06231797,0.004527374
10,99584664087514,-0.20340705,0.20585966,0.5803547
4,99584668915952,0.024234766,0.059921127,0.0029294773
10,99584675249650,-0.19779849,0.21738052,0.57245207
4,99584678466108,0.017576864,0.05832323,0.016777916
10,99584683856056,-0.21534896,0.16747475,0.56057453
4,99584688633764,0.008788432,0.057790596,0.023435818
10,99584693603191,-0.19857001,0.16356564,0.57540894
4,99584697012045,0.017044231,0.049801115,0.029827405
10,99584703651212,-0.23144269,0.042773247,0.5738044
4,99584708475483,0.015180019,0.024501082,0.03888215
10,99584714805535,-0.26452708,0.032678127,0.48452663
4,99584718058295,0.030626353,-0.00479369,0.036485307
10,99584723419389,-0.26099682,0.04404497,0.37673092
4,99584728199285,0.037550572,-0.040480047,0.022370555
10,99584734583920,-0.15840268,0.088088036,0.26471233
4,99584737819285,0.019707393,-0.06338324,-0.0055926386
10,99584743220743,-0.057821512,0.17444944,0.35468912
4,99584748013556,-0.014114754,-0.061519023,-0.016245283
10,99584754353920,-0.1281991,0.11419487,0.2633338
4,99584757593608,-0.0314253,-0.04474111,0.008788432
10,99584762966108,-0.18369436,0.04424715,0.23614073
4,99584767750483,-0.025832662,-0.038083203,0.016245283
10,99584774142879,-0.20606923,-0.07774544,0.26641178
4,99584777379806,-0.009054748,-0.052464273,-0.004527374
10,99584782742358,-0.22264338,-0.109874725,0.28614235
4,99584787542983,0.01304949,-0.08655274,-0.03009372
10,99584792557983,-0.26906943,-0.02883339,0.25231504
2,99584795912879,-30.0,9.0,10.0
10,99584802735327,-0.22023702,0.021853447,0.15046978
4,99584807519389,0.029294772,-0.10759171,-0.036485307
10,99584812949233,-0.1485889,0.08203125,0.06818628
4,99584816197254,0.018375812,-0.090281166,-0.037550572
10,99584822298816,-0.18148255,0.16668081,0.07009506
4,99584827132774,0.010652645,-0.07749799,-0.033822145
10,99584833471889,-0.1989789,0.21584082,0.024283886
4,99584836695066,-5.326322E-4,-0.072171666,-0.026365295
10,99584842086472,-0.23921633,0.22031593,0.050875664
4,99584846937618,-0.012250541,-0.059921127,-0.014647386
10,99584853250952,-0.2730577,0.14012289,-0.036022186
4,99584856502097,-0.02263687,-0.04926848,-0.005060006
10,99584861863556,-0.29553938,0.18029594,0.030427933
4,99584866663868,-0.010386328,-0.050333746,-0.012250541
10,99584873032566,-0.33449793,0.19329977,0.10753918
4,99584876260014,-0.012516857,-0.05912218,-0.019973708
10,99584881639285,-0.34079838,0.16991425,0.15325451
4,99584886431004,-0.02956109,-0.064182185,-0.016777916
10,99584891396993,-0.39260554,0.17872381,0.09994364
4,99584894778243,-0.054062173,-0.06498113,-0.010120012
10,99584900267410,-0.34169507,0.25089312,0.07945967
4,99584906745483,-0.05965481,-0.061519023,2.663161E-4
10,99584912836837,-0.30461454,0.22598839,0.041140556
4,99584916044754,-0.043942157,-0.05539375,0.013315806
10,99584921244285,-0.24509025,0.1601553,0.03800106
4,99584926102722,-0.04181163,-0.034088463,0.015978966
10,99584932373712,-0.20343804,0.12043142,0.06029272
4,99584935582566,-0.055926383,-0.027696876,0.0013315806
10,99584940960847,-0.26454544,0.162148,0.13281775
4,99584945930222,-0.055926383,-0.03089267,0.002130529
10,99584952133816,-0.26378608,0.13916063,0.17671728
4,99584955373972,-0.037284255,-0.028229509,0.018908445
10,99584960738660,-0.19994211,0.06293821,0.25773525
4,99584965595795,-0.015978966,-0.009321064,0.030360037
10,99584971910795,-0.11563015,0.0026626587,0.2866621
2,99584975162201,-29.0,9.0,10.0
10,99584980622149,-0.17737222,0.0654974,0.35557413
4,99584985488035,0.024501082,0.026631612,0.040746365
10,99584990425483,-0.26140738,0.20362186,0.3595295
4,99584993673660,0.03009372,0.025033714,0.042876896
10,99584999298347,-0.26622486,0.24771833,0.3816142
4,99585005509649,0.020506341,0.011984225,0.053263225
10,99585011601576,-0.23528671,0.24198914,0.418787
4,99585014839389,0.013315806,0.0061252704,0.055127434
10,99585020059597,-0.19283414,0.25594902,0.37555695
4,99585024915274,0.01304949,-0.0031957934,0.05006743
10,99585031212462,-0.16557908,0.25533628,0.4138279
4,99585034610118,0.022104237,-0.009853696,0.051931642
10,99585039836316,-0.14592052,0.15149975,0.4710493
4,99585044801576,0.02743056,-0.016245283,0.05965481
10,99585051010066,-0.12383556,0.078799725,0.48757553
4,99585054305274,0.05273059,-0.016245283,0.06844324
10,99585059637462,-0.12730813,0.11480856,0.58550596
4,99585064494962,0.06897587,-0.017044231,0.06977482
10,99585070789962,-0.12576032,0.09155035,0.6615882
4,99585074077774,0.10945592,-0.038083203,0.07057377
10,99585079391681,-0.15804362,0.04531479,0.6998744
4,99585084230326,0.11611383,-0.04873585,0.06924219
10,99585089192149,-0.17222404,0.010094643,0.7516651
4,99585092559337,0.12996227,-0.072171666,0.06391586
10,99585098087514,-0.18590856,-0.009196281,0.7218013
4,99585104423556,0.13848437,-0.10519487,0.054594804
10,99585110664910,-0.2213664,0.049671173,0.68716335
4,99585113959285,0.1784318,-0.18242654,0.04926848
10,99585119130899,-0.25034285,0.15033579,0.6018696
4,99585123992826,0.19441076,-0.20186761,0.05219796
10,99585130108347,-0.24823785,0.12562037,0.50931406
4,99585133349545,0.20106867,-0.23702134,0.06231797
10,99585138724858,-0.2141192,0.24221182,0.3361845
4,99585143709129,0.2066613,-0.26818034,0.06524745
10,99585149899389,-0.20800376,0.22820807,0.18454361
2,99585153165847,-30.0,10.0,11.0
10,99585157522670,-0.14112997,-0.15305233,-0.026752949
4,99585163779441,0.08229168,-0.252734,0.09054748
10,99585169855014,-0.10287738,-0.14131927,0.033756733
4,99585173094910,0.022104237,-0.21678132,0.095074855
10,99585178363556,-0.16340828,-0.11532831,0.36365557
4,99585183220691,0.05885586,-0.18908444,0.11611383
10,99585188155066,-0.35625958,-0.33585548,0.15545559
4,99585191434753,0.07057377,-0.170176,0.14061491
10,99585196972358,-0.30861354,-0.27978754,0.13429594
4,99585203451003,0.091080114,-0.16271915,0.12650016
10,99585209551628,-0.2977519,-0.10561037,0.10892153
4,99585212794910,0.099069595,-0.14354439,0.112119086
10,99585218036108,-0.3459072,-0.058629513,0.04681635
4,99585222868868,0.087085366,-0.11345066,0.12623383
10,99585228993972,-0.3821323,0.18015671,-0.039951324
4,99585232200483,0.07856325,-0.092145376,0.1371528
10,99585237619076,-0.4055488,0.50116205,-0.14990282
4,99585242519545,0.06018744,-0.073236935,0.12836437
10,99585247686889,-0.37625933,0.50795746,-0.34589195
4,99585250921681,0.026365295,-0.04314321,0.11105382
10,99585257400951,-0.33601475,0.2368927,-0.32625675
4,99585262177931,0.010120012,-0.0077231675,0.105993815
10,99585268566368,-0.32201743,-0.08179331,-0.19725895
4,99585271811056,0.038083203,0.023702133,0.09720538
10,99585277176472,-0.421376,-0.22109318,-0.005533695
4,99585282181264,0.08575379,0.03089267,0.0777643
10,99585287273868,-0.526479,-0.1433425,0.07441807
4,99585290376628,0.10839066,0.004527374,0.05672533
10,99585296037826,-0.62246454,0.008720875,0.085439205
4,99585302166733,0.11424961,-0.020240024,0.047404267
10,99585308242306,-0.5893574,0.15278625,0.15875769
4,99585311456160,0.10359697,-0.024501082,0.052996907
10,99585316734285,-0.45615745,0.22166252,0.14090681
4,99585321519233,0.06897587,0.0018642128,0.06524745
10,99585327896264,-0.33769178,0.18014526,0.007820606
2,99585331152410,-28.0,11.0,13.0
10,99585336623399,-0.27166772,0.15856266,0.04942465
4,99585341444389,0.046072688,0.08495484,0.07190535
10,99585347674441,-0.26079178,0.11251068,0.20660925
4,99585350911837,0.07084008,0.10333065,0.076166406
10,99585353829910,-0.28951955,0.12209654,0.24491644
4,99585361683503,0.094808534,0.107858025,0.08042747
10,99585369252201,-0.29830503,0.06881428,0.20975637
4,99585372511368,0.10546118,0.10066749,0.086020105
10,99585377488972,-0.28563142,0.06474686,0.19860888
4,99585382341733,0.11265171,0.08974853,0.09720538
10,99585387249805,-0.301553,0.22833014,0.24258089
4,99585390346368,0.11771172,0.088150635,0.10918961
10,99585394313399,-0.25606322,0.23551273,0.2162447
4,99585401405951,0.1025317,0.086020105,0.11158645
10,99585408949858,-0.19887519,0.22723198,0.39001942
4,99585412213139,0.08841695,0.08735169,0.11451593
10,99585417093139,-0.18473363,0.22390175,0.3794651
4,99585421868503,0.08655274,0.08442221,0.1307612
10,99585427975066,-0.2841041,0.21132326,0.47896147
4,99585431222722,0.08468852,0.06764429,0.14221281
10,99585434238087,-0.3559301,0.24963045,0.5627589
4,99585440795378,0.09054748,0.04314321,0.1371528
10,99585448430014,-0.3539877,0.31232166,0.54901505
4,99585451696524,0.0892159,0.002130529,0.12410331
10,99585454555326,-0.35399652,0.31232405,0.54901505
4,99585460273035,0.094009586,-0.03089267,0.11851067
10,99585467852983,-0.2799077,0.30462074,0.40248775
4,99585471098608,0.09614012,-0.036485307,0.13342437
10,99585474006003,-0.2535715,0.35489893,0.39291096
4,99585480906524,0.1041296,-0.015446335,0.15393071
10,99585487401785,-0.18176079,0.4398036,0.5125971
4,99585491590483,0.086020105,0.024767399,0.18295917
10,99585493675118,-0.24640441,0.38234282,0.63948965
4,99585500107670,0.09321064,0.06870956,0.22956449
10,99585506370066,-0.33658862,0.21677113,0.7508173
2,99585509638972,-28.0,13.0,12.0
10,99585513980795,-0.41462052,0.087371826,0.9242964
4,99585518757826,0.15100123,0.10040118,0.29241508
10,99585525879910,-0.48505116,-0.012174606,0.9361949
4,99585529119910,0.20586236,0.07137272,0.2892193
10,99585534297826,-0.5638405,-0.020031929,0.8570137
4,99585539112201,0.2197108,0.046339005,0.2806972
10,99585545603139,-0.58036315,-0.027217388,0.76710224
4,99585548845535,0.24873926,-0.033023197,0.25300032
10,99585554048347,-0.49626768,0.06665802,0.72694874
4,99585558838712,0.25033715,-0.06098639,0.2412824
10,99585565399076,-0.40883923,0.0967617,0.67052794
4,99585568644233,0.23861924,-0.12676647,0.19228023
10,99585573772774,-0.16298413,0.25042105,0.5508194
4,99585586970274,0.21278657,-0.15233281,0.15819177
10,99585591997201,-0.003474474,0.2899766,0.4496951
4,99585598798035,0.2082592,-0.15686019,0.16058862
10,99585604807149,0.05414772,0.31544065,0.36912298
4,99585607889441,0.2282329,-0.16245283,0.1667139
10,99585612951524,0.16600633,0.27581835,0.29073143
4,99585617611212,0.2545982,-0.16724652,0.15526229
10,99585624492930,0.3781526,0.2844038,0.29689455
4,99585627585899,0.2892193,-0.17470337,0.1304949
10,99585632730535,0.5599561,0.28589582,0.21064329
4,99585637377410,0.33129725,-0.15819177,0.11105382
10,99585644270118,0.83643246,0.19397593,0.046049595
4,99585647366212,0.350472,-0.10546118,0.08948222
10,99585652518191,1.1683395,0.19620752,-0.13647175
4,99585657245899,0.38562572,-0.0058589545,0.05832323
10,99585664051420,1.3864725,0.0742898,-0.2140665
4,99585667147514,0.39521313,0.1488707,0.029294772
10,99585672341837,1.5024023,-0.19212437,-0.25381374
4,99585678258243,0.3832289,0.31798145,0.013315806
10,99585683267514,1.360502,-0.43080807,-0.29295444
2,99585686240691,-24.0,18.0,12.0
10,99585692067357,1.1913297,-0.772182,-0.12239647
4,99585697477618,0.43782368,0.54807854,0.019973708
10,99585703666785,0.9974568,-0.91194725,0.07179451
4,99585706753035,0.5278385,0.59787965,0.007190535
10,99585711849805,0.84912086,-0.87074184,0.25301123
4,99585717211680,0.61199445,0.60746706,-0.038615838
10,99585723387462,0.6695044,-0.6258936,0.21585035
4,99585726478191,0.63436496,0.5946839,-0.10359697
10,99585731623712,0.43403077,-0.2544012,0.1817832
4,99585737055170,0.598146,0.5592638,-0.15472966
10,99585743157201,0.13039327,0.16593504,0.229455
4,99585746249597,0.5302354,0.5070659,-0.17230652
10,99585751406107,-0.16360748,0.42100477,0.21188211
4,99585756831889,0.43063316,0.43649212,-0.1685781
10,99585762913503,-0.44491863,0.47082758,0.2997837
4,99585766001732,0.34514567,0.37710363,-0.13981596
10,99585771212930,-0.73252296,0.16904831,0.36275196
4,99585777008972,0.28575718,0.33662358,-0.098004326
10,99585781976107,-0.9861581,-0.06470442,0.51536894
4,99585781976107,0.28655612,0.31372038,-0.08282431
4,99585785262930,0.30466563,0.2806972,-0.072970614
10,99585791434910,-1.2407706,-0.07780647,0.66345835
4,99585796318868,0.3797668,0.16911073,-0.07456851
10,99585802727253,-1.5134865,0.06931734,0.8051405
4,99585805981055,0.45806372,0.03222425,-0.096939065
10,99585811113347,-1.6987782,0.089167595,0.6423068
4,99585815991472,0.47031426,-0.10519487,-0.11558119
10,99585822500847,-1.7814829,0.12667179,0.4355564
4,99585825753972,0.4708469,-0.22450449,-0.11664646
10,99585830860326,-1.7489471,0.27172375,0.25072575
4,99585835924701,0.4631237,-0.31185618,-0.101999074
10,99585842279337,-1.6256405,0.41485834,0.025710583
4,99585845505743,0.42184472,-0.35792887,-0.068176925
10,99585850649441,-1.5340867,0.5511236,-0.16659927
4,99585855546055,0.35792887,-0.35899413,-0.007190535
10,99585862046159,-1.4739155,0.5445576,-0.37025595
2,99585865310482,-26.0,15.0,16.0
10,99585870214701,-1.4393244,0.5992651,-0.31282616
4,99585875117774,0.23116238,-0.35127094,0.13448964
10,99585880410118,-1.4764342,0.7395916,-0.26919413
4,99585883649337,0.19121496,-0.3768373,0.16218652
10,99585890086420,-1.4931989,0.8160186,-0.30887032
4,99585894983347,0.13768543,-0.4135889,0.17470337
10,99585901650170,-1.4591151,0.90742636,-0.22999763
4,99585904896628,0.091080114,-0.44581318,0.19574234
10,99585910074232,-1.3931537,0.8351803,-0.25438738
4,99585915034337,0.03914847,-0.45167214,0.2396845
10,99585921390847,-1.2571203,0.7387314,-0.29351234
4,99585924613607,-0.009321064,-0.4359595,0.28842035
10,99585929740743,-1.0420635,0.67010164,-0.14504528
4,99585934681472,-0.043942157,-0.39627838,0.3334278
10,99585941148816,-0.8445854,0.59268093,-0.0878582
4,99585944433555,-0.09347696,-0.34594464,0.36432046
10,99585949555170,-0.7856184,0.65101147,-0.22912455
4,99585954401941,-0.11957593,-0.32197618,0.37310886
10,99585960971889,-0.7800821,0.7366767,-0.21002865
4,99585964260482,-0.2000034,-0.2972088,0.36645097
10,99585969385326,-0.65949035,0.5723734,-0.16540575
4,99585974275587,-0.22716765,-0.30679616,0.3549994
10,99585979371784,-0.43982387,0.2918172,-0.005779743
4,99585982513920,-0.2828277,-0.32277513,0.31318775
10,99585988983139,-0.3746953,0.14847422,0.1272583
4,99585993848034,-0.32437304,-0.3225088,0.2790993
10,99586000471993,-0.41061568,-0.23153591,0.22528744
4,99586003683139,-0.3640541,-0.29800773,0.2647182
10,99586008943555,-0.37179828,-0.22054625,0.36252975
4,99586013856472,-0.36325517,-0.2972088,0.2559298
10,99586020277357,-0.3393582,-0.17761946,0.47490263
4,99586023527878,-0.3571299,-0.30466563,0.22583607
10,99586028735066,-0.27881658,-0.12380791,0.45799208
4,99586033779128,-0.32517198,-0.3371562,0.20399815
10,99586040057253,-0.2622776,-0.172647,0.4185152
2,99586043332253,-23.0,21.0,18.0
10,99586048115534,-0.11764729,-0.29434013,0.30644512
4,99586053108295,-0.21411815,-0.33609092,0.19441076
10,99586059827409,-0.05810666,-0.18436003,0.32548475
4,99586063063451,-0.15233281,-0.32969934,0.170176
10,99586068255378,0.004636526,0.21939707,0.39169264
4,99586073112722,-0.12596752,-0.31638354,0.15180019
10,99586078245639,-0.023321629,0.34144735,0.41062784
4,99586081406316,-0.15819177,-0.29161614,0.16085494
10,99586087860378,-0.06468344,0.27693462,0.30247784
4,99586092652982,-0.25246766,-0.2479403,0.19574234
10,99586106513139,-0.028730392,0.08062935,0.05549097
4,99586113133764,-0.27084348,-0.21678132,0.21491711
10,99586119161055,0.0975554,0.10855198,0.0011854172
4,99586122240430,-0.22343922,-0.22210763,0.17044231
10,99586127156159,0.23832607,0.19896889,0.017530441
4,99586132529493,-0.18588865,-0.22690132,0.12969595
10,99586138695066,0.31375575,0.25562143,-0.0111579895
4,99586141775743,-0.18216023,-0.20879184,0.12170646
10,99586146933555,0.36457872,0.2343812,-0.005479336
4,99586152299024,-0.21891184,-0.14727281,0.15180019
10,99586158498034,0.41773844,0.042574883,-0.023451328
4,99586161580847,-0.2479403,-0.06578008,0.19707392
10,99586166751680,0.42200255,-0.14242506,0.08275509
4,99586172719909,-0.2146508,0.0034621095,0.22530343
10,99586177718191,0.42602086,-0.26693344,-0.07782745
4,99586180685691,-0.15472966,0.023702133,0.19920446
10,99586186499232,0.4347856,-0.20172262,-0.24010754
4,99586191875534,-0.1123854,0.023169503,0.14460965
10,99586197658191,0.4984591,-0.06848717,-0.38606787
4,99586200751941,-0.099069595,0.03781689,0.09986854
10,99586206265326,0.5790436,0.077382565,-0.3226366
4,99586211700951,-0.11797804,0.08575379,0.08229168
10,99586217802878,0.6383641,0.0962553,-0.21898746
2,99586220904805,-21.0,29.0,18.0
10,99586226044545,0.57023597,-0.010105133,-0.3990817
4,99586231464336,-0.20692763,0.16271915,0.095074855
10,99586237581680,0.4801576,-0.2131958,-0.6612592
4,99586240661420,-0.24660872,0.17976338,0.07962852
10,99586245823191,0.50396943,-0.38182735,-0.60098076
4,99586251185274,-0.23435818,0.19014971,0.041279
10,99586257350691,0.56912315,-0.44658327,-0.2574253
4,99586260434336,-0.17896444,0.20293288,-5.326322E-4
10,99586264525899,0.45180738,-0.43940067,0.06339741
4,99586271581836,-0.1222391,0.20532973,-0.029294772
10,99586277895951,0.27636135,-0.3520565,0.26301813
4,99586280861993,-0.09720538,0.19920446,-0.043942157
10,99586283786055,0.13270056,-0.38078642,0.4090643
4,99586290954909,-0.10333065,0.18136127,-0.058589544
10,99586297893659,0.033802986,-0.40042448,0.46515703
4,99586300978399,-0.11424961,0.1536644,-0.06737798
10,99586302940170,0.0026783943,-0.49140406,0.5274062
4,99586302940170,-0.11424961,0.1536644,-0.06737798
4,99586310695066,-0.12330436,0.14727281,-0.07057377
10,99586318428191,0.01779282,-0.49035406,0.58253
4,99586321696680,-0.13448964,0.15686019,-0.07749799
10,99586326202149,-0.051216602,-0.378551,0.6016593
4,99586330163086,-0.133957,0.15499598,-0.09667275
10,99586337021836,-0.13971412,-0.2695241,0.60846853
4,99586341114597,-0.14407702,0.14647387,-0.11105382
10,99586343141003,-0.29773152,-0.2551589,0.61565113
4,99586349149909,-0.13422333,0.12809806,-0.1257012
10,99586356386055,-0.43443048,-0.258214,0.68900824
4,99586359622930,-0.10972224,0.09321064,-0.1488707
10,99586362242409,-0.51105356,-0.32525063,0.7129502
4,99586370995586,-0.09667275,0.050333746,-0.18056233
10,99586377418347,-0.5982933,-0.29127645,0.74218845
4,99586381776159,-0.073236935,0.0039947415,-0.20746025
10,99586385416472,-0.6861181,-0.21231604,0.71948385
4,99586390157722,-0.058589544,-0.042077947,-0.2130529
10,99586396415847,-0.71723866,-0.1701765,0.67036724
2,99586399673191,-26.0,25.0,19.0
10,99586403134024,-0.63583577,-0.04807186,0.6440306
4,99586408808659,-0.045007423,-0.086020105,-0.21331921
10,99586415627461,-0.59526193,0.09371567,0.506063
4,99586418838503,-0.05219796,-0.09560748,-0.21225394
10,99586424272982,-0.60664415,0.24478054,0.45452166
4,99586428243920,-0.054594804,-0.09187906,-0.2031992
10,99586435400430,-0.61267686,0.2765684,0.4440999
4,99586438648763,-0.045540057,-0.06578008,-0.16271915
10,99586444063086,-0.5827348,0.24874258,0.36855698
4,99586448846107,-0.046339005,-0.057790596,-0.14993598
10,99586455185378,-0.60939145,0.28381872,0.326262
4,99586458437357,-0.046871636,-0.0479369,-0.13502227
10,99586463841524,-0.67209446,0.38378334,0.36731577
4,99586468599649,-0.03169162,-0.055127434,-0.13209279
10,99586473519961,-0.66039157,0.36819124,0.3237152
4,99586473519961,-0.027963191,-0.062051654,-0.12783173
4,99586476978086,-0.027963191,-0.06711166,-0.12037488
10,99586483607982,-0.6370747,0.40501213,0.27275515
4,99586488404128,-0.029294772,-0.06870956,-0.105727494
10,99586494749232,-0.523069,0.40869188,0.23436022
4,99586497997149,-0.027164243,-0.052996907,-0.09081379
10,99586503398711,-0.43890977,0.41248083,0.2052474
4,99586508173503,-0.027164243,-0.026631612,-0.06977482
10,99586514550065,-0.42875886,0.438056,0.23058224
4,99586517811680,-0.023702133,-0.007190535,-0.046871636
10,99586523174597,-0.45610952,0.43798494,0.13594961
4,99586527950586,-0.023435818,0.0013315806,-0.025300032
10,99586534327409,-0.4336481,0.42427826,0.087035656
4,99586537565430,-0.018642128,0.012250541,-0.0063915867
10,99586542951940,-0.3878479,0.4510007,0.1496563
4,99586547730586,-0.0010652645,0.022370555,0.009054748
10,99586554150482,-0.31685054,0.43654203,0.13700438
4,99586557363868,0.017310547,0.0314253,0.018642128
10,99586562721472,-0.23559344,0.4380002,0.09431696
4,99586567498763,0.019441076,0.045540057,0.029294772
10,99586572437722,-0.21294045,0.363173,0.044414043
2,99586575893243,-25.0,23.0,19.0
10,99586582577670,-0.16193438,0.27748585,0.08858061
4,99586587354753,-0.00958738,0.09161274,0.05486112
10,99586593659128,-0.13498187,0.21683884,0.15247679
4,99586596907930,-0.0037284256,0.1025317,0.06098639
10,99586602283868,-0.1708417,0.17304754,0.141644
4,99586607062253,-0.0034621095,0.09986854,0.054062173
10,99586613438711,-0.18773091,0.17959309,0.10222912
4,99586616677305,-0.0053263223,0.08948222,0.036751624
10,99586622060743,-0.12747669,0.14483929,0.20160103
4,99586626832045,-0.010120012,0.08442221,0.025566347
10,99586633220326,-0.12368107,-0.009003639,0.16098595
4,99586636456472,-0.018908445,0.077231675,0.023169503
10,99586641829128,-0.089805126,-0.06384945,0.09307337
4,99586646630326,-0.014114754,0.0743022,0.014913702
10,99586652990482,-0.056839943,-0.10217428,0.14489746
4,99586656211628,-0.009054748,0.07962852,0.0077231675
10,99586661626107,-0.038576126,-0.17459488,0.20328188
4,99586666424649,-0.007190535,0.082025364,0.0018642128
10,99586671380274,-0.05395341,-0.077656746,0.23698044
4,99586674760482,0.002130529,0.07057377,-0.01304949
10,99586680226576,-0.087426424,0.020578861,0.20749807
4,99586686755430,-0.0063915867,0.05273059,-0.024234766
10,99586692841107,-0.09190917,0.027973652,0.16934681
4,99586696057878,-0.018642128,0.045007423,-0.036218993
10,99586701176992,-0.012293816,0.08577156,0.19433641
4,99586706008972,-0.026631612,0.04580637,-0.042077947
10,99586712328295,0.04707861,0.06670523,0.3343134
4,99586715556367,-0.036218993,0.06737798,-0.03355583
10,99586720936732,0.021820068,0.017691135,0.23102903
4,99586725858815,-0.051931642,0.091080114,-0.018908445
10,99586732105378,-0.0504241,0.017499924,0.32652712
4,99586735321888,-0.053263225,0.09134643,-0.013315806
10,99586740723295,-0.09269142,0.0964632,0.35950422
4,99586745542565,-0.049801115,0.07456851,-0.024501082
10,99586751886576,-0.10023546,0.12466526,0.36357927
2,99586755122565,-27.0,23.0,19.0
10,99586760479961,-0.11269164,0.14077997,0.37554932
4,99586765324024,-0.06231797,0.042077947,-0.049801115
10,99586770274909,-0.10059261,0.14014578,0.4097042
4,99586773648295,-0.055926383,0.05352954,-0.04474111
10,99586779109597,-0.095062256,0.11276531,0.47424364
4,99586785668399,-0.032490566,0.06764429,-0.03195793
10,99586791776420,-0.14703178,0.024652958,0.57754946
4,99586795024076,-0.009853696,0.084155895,-0.019707393
10,99586800161159,-0.26272476,-0.066967964,0.6758895
4,99586805012461,0.016245283,0.0892159,-0.014913702
10,99586811163451,-0.36237645,-0.011288166,0.63095427
4,99586814463867,0.050333746,0.06764429,-0.026897928
10,99586819815586,-0.44606555,0.01614809,0.58626604
4,99586824797045,0.06098639,0.033023197,-0.047670584
10,99586830940117,-0.45896375,0.06601906,0.5600147
4,99586834239492,0.06684534,0.0039947415,-0.06791061
10,99586839590899,-0.44442546,0.24389696,0.5334153
4,99586844485899,0.06498113,-0.02609898,-0.07483483
10,99586850720378,-0.44012392,0.34237957,0.45950842
4,99586854021992,0.056459017,-0.033822145,-0.06258429
10,99586859368086,-0.3506217,0.3624134,0.4106202
4,99586864204701,0.054328486,-0.02956109,-0.054594804
10,99586869261628,-0.300658,0.3617649,0.38876534
4,99586872531003,0.041279,-0.017044231,-0.034621093
10,99586879158607,-0.31253576,0.3547392,0.38613224
4,99586884028607,0.04447479,0.009054748,-0.00958738
10,99586890287670,-0.41372263,0.303205,0.34981441
4,99586893535742,0.057257965,0.022903185,0.01917476
10,99586898935065,-0.45749962,0.30937672,0.2746911
4,99586903781055,0.06231797,0.016511599,0.019973708
10,99586910067357,-0.4350003,0.34153748,0.18743944
4,99586913313867,0.070041135,-0.002130529,0.008522116
10,99586918712617,-0.41972458,0.30671835,0.053216934
4,99586923671472,0.0644485,-0.019441076,-0.008255799
10,99586929876107,-0.38775158,0.26785946,0.023735523
2,99586933109961,-28.0,21.0,20.0
10,99586938591732,-0.34770584,0.12280607,0.09402752
4,99586943437149,0.022104237,0.012516857,-0.007989483
10,99586949643555,-0.3337059,0.086287975,0.11651707
4,99586952866107,0.02130529,0.04314321,-2.663161E-4
10,99586958268242,-0.49838102,0.035542965,0.21467829
4,99586963172097,0.03009372,0.05672533,0.007190535
10,99586968066836,-0.5493791,0.03229475,0.1683259
4,99586971404544,0.042077947,0.033023197,0.0037284256
10,99586976990534,-0.57656646,0.071103096,0.15744925
4,99586983354284,0.057257965,0.0029294773,-0.009321064
10,99586989434701,-0.51144505,0.14960003,0.10577726
4,99586992649649,0.049534798,-0.017310547,-0.018109497
10,99586997843659,-0.43402565,0.22109318,0.08377075
4,99587002659492,0.026631612,-0.011185277,-0.013848438
10,99587008972617,-0.3769865,0.3202319,0.060599327
4,99587012208347,-0.0018642128,0.018642128,-0.0013315806
10,99587017596992,-0.40548813,0.35218716,0.11102581
4,99587021605222,-0.04261058,0.031158986,0.018642128
10,99587028719388,-0.40757215,0.300426,0.21157885
4,99587031928919,-0.063116916,0.025033714,0.02876214
10,99587037360847,-0.45957863,0.13979197,0.34231424
4,99587041354649,-0.060720075,0.004527374,0.034088463
10,99587048631419,-0.43889844,0.06730318,0.34374428
4,99587051869336,-0.03542004,-0.01917476,0.033822145
10,99587057152878,-0.38877285,0.065015316,0.31737518
4,99587061909857,-0.011451593,-0.031158986,0.034088463
10,99587066837513,-0.33286262,0.10689163,0.29222822
4,99587070308451,-0.004261058,-0.033289514,0.035952676
10,99587076607044,-0.24137425,0.16771317,0.20946932
4,99587081403399,-0.007456851,-0.018908445,0.04314321
10,99587088087774,-0.20838225,0.22406483,0.17213678
4,99587091354232,-0.016245283,-2.663161E-4,0.052996907
10,99587096698138,-0.17125714,0.1923995,0.23070765
4,99587101466211,-0.03435478,0.013315806,0.060453758
10,99587107867097,-0.1588701,0.11642456,0.35964584
2,99587111110117,-28.0,21.0,20.0
10,99587116670013,-0.1785121,0.02234459,0.410398
4,99587121444909,-0.04447479,0.026897928,0.06977482
10,99587127651055,-0.21479106,-0.052553654,0.410892
4,99587130901992,-0.028229509,0.020506341,0.06258429
10,99587136241263,-0.16869354,-0.1333828,0.42000484
4,99587140981367,-0.009853696,0.012250541,0.049801115
10,99587147422357,-0.13384497,-0.20884752,0.47048903
4,99587150672357,0.010652645,0.006657903,0.033822145
10,99587153589961,-0.117084265,-0.26390505,0.5638628
4,99587161818763,0.015978966,0.0063915867,0.013848438
10,99587168176992,-0.17583907,-0.27858496,0.48330832
4,99587172571003,0.007989483,-0.015446335,-0.008255799
10,99587176281524,-0.20234227,-0.20207882,0.36910105
4,99587181049232,0.0061252704,-0.046072688,-0.033822145
10,99587187412253,-0.10210848,-0.1405425,0.3276043
4,99587190653138,0.0063915867,-0.068176925,-0.054328486
10,99587193593711,0.022390008,-0.09744692,0.2773261
4,99587200973138,0.0015978967,-0.06018744,-0.0777643
10,99587208585742,0.085475445,-0.033432484,0.25731373
4,99587211811263,-0.008255799,-0.03488741,-0.09161274
10,99587216748815,0.074252844,-0.034634113,0.25958633
4,99587221649180,-0.01917476,-0.015180019,-0.08522116
10,99587227773607,0.024156094,0.055899143,0.17363071
4,99587231038763,-0.022104237,5.326322E-4,-0.07882957
10,99587233998503,0.062463522,0.12772512,0.16884232
4,99587240571576,-0.01784318,0.010918961,-0.08335695
10,99587248138919,0.10223508,0.14541149,0.15148878
4,99587251399388,-0.014913702,0.039947417,-0.087884314
10,99587254300430,0.10223508,0.14541149,0.15148878
4,99587260614857,-0.006657903,0.07563378,-0.09081379
10,99587266940221,0.09491825,0.13517475,0.123096466
4,99587271186732,0.01571265,0.1025317,-0.09267801
10,99587273365169,0.06379366,0.18545294,0.18295193
4,99587280096888,0.03701794,0.124902256,-0.10865697
10,99587287668034,-0.0038824081,0.13632917,0.21496153
2,99587290950586,-28.0,22.0,20.0
10,99587294297149,-0.0038824081,0.13632917,0.21496153
4,99587299042044,0.06364955,0.13848437,-0.11052119
10,99587305677982,-0.13396335,0.1381197,0.28031445
4,99587308919284,0.10359697,0.12596752,-0.1257012
10,99587314080378,-0.06613135,0.19090414,0.1954236
4,99587318903242,0.116912775,0.11345066,-0.13741912
10,99587325089284,0.02012682,0.17932558,0.082668304
4,99587328499336,0.12330436,0.10865697,-0.1603223
10,99587333862357,0.11982584,0.17120695,0.08915329
4,99587338690378,0.123038046,0.11558119,-0.16192019
10,99587345415430,0.12789154,0.1628151,0.062055588
4,99587348651784,0.118776985,0.14780544,-0.15180019
10,99587353838555,0.1278379,0.09499884,0.07812309
4,99587358637461,0.1123854,0.1587244,-0.1520665
10,99587363784232,0.16778374,-0.017579556,0.03708601
4,99587366958919,0.10066749,0.16751283,-0.16964336
10,99587373408659,0.18824315,-0.09793711,0.03344965
4,99587378242826,0.103064336,0.16138756,-0.19734024
10,99587384940794,0.26594353,-0.28558064,-0.035723686
4,99587388186836,0.11744541,0.16751283,-0.22050974
10,99587393312305,0.5013249,-0.47154665,-0.08563328
4,99587398113294,0.1520665,0.2000034,-0.24580978
10,99587404717357,0.57004595,-0.527925,-0.09204292
4,99587407967409,0.18908444,0.24714136,-0.27776772
10,99587413095378,0.72188234,-0.51784134,-0.101745605
4,99587417948503,0.20399815,0.29507825,-0.3158509
10,99587424502773,0.68262196,-0.50524664,-0.13821363
4,99587427714753,0.2050634,0.34328148,-0.350472
10,99587432876784,0.6415589,-0.4457488,-0.21667528
4,99587437712878,0.18455707,0.38083205,-0.36964676
10,99587444322513,0.6086581,-0.37868166,-0.24700975
4,99587447567409,0.17417073,0.4181163,-0.3850931
10,99587452686159,0.6059711,-0.43319607,-0.2149105
4,99587457485846,0.17390442,0.45007423,-0.40400153
10,99587462625378,0.5997758,-0.5856676,-0.19488573
2,99587465866628,-29.0,17.0,20.0
10,99587471936680,0.6183448,-0.7637906,0.09585953
4,99587476773451,0.23462449,0.5344964,-0.4857606
10,99587483833138,0.5085733,-0.792923,0.34550428
4,99587487071367,0.3075951,0.5523396,-0.540888
10,99587492196523,0.25511694,-0.73433304,0.41160965
4,99587497043503,0.34487936,0.54461646,-0.5789712
10,99587503625794,0.067346096,-0.67991877,0.40663862
4,99587506866888,0.36591834,0.51691955,-0.597347
10,99587511994805,0.07553816,-0.6066661,0.5028744
4,99587516758138,0.3888215,0.484429,-0.6151902
10,99587523441263,0.20400476,-0.5613775,0.35019493
4,99587526673867,0.40506682,0.47803742,-0.64182186
10,99587531610326,0.32646608,-0.43490553,0.31605482
4,99587536375169,0.42983422,0.5049353,-0.6689861
10,99587543166159,0.31434155,-0.22061968,0.32461166
4,99587546390482,0.43915528,0.5387575,-0.6713829
10,99587551514388,0.17564487,0.020344257,0.25391197
4,99587556284857,0.45220476,0.5603291,-0.64581656
10,99587561514648,0.088768244,0.25247765,0.30035877
4,99587564737253,0.46392268,0.56751966,-0.6018744
10,99587571181263,0.046831846,0.4142275,0.34733105
4,99587576072825,0.4924185,0.57284594,-0.5454154
10,99587582716575,-0.0069680214,0.48406458,0.37788153
4,99587585968034,0.54674697,0.59761333,-0.46871635
10,99587591088450,-0.07707882,0.4250388,0.49540424
4,99587595980794,0.5901565,0.65007764,-0.3683152
10,99587602542513,-0.29076338,0.36059904,0.486773
4,99587605777513,0.6218481,0.69029135,-0.27670243
10,99587610942825,-0.52593565,0.53415823,0.63872385
4,99587615928711,0.6564692,0.70014507,-0.21145499
10,99587622251680,-0.743186,0.5968113,0.55596733
4,99587625501055,0.65859973,0.66206187,-0.16884442
10,99587630649492,-0.9020752,0.56196785,0.49311733
4,99587635540586,0.6287723,0.5850965,-0.14674018
10,99587642080169,-0.9225471,0.5470004,0.19345522
2,99587645319805,-30.0,17.0,21.0
10,99587650210430,-0.7149937,0.45176125,-0.17650843
4,99587655121263,0.5861618,0.50147325,-0.15020229
10,99587660386003,-0.47064257,0.05351305,-0.37613487
4,99587663623450,0.5297027,0.5616607,-0.14061491
10,99587670058190,-0.34517622,-0.16900492,-0.18038893
4,99587674965742,0.4926848,0.6420882,-0.12144015
10,99587681578659,-0.5362439,-0.07116413,0.12518358
4,99587684800482,0.47617322,0.6490124,-0.09827065
10,99587689930430,-0.9140879,0.14415646,0.27872753
4,99587694790638,0.42797,0.56432384,-0.10173275
10,99587701397305,-1.1621222,0.427742,0.36995697
4,99587704642669,0.3752394,0.4013384,-0.1470065
10,99587709736784,-1.2546058,0.5919099,0.26869106
4,99587714694961,0.32943302,0.2247708,-0.19387813
10,99587721122409,-1.1105621,0.6676984,0.09323645
4,99587724430846,0.3123888,0.09427591,-0.21411815
10,99587729536628,-0.849766,0.79705524,-0.06051731
4,99587734430221,0.3043993,0.0396811,-0.20639499
10,99587740893971,-0.65134037,0.92862034,-0.12134743
4,99587744184284,0.27563718,0.032756884,-0.17789917
10,99587749306732,-0.6773546,1.1374984,-0.05227375
4,99587754216680,0.27057716,0.03542004,-0.15632756
10,99587759310742,-0.8658118,0.9940033,0.08190918
4,99587762516836,0.26738137,0.054062173,-0.090014845
10,99587768957825,-0.9551326,0.71626806,0.16526985
4,99587773800273,0.23036344,0.07163903,-0.01304949
10,99587780501732,-1.1807266,0.14857912,0.4516778
4,99587783735586,0.25885928,0.063116916,0.039414786
10,99587788933763,-1.2862662,0.03331089,0.43576097
4,99587793842409,0.2727077,0.048203215,0.040213734
10,99587800233398,-1.3529971,0.19415617,0.2204113
4,99587803471523,0.23222765,-0.010120012,0.007989483
10,99587808722617,-1.3241584,0.45856476,0.0883317
4,99587813666836,0.19813919,-0.019973708,-0.007456851
10,99587820004440,-1.3159599,0.52855015,0.07810068
2,99587823267877,-24.0,-12.0,25.0
10,99587828140325,-1.306642,0.28619576,-0.09312105
4,99587832981627,0.0,0.018642128,-0.027696876
10,99587839828294,-1.3472683,0.20545816,-0.09066057
4,99587843060221,-0.087884314,0.047670584,-0.06231797
10,99587848071159,-1.5405457,-0.015872955,0.16508102
4,99587852883034,-0.12357068,0.020506341,-0.11052119
10,99587858141836,-1.5946542,-0.090112686,0.2575903
4,99587861405794,-0.12010857,-0.036218993,-0.15233281
10,99587867854648,-1.5895765,-0.10667133,0.35746622
4,99587872624961,-0.09640643,-0.11424961,-0.18748654
10,99587879351627,-1.4819183,0.019761562,0.30410767
4,99587882589857,-0.06791061,-0.19307919,-0.21065605
10,99587887806211,-1.1951153,0.17891884,0.20998049
4,99587892573294,-0.049002163,-0.23595607,-0.21997711
10,99587899123450,-0.82575095,0.32381105,0.12516594
4,99587902336627,-0.04926848,-0.22690132,-0.20719394
10,99587907568190,-0.5156503,0.43923473,0.16899824
4,99587912383815,-0.04314321,-0.1635181,-0.17656758
10,99587918895430,-0.30649865,0.38505983,0.26653624
4,99587922139857,-0.048203215,-0.0793622,-0.13182648
10,99587927125742,-0.27422512,0.29566574,0.41716194
4,99587931933919,-0.038615838,0.004261058,-0.083889574
10,99587938738242,-0.36645758,0.24257374,0.59910965
4,99587941979752,-0.022370555,0.047670584,-0.039947417
10,99587946920117,-0.5013174,0.18956375,0.4660983
4,99587952634961,-0.007989483,0.056991648,-0.019973708
10,99587957707565,-0.40431786,0.2506218,0.40192556
4,99587960806523,0.0034621095,0.050866377,-0.026897928
10,99587966899284,-0.23365104,0.21343136,0.31690788
4,99587971772409,-0.016511599,0.04527374,-0.042077947
10,99587978226523,-0.08424115,0.22629738,0.10972023
4,99587981470169,-0.043942157,0.05885586,-0.05219796
10,99587986499179,-0.001666069,0.2151556,0.019293785
4,99587991338971,-0.063116916,0.087618,-0.05486112
10,99587998005586,0.013599873,0.12406826,0.025268555
2,99588001340690,-23.0,-16.0,26.0
10,99588006212304,0.0224545,0.05472374,0.098240376
4,99588010978034,-0.07350325,0.10546118,-0.08282431
10,99588017790221,-0.027002454,-0.04116726,0.24789
4,99588021028867,-0.06977482,0.098004326,-0.10945592
10,99588026022252,-0.07641375,-0.10872984,0.21107769
4,99588030513971,-0.06551377,0.07403588,-0.133957
10,99588037560690,-0.08124256,-0.088804245,0.18621302
4,99588040818242,-0.046072688,0.05486112,-0.14940333
10,99588043746784,-0.01420486,-0.07922745,0.14790535
4,99588051820273,-0.025566347,0.052464273,-0.16298546
10,99588058214388,0.09510541,-0.012075424,0.10717726
4,99588062595950,-0.013582122,0.056459017,-0.18855181
10,99588066222773,0.13659799,0.029444218,0.058590412
4,99588071059544,-0.035153728,0.06338324,-0.21385184
10,99588077390638,0.107755184,0.032366276,-0.064617634
4,99588080630534,-0.06977482,0.070307456,-0.21571605
10,99588083586679,0.14127398,0.022789478,-0.07658863
4,99588090968502,-0.0727043,0.0743022,-0.19600865
10,99588098599075,0.19164371,-0.016180038,0.10021782
4,99588101849232,-0.031158986,0.091080114,-0.16564862
10,99588106278398,0.18441534,-0.018580914,0.10021591
4,99588111038554,0.029028457,0.116912775,-0.14514229
10,99588117383711,0.26666856,0.085186005,0.2109909
4,99588120631315,0.070307456,0.15126756,-0.13768543
10,99588123564752,0.21878457,0.118704796,0.2085967
4,99588130675950,0.086020105,0.17869811,-0.12996227
10,99588138214961,0.1183877,0.06306887,0.20806885
4,99588141467304,0.113983296,0.18322548,-0.116912775
10,99588145981367,0.12426019,0.05329895,0.1984973
4,99588150815221,0.16724652,0.21065605,-0.0561927
10,99588155950690,0.086176395,-0.46298313,0.49066734
4,99588159049179,0.23169503,0.2761698,0.040213734
10,99588162762357,0.32559657,-0.61621237,1.1682262
4,99588170073763,0.3581952,0.36618465,0.16005598
10,99588177650273,-0.010178089,-1.0314045,1.0932941
2,99588180931888,-21.0,-21.0,24.0
10,99588182993659,-0.010178089,-1.0314045,1.0932941
4,99588193286211,0.48336375,0.6079997,0.90281165
10,99588200831471,0.16615021,-1.0674152,1.0212936
4,99588200831471,0.5629923,0.5523396,0.9851033
4,99588202848659,0.87112004,0.50333744,0.65859973
4,99588210268086,0.87112004,0.50333744,0.65859973
4,99588212251731,0.7281082,0.5073322,0.35100463
4,99588217251731,0.2892193,0.4034689,0.0777643
4,99588224540898,-0.52357745,2.663161E-4,-0.18935075
10,99588232143606,-3.9706755,0.82742643,2.0250258
4,99588232143606,-0.7091998,-0.24341293,-0.17656758
4,99588234124179,-0.8588695,-0.4812332,-0.11797804
10,99588243525481,-2.713632,-0.8367071,1.4986115
4,99588246070846,-1.0476876,-0.90174633,-0.08894958
10,99588253067877,-1.6654904,-1.3062329,1.2381659
4,99588255465898,-0.79415464,-1.124653,-0.2695119
10,99588263236419,-1.7589538,-1.2362003,1.3156285
4,99588265649492,-0.24927188,-0.9664612,-0.43702474
10,99588271552461,0.01866436,0.054563046,-0.32066345
4,99588271552461,-0.06764429,-0.81732416,-0.49161956
4,99588273532252,-0.007190535,-0.68203557,-0.5384912
10,99588282950377,-0.8736012,1.6459455,-0.666409
4,99588285490638,-0.17417073,-0.64555025,-0.59894496
10,99588292452669,-1.8951298,2.83761,-0.84861803
4,99588292452669,-0.27776772,-0.6775082,-0.5475459
4,99588294450325,-0.38962048,-0.7033408,-0.44421527
4,99588303812200,-0.54275227,-0.71585774,-0.32597092
4,99588307056784,-0.706004,-0.727043,-0.23728766
10,99588312850325,-1.6787002,2.1923127,-0.86260414
4,99588317605638,-0.87112004,-0.72464615,-0.19787288
10,99588323067304,-1.2873924,1.477665,-0.31837225
4,99588326321836,-0.8226505,-0.7052051,-0.22184132
10,99588332624752,-1.3656993,0.96208906,0.009094238
4,99588337458815,-0.66152924,-0.69029135,-0.19574234
10,99588344127877,-1.5429227,0.9807563,0.40783787
4,99588347550065,-0.47963533,-0.6878945,-0.11318435
10,99588352481054,-1.6519871,1.1090536,0.42107487
2,99588357256002,-13.0,-15.0,21.0
10,99588362485117,-1.5401326,1.1888461,0.34713125
4,99588365839856,-0.31132352,-0.69295454,0.09081379
10,99588372399023,-1.3283781,1.2002478,0.05314064
4,99588377175429,-0.29694247,-0.675644,0.15978967
10,99588383680429,-1.0301244,1.2577062,-0.16187048
4,99588386929804,-0.29294774,-0.6266418,0.2263687
10,99588392076367,-0.8057201,1.1236615,-0.39528036
4,99588396837825,-0.3270362,-0.55074173,0.3073288
10,99588403494700,-0.60409,1.0205684,-0.5384941
4,99588406742252,-0.34328148,-0.4711132,0.37630466
10,99588411690221,-0.5145266,0.95674086,-0.47121048
4,99588416466315,-0.32996565,-0.40213734,0.43436158
10,99588423285586,-0.5136633,0.72490644,-0.4483137
4,99588426524544,-0.3291667,-0.3571299,0.49028796
10,99588431698346,-0.5501828,0.5241957,-0.48565054
4,99588436525586,-0.30812773,-0.33768883,0.51984906
10,99588443061679,-0.57704186,0.4294243,-0.5525913
4,99588446294231,-0.2862898,-0.3304983,0.51798487
10,99588451480117,-0.61917007,0.49806213,-0.5927391
4,99588456249492,-0.283893,-0.32836777,0.5073322
10,99588461387461,-0.57115626,0.6154008,-0.5930815
4,99588464591575,-0.30679616,-0.3355583,0.51665324
10,99588471044648,-0.41399932,0.54448366,-0.5128722
4,99588475876523,-0.34301516,-0.33076462,0.5430186
10,99588482609388,-0.21777296,0.3637252,-0.38442707
4,99588485858711,-0.36218992,-0.28495824,0.5717807
10,99588490956054,-0.10335541,0.12816095,-0.2664857
4,99588495848502,-0.3568636,-0.22050974,0.5992113
10,99588502370013,-0.09963775,-0.063354015,-0.13756227
4,99588505620013,-0.33768883,-0.17390442,0.6245113
10,99588510789908,-0.24696684,-0.12122059,-0.12604523
4,99588515796002,-0.3323625,-0.16884442,0.629305
10,99588522144440,-0.3507054,-0.043440342,-0.096754074
4,99588525386679,-0.3225088,-0.19387813,0.62344605
10,99588530535221,-0.30745745,-0.055416584,-0.08918953
2,99588535386627,-23.0,-7.0,21.0
10,99588541942617,-0.10887861,0.0068058968,0.14314413
4,99588545180898,-0.31372038,-0.2644519,0.5629923
10,99588550286627,0.04367709,-0.022057533,0.3535514
4,99588556086106,-0.3222425,-0.26684874,0.5470133
10,99588561362513,0.13643098,-0.15440464,0.44245672
4,99588564527148,-0.3368899,-0.2444782,0.5523396
10,99588569855013,0.18008494,-0.30912924,0.43964052
4,99588574772304,-0.37230992,-0.2263687,0.5520733
10,99588581497513,0.12337303,-0.46127272,0.39369583
4,99588584738398,-0.36645097,-0.21518342,0.53476274
10,99588589845065,0.110114574,-0.43873024,0.41263056
4,99588594687669,-0.31664985,-0.22743396,0.5009406
10,99588601248711,0.15407634,-0.45866537,0.56708574
4,99588604542304,-0.27217507,-0.2495382,0.44927529
10,99588609659492,0.19807601,-0.41684723,0.7271013
4,99588614638450,-0.23808661,-0.2743056,0.40107206
10,99588621067721,0.16095614,-0.4290309,0.7960496
4,99588624359283,-0.21571605,-0.2910835,0.37763625
10,99588629240533,0.12348986,-0.5339718,0.77311087
4,99588634078398,-0.22290659,-0.2905509,0.36724994
10,99588640797565,0.11367321,-0.44554043,0.74767256
4,99588644091471,-0.23435818,-0.2892193,0.345412
10,99588649242304,0.07646251,-0.26642942,0.71760464
4,99588654183710,-0.2396845,-0.28309402,0.32943302
10,99588659290690,0.05652666,-0.20207977,0.6478338
4,99588662415533,-0.26338664,-0.28842035,0.29800773
10,99588668820950,0.08663297,-0.13972378,0.7160921
4,99588673673971,-0.27457193,-0.3009372,0.27670243
10,99588680359283,0.10439348,0.09190655,0.5547881
4,99588683581471,-0.27164245,-0.30493194,0.23409186
10,99588688796627,0.13137436,0.2171731,0.47958136
4,99588693664908,-0.27217507,-0.30120352,0.22104238
10,99588700135117,0.13587523,0.21539307,0.46934938
4,99588703380429,-0.267914,-0.28309402,0.21092236
10,99588708558919,0.093598366,0.106172085,0.30841827
2,99588713676106,-29.0,3.0,18.0
10,99588720191679,0.060198784,0.09460831,0.20151186
4,99588723439075,-0.19094865,-0.24927188,0.20586236
10,99588728360742,0.057949305,0.0017147064,0.091893196
4,99588733216367,-0.17576863,-0.24261399,0.20053603
10,99588739684127,0.06485629,0.0023913383,0.030094147
4,99588742931731,-0.14913702,-0.2298308,0.19307919
10,99588748095742,0.058098078,0.2346716,0.1631012
4,99588752917825,-0.114782244,-0.20612867,0.19014971
10,99588758054700,0.028311253,0.39666986,0.16007805
4,99588761355429,-0.087085366,-0.18775286,0.18295917
10,99588767708919,0.0065004826,0.64317083,0.17862797
4,99588772525377,-0.08948222,-0.17097494,0.17470337
10,99588779248346,-0.08570337,0.6110048,0.14104748
4,99588782494804,-0.13662016,-0.15845808,0.175236
10,99588787458502,-0.1503532,0.5118904,0.15887642
4,99588792306054,-0.16271915,-0.15393071,0.17044231
10,99588799026106,-0.19318795,0.46389246,0.27826262
4,99588802274908,-0.14114754,-0.16405073,0.16937704
10,99588807283606,-0.179214,0.31202602,0.28426743
4,99588812106263,-0.10279802,-0.18722023,0.17576863
10,99588818797929,-0.13536,0.1364584,0.24012756
4,99588822046054,-0.051665325,-0.20719394,0.17576863
10,99588827076835,-0.058265924,0.18481874,0.20207214
4,99588831915065,-5.326322E-4,-0.2247708,0.16431704
10,99588838333033,0.0097436905,0.2477479,0.111637115
4,99588841541940,0.013315806,-0.22343922,0.16112125
10,99588846819179,0.04677868,0.26968384,0.0997777
4,99588851658502,0.0010652645,-0.21704763,0.17656758
10,99588856945846,0.018460512,0.28583002,-0.0353899
4,99588860170794,-0.01304949,-0.20719394,0.19094865
10,99588866607252,0.003385067,0.3537159,-0.04703474
4,99588871466262,-0.034621093,-0.22237396,0.1898834
10,99588878139283,0.0030345917,0.44203043,-0.2166729
4,99588881383502,-0.062051654,-0.2396845,0.17204021
10,99588885233398,0.045903444,0.49362135,-0.2900219
11,99588895233398,-0.438395,0.107481,-0.44273,0.774755,0.0
11,99588910182773,-0.438395,0.107481,-0.44273,0.774744,99588905556106,-0.12916331,-0.20479709,0.1912149614,99588917397877,-0.11584751,-0.20399815,0.2000034
4,99588924354283,-0.09880328,-0.2031992,0.21225394
11,99588934442669,-0.441075,0.104316,-0.434794,0.778154,0.0
4,99588929354283,-0.09347696,-0.20932446,0.21784659
4,99588941027669,-0.07669904,-0.22050974,0.22583607
10,99588944570742,-0.013435602,-0.38698196,0.02656269
4,99588944570742,-0.06924219,-0.22530343,0.23036344
4,99588949906575,-0.06098639,-0.2247708,0.23409186
4,99588954906575,-0.06791061,-0.21278657,0.23648871
4,99588965310585,-0.08042747,-0.20053603,0.23196134
10,99588973663815,0.18093562,-0.4922738,-0.13665771
4,99588975920950,-0.08948222,-0.16831179,0.21252026
10,99588982627565,0.22192955,-0.4318695,-0.25491333
4,99588984492773,-0.12330436,-0.13981596,0.19813919
10,99588990786054,0.1585586,-0.46073723,-0.40946293
4,99588992704856,-0.1504686,-0.13422333,0.19307919
10,99589001627252,0.20310688,-0.47710466,-0.37086773
4,99589003455273,-0.1933455,-0.116912775,0.1768339
10,99589010548815,0.3282025,-0.5474787,-0.20106411
4,99589012404231,-0.1984055,-0.10679276,0.16298546
4,99589021406419,-0.20026971,-0.0958738,0.14514229
4,99589023220377,-0.20426446,-0.07243799,0.11451593
10,99589030357096,0.31598878,-0.59388924,0.05470085
4,99589032176054,-0.20026971,-0.060453758,0.10279802
4,99589041182096,-0.1898834,-0.04580637,0.094808534
4,99589043070898,-0.14940333,-0.028495824,0.08362326
10,99589050091471,0.18225527,-0.57273436,0.0022349358
4,99589051898867,-0.13262543,-0.02130529,0.080960095
10,99589060971419,0.16525817,-0.5014458,-0.09263229
4,99589062902877,-0.10439592,-0.019973708,0.07057377
2,99589069890377,-24.0,26.0,17.0
4,99589072077148,-0.083090626,-0.025566347,0.045540057
10,99589080747981,0.30213618,-0.35290623,0.0014042854
4,99589082636210,-0.095074855,-0.010918961,0.026365295
10,99589089650377,0.30862784,-0.023511887,0.23884344
4,99589091462148,-0.10040118,0.011185277,0.022104237
10,99589100520950,0.25702906,0.06310272,0.31141663
4,99589102355377,-0.10972224,0.047137953,0.019441076
10,99589109430064,0.054864883,0.0376606,0.4195633
4,99589111245950,-0.1323591,0.07376956,0.016511599
10,99589120299283,0.020259142,-0.05569601,0.48348856
4,99589122115742,-0.16458336,0.07803062,0.010918961
10,99589129199856,-0.028663874,-0.17424774,0.6208782
4,99589131019023,-0.14966966,0.059388492,0.002396845
10,99589140085533,-0.05046463,-0.22042894,0.6724763
4,99589141922512,-0.091080114,0.03435478,-0.013582122
10,99589149018398,-0.056124926,-0.11954212,0.66476727
4,99589150902044,-0.041279,2.663161E-4,-0.033023197
10,99589159862148,-0.057955503,-0.02888298,0.6252656
4,99589161697773,-0.014114754,-0.020506341,-0.046871636
10,99589168759075,-0.09276581,0.077150345,0.60603285
4,99589170959960,-0.023169503,-0.040480047,-0.046072688
10,99589179631992,-0.0853827,0.17431927,0.5163703
4,99589181465481,-0.038083203,-0.04660532,-0.04474111
10,99589188541731,-0.076030254,0.23604822,0.55207634
4,99589190361054,-0.049534798,-0.047670584,-0.046339005
4,99589199413554,-0.05219796,-0.043675844,-0.045540057
4,99589201226471,-0.053263225,-0.038615838,-0.044208474
10,99589208310273,-0.12964988,0.016529083,0.63729763
4,99589210136679,-0.044208474,-0.023435818,-0.036218993
4,99589219202408,-0.034088463,-0.024501082,-0.03195793
4,99589221012721,-0.018642128,-0.02396845,-0.03009372
10,99589228085221,-0.20890546,-0.027407646,0.63904905
4,99589229894960,0.021038974,-0.03781689,-0.034088463
11,99589239098242,-0.467072,0.065049,-0.351102,0.808912,0.0
4,99589240970950,0.05139901,-0.05006743,-0.035952676
11,99589247889700,-0.467072,0.063587,-0.349335,0.809792,0.0
4,99589249712460,0.04660532,-0.046871636,-0.03488741
10,99589258744596,-0.16095352,0.22415447,0.41804075
4,99589260558814,0.046871636,-0.029028457,-0.029827405
10,99589267653033,-0.13175488,0.14620113,0.34259462
4,99589269866367,0.03781689,0.002396845,-0.017044231
10,99589278531002,-0.17153049,0.11532974,0.27306366
4,99589280395169,0.01571265,0.021571605,-0.015180019
10,99589287420950,-0.22186852,0.12813139,0.29957342
4,99589289229700,0.0314253,0.02876214,-0.019441076
4,99589298302512,0.03542004,0.026365295,-0.025033714
4,99589300137304,0.03488741,0.016511599,-0.032756884
10,99589307207512,-0.27928925,0.15022469,0.13881159
454,99589309030377,0.04261058,-0.0034621095,-0.052464273
4,99589318089804,0.049534798,-0.012250541,-0.060453758
4,99589319914283,0.054062173,-0.016245283,-0.06471482
10,99589326976575,-0.2777741,0.116270065,0.1895957
4,99589328796575,0.0644485,-0.008788432,-0.060453758
4,99589337852304,0.070307456,-0.0039947415,-0.059388492
4,99589339673866,0.07803062,-0.0018642128,-0.059921127
10,99589346752252,-0.35380232,0.2939582,0.27263737
4,99589348576523,0.0777643,-0.006924219,-0.05832323
10,99589357647877,-0.37456024,0.30263853,0.22306442
4,99589359497304,0.06178534,-0.011717909,-0.050333746
10,99589366532825,-0.3618697,0.35785627,0.21812344
4,99589368789335,0.049002163,-0.032756884,-0.039414786
10,99589377429700,-0.30241466,0.4612589,0.18774033
4,99589379271991,0.058056913,-0.04926848,-0.03222425
10,99589386308971,-0.2010541,0.4923663,0.13085651
4,99589388131627,0.06657903,-0.059921127,-0.018375812
10,99589397196158,-0.114026785,0.48280525,0.07880306
4,99589399025637,0.07137272,-0.04926848,-0.004261058
10,99589406095273,-0.07822394,0.46147776,0.040832996
4,99589407930533,0.07456851,-0.042876896,0.002130529
10,99589416960585,-0.06650782,0.39508867,0.019312382
4,99589418781262,0.07456851,-0.014913702,0.030360037
10,99589425880637,-0.033554077,0.37953424,0.014485836
4,99589427676887,0.07536746,-0.010918961,0.03914847
4,99589436736106,0.086020105,-0.0018642128,0.050866377
4,99589438551783,0.087085366,2.663161E-4,0.053263225
10,99589445646471,0.061552286,0.26011848,-0.0126791
4,99589447480064,0.082558,0.007456851,0.05566007
4,99589456531471,0.07803062,0.015446335,0.05566007
4,99589458365533,0.07137272,0.03169162,0.0628506
10,99589465432096,0.048797607,0.20194864,0.08713865
4,99589467675221,0.071106404,0.039414786,0.06950851
10,99589476301887,0.0039691925,0.07833624,0.06509876
4,99589478125116,0.07057377,0.07456851,0.09720538
10,99589486778033,-0.031241417,-0.054419518,0.11691046
4,99589486778033,0.07829694,0.08016115,0.101999074
4,99589488847616,0.08974853,0.08016115,0.10359697
10,99589497529648,-0.013382912,-0.092865944,0.2048645
4,99589497529648,0.08974853,0.08016115,0.10359697
4,99589499474752,0.11424961,0.075101145,0.09560748
10,99589507172825,-0.05202198,0.10145426,0.18308687
4,99589507172825,0.11824436,0.06657903,0.086020105
4,99589509131314,0.120907515,0.05539375,0.07350325
10,99589517798398,-0.091184616,0.3466239,0.2461381
4,99589517798398,0.120907515,0.05539375,0.07350325
4,99589519771418,0.122771725,0.041545313,0.04926848
10,99589527632148,-0.20107889,0.23640108,0.05064869
4,99589527632148,0.10279802,0.036751624,0.04527374
4,99589529569804,0.0644485,0.043409526,0.0396811
10,99589538396314,-0.22482514,0.12301254,0.10735273
4,99589538396314,0.015978966,0.0479369,0.033289514
4,99589540402668,-0.01438107,0.06178534,0.02263687
10,99589548152825,-0.31271422,-0.08735466,0.18078566
4,99589548152825,-0.029028457,0.061252706,0.009321064
4,99589550153241,-0.029827405,0.06258429,-0.002396845
10,99589558979856,-0.38949358,-0.3688693,0.21960688
4,99589563832825,-0.008522116,0.04926848,-0.020772656
10,99589568452148,-0.39889038,-0.41109848,0.33233452
4,99589573312721,0.03888215,0.009853696,-0.04314321
10,99589578827825,-0.37204373,-0.35654974,0.41042233
4,99589582742564,0.07856325,-0.023435818,-0.06764429
10,99589588487668,-0.40614712,-0.17032576,0.32377434
4,99589591942825,0.084155895,-0.042876896,-0.07243799
10,99589600020116,-0.38929617,0.07517338,0.23220253
2,99589604938085,-25.0,27.0,20.0
10,99589609139752,-0.3107859,0.29580212,0.19225502
4,99589612358450,0.033023197,-0.0018642128,-0.040480047
10,99589619800481,-0.3061992,0.39124727,0.12248707
4,99589624664491,0.014913702,0.033023197,-0.012250541
10,99589628319127,-0.33237517,0.5684767,0.16709614
4,99589631568971,0.013848438,0.043675844,-0.0018642128
10,99589639576627,-0.36012852,0.5596123,0.20176888
4,99589644452304,0.022370555,0.058589544,0.024234766
10,99589648091471,-0.43943787,0.4319229,0.118971825
4,99589651353085,0.022370555,0.077231675,0.05006743
10,99589659366731,-0.46937656,0.36496162,0.11728525
4,99589664211523,0.021571605,0.086020105,0.072171666
10,99589667856002,-0.52117574,0.27633905,0.30379725
4,99589672635950,0.03488741,0.088150635,0.07882957
10,99589677760793,-0.54106224,0.24703503,0.34088087
4,99589681603241,0.041012682,0.083889574,0.08548747
10,99589687363918,-0.5627867,0.1801219,0.26859665
4,99589692122929,0.022903185,0.08628642,0.090014845
10,99589698917252,-0.5554968,0.16004944,0.19331789
4,99589703769127,0.00958738,0.09374327,0.08868326
10,99589707414700,-0.51714313,0.040375233,0.22714758
4,99589710647043,0.008255799,0.120907515,0.083889574
10,99589718690377,-0.40595913,-0.115073204,0.24405909
4,99589723557877,0.008522116,0.15100123,0.07962852
10,99589726768085,-0.38963985,-0.15865183,0.21908998
4,99589730657564,0.023169503,0.1784318,0.060453758
10,99589738512252,-0.39262033,-0.10357332,0.30176687
4,99589743354231,0.057790596,0.18322548,0.03834952
10,99589747052408,-0.41163695,-0.105128765,0.2273283
4,99589750307460,0.05965481,0.17496969,0.018109497
10,99589758255325,-0.3640945,-0.0637784,0.14892435
4,99589763116314,0.05912218,0.15632756,-0.0058589545
10,99589766770741,-0.33146954,-0.01115942,0.096998215
4,99589771541627,0.06471482,0.15765914,-0.021038974
10,99589776659648,-0.27400517,-0.1141448,-0.028583527
2,99589780499648,-28.0,26.0,19.0
10,99589786279387,-0.20798314,-0.08437872,0.10059786
4,99589789730845,0.0793622,0.16431704,-0.048469532
10,99589797810377,-0.23084867,-0.010058403,0.14963484
4,99589802602773,0.06764429,0.1587244,-0.05885586
10,99589806272981,-0.33350778,0.10476351,0.19868469
4,99589809547095,0.051665325,0.1571265,-0.06231797
10,99589817582512,-0.32374406,0.11528206,0.33779097
4,99589822427095,0.018908445,0.16431704,-0.06098639
10,99589826092877,-0.28953147,0.0073957443,0.39709902
4,99589829313241,-0.0039947415,0.17496969,-0.054062173
10,99589837363241,-0.28271687,8.292198E-4,0.5790758
4,99589842160220,0.017576864,0.17124127,-0.04527374
10,99589845792564,-0.29424453,-0.05697584,0.56556606
4,99589849054023,0.035952676,0.15952335,-0.03781689
10,99589857141054,-0.3301891,-0.098519325,0.5204544
4,99589861935845,0.053795855,0.13688648,-0.037550572
10,99589865581366,-0.2750777,0.025749207,0.5048857
4,99589870422200,0.07190535,0.11052119,-0.050600063
10,99589875550064,-0.25633538,0.13947725,0.41719055
4,99589879379960,0.063116916,0.09960223,-0.060720075
10,99589883850168,-0.2515607,0.14904928,0.3525424
4,99589889661575,0.051665325,0.09267801,-0.05912218
10,99589897957564,-0.25443327,0.22410679,0.2851715
4,99589902813814,0.031158986,0.08442221,-0.049534798
10,99589906450064,-0.25369477,0.22061634,0.28027296
4,99589909690012,0.02263687,0.081226416,-0.04926848
10,99589915181783,-0.20820498,0.23019314,0.4287138
4,99589919947043,0.028229509,0.08548747,-0.047404267
10,99589924655950,-0.29809356,0.17144299,0.50724506
4,99589929438450,0.033023197,0.08948222,-0.0396811
10,99589936028814,-0.36214316,0.13904762,0.5324931
4,99589940798918,0.054328486,0.07856325,-0.009321064
10,99589944563866,-0.44514382,0.1163888,0.5044198
4,99589947930116,0.06258429,0.06791061,-0.009321064
10,99589955803293,-0.42541564,0.10495281,0.49459505
2,99589960642147,-29.0,24.0,18.0
10,99589964940793,-0.37731528,0.13339138,0.36012173
4,99589969715012,0.08894958,0.011984225,-0.03222425
10,99589974560168,-0.34197366,0.18042564,0.28583574
4,99589978364491,0.101200126,-2.663161E-4,-0.029294772
10,99589983360064,-0.19808614,0.36520243,0.13402224
4,99589988142668,0.079095885,-0.0055926386,-0.032756884
10,99589995384856,-0.1589911,0.42116833,0.117545605
4,99590000174179,0.025033714,0.006924219,-0.026365295
10,99590003971939,-0.06788027,0.40988016,0.106548786
4,99590007245585,0.01304949,0.025033714,-0.015446335
10,99590015171522,-0.05148673,0.2859249,0.13139582
4,99590019949700,0.0077231675,0.08548747,0.016245283
10,99590023696991,-0.123698235,0.024922848,0.25756836
4,99590027048502,0.015978966,0.09933591,0.020772656
10,99590035076262,-0.19139183,-0.008659363,0.28880835
4,99590039877460,0.044208474,0.07456851,0.007456851
10,99590043627043,-0.4203403,0.054971695,0.4021039
4,99590046873918,0.051665325,0.048469532,0.0010652645
10,99590054696054,-0.44328856,0.08569574,0.37020397
4,99590059489335,0.071106404,0.0026631611,-0.0029294773
10,99590063288710,-0.30748355,0.06753254,0.24257278
4,99590068052668,0.05486112,-0.022104237,-0.0053263223
10,99590073083502,-0.2608291,0.12388468,0.23602915
4,99590077178137,0.048469532,-0.033289514,-0.011717909
10,99590083120064,-0.21605504,0.21155834,0.21599531
4,99590086389700,0.043409526,-0.027696876,-5.326322E-4
10,99590094277200,-0.18073308,0.24930668,0.17723465
4,99590099241783,0.032756884,-0.017310547,0.026631612
10,99590102957356,-0.1907947,0.261806,0.16300726
4,99590106194439,0.02263687,0.0031957934,0.04580637
10,99590114065741,-0.20738673,0.2062192,0.15908957
4,99590118835220,0.023169503,0.025832662,0.053263225
10,99590122546679,-0.24525654,0.06722736,0.2721014
4,99590125931418,0.02130529,0.0479369,0.056991648
10,99590133800377,-0.29268217,-0.1907258,0.31588507
2,99590138612564,-30.0,24.0,18.0
10,99590142958814,-0.32958972,-0.26824427,0.29824018
4,99590146177720,0.021038974,0.039947417,0.021837922
10,99590153585793,-0.32108557,-0.22691202,0.30904055
4,99590158388554,0.011185277,0.007190535,-0.02130529
10,99590162084752,-0.2557826,-0.17904854,0.2824521
4,99590166921679,5.326322E-4,-0.01784318,-0.052464273
10,99590171965220,-0.19808507,-0.05965519,0.23565292
4,99590176071054,0.0061252704,-0.014913702,-0.056459017
10,99590182020793,-0.10880685,0.02799654,0.20543814
4,99590185301158,0.018908445,0.011717909,-0.0479369
10,99590193170220,-0.05428517,0.097708225,0.28346252
4,99590197955377,0.04181163,0.047670584,-0.03222425
10,99590202579543,-0.11566079,0.13494635,0.34411764
4,99590205839647,0.051132694,0.06498113,-0.018908445
10,99590212947512,-0.22414422,0.24331331,0.32621002
4,99590217803970,0.051665325,0.06711166,-0.015180019
10,99590222398658,-0.2642603,0.3344264,0.38866043
4,99590225638137,0.05885586,0.0479369,-0.015446335
10,99590232693085,-0.26696157,0.3173089,0.4411931
4,99590237511522,0.0644485,0.034621093,-0.0063915867
10,99590242098710,-0.24160552,0.23354244,0.36756802
4,99590245345272,0.059921127,0.043675844,0.007190535
10,99590252499595,-0.18447685,0.24345064,0.33962965
4,99590257269856,0.058589544,0.060453758,0.013315806
10,99590261888762,-0.17384839,0.24899912,0.31418085
4,99590266734179,0.06018744,0.06178534,0.020240024
10,99590271667147,-0.19574964,0.29744577,0.36239862
4,99590275464752,0.06578008,0.06551377,0.033289514
10,99590280996054,-0.22119737,0.23834276,0.32907534
4,99590284269231,0.06018744,0.068176925,0.053263225
10,99590292023866,-0.23500729,0.12945652,0.43699694
4,99590296847981,0.06711166,0.07536746,0.06684534
10,99590301447460,-0.24704528,-0.057511806,0.4018917
4,99590304698241,0.06258429,0.06977482,0.068176925
10,99590311797043,-0.27751958,-0.09095812,0.4004817
2,99590316595585,-30.0,24.0,17.0
10,99590320172512,-0.32839727,-0.05026436,0.41614628
4,99590324270741,0.05912218,0.03914847,0.04527374
10,99590331577512,-0.33652055,-0.12153816,0.32325554
4,99590336381522,0.026631612,0.012516857,0.024234766
10,99590341001783,-0.34430432,-0.16283703,0.31640244
4,99590344308449,0.0031957934,0.0037284256,7.9894834E-4
10,99590351360168,-0.33979297,-0.19806147,0.33338118
4,99590356107252,0.0055926386,-0.020506341,-0.027696876
10,99590359521418,-0.3575983,-0.17814207,0.24369383
4,99590363951887,0.014114754,-0.03195793,-0.043409526
10,99590369717772,-0.31489635,-0.07159376,0.23902035
4,99590374808658,0.04261058,-0.05486112,-0.08229168
10,99590379729179,-0.30400765,-0.04092455,0.22362995
4,99590383000793,0.04580637,-0.052464273,-0.08841695
10,99590390035637,-0.30162752,-0.013680935,0.15469503
4,99590394957720,0.044208474,-0.03488741,-0.09534117
10,99590399572876,-0.30600107,0.23287821,0.28555822
4,99590402836314,0.04873585,-0.027164243,-0.09187906
10,99590410691001,-0.33046365,0.27294397,0.32424307
4,99590415537929,0.046871636,-0.008788432,-0.07669904
10,99590420155429,-0.35346508,0.37081957,0.22165966
4,99590423392304,0.04580637,-7.9894834E-4,-0.07163903
10,99590430469856,-0.38418698,0.42584848,0.20260906
4,99590435368501,0.054062173,0.012250541,-0.050333746
10,99590439978241,-0.40613985,0.5215025,0.13029718
4,99590443224439,0.061519023,0.016777916,-0.039414786
10,99590450242929,-0.42596507,0.5169444,0.024217129
4,99590455156262,0.050866377,0.025566347,-0.0031957934
10,99590458844960,-0.3769169,0.51090574,0.0073051453
4,99590463695220,0.046339005,0.028229509,0.0058589545
10,99590468635741,-0.35993183,0.50319576,0.07463741
4,99590472726679,0.04527374,0.034088463,0.018375812
10,99590478417772,-0.3509655,0.39792585,0.09194851
4,99590481935585,0.046339005,0.0396811,0.036218993
10,99590489797824,-0.32851708,0.32899284,0.06143713
2,99590494685116,-30.0,22.0,18.0
10,99590498895793,-0.26004243,0.23100805,0.075846195
4,99590502142824,0.06471482,0.04234426,0.054062173
10,99590509597981,-0.23980868,0.2142601,0.047080517
4,99590514439908,0.06524745,0.030626353,0.0479369
10,99590519016106,-0.1902864,0.26220274,-0.05285549
4,99590522224751,0.060453758,0.014913702,0.0396811
10,99590529383554,-0.1599617,0.24352169,-0.11800432
4,99590534248189,0.047137953,0.006924219,0.03355583
10,99590538874647,0.012360215,0.26358747,-0.09109831
4,99590542112147,0.03195793,0.011451593,0.02609898
10,99590549158658,0.055290103,0.22497702,-0.122543335
4,99590554041158,0.0063915867,0.03701794,0.029827405
10,99590557694595,0.04336357,0.18543625,-0.083553314
4,99590562515585,-0.0039947415,0.05672533,0.042876896
10,99590567518449,3.401041E-4,0.18435097,-0.0068249702
4,99590571612616,0.014114754,0.072970614,0.05752428
10,99590577540481,-0.03321016,0.17011261,0.04617834
4,99590580809908,0.034621093,0.087618,0.070041135
10,99590588692824,-0.050423265,0.15449572,0.14714310,99590596048762,-0.11821389,0.15410042,0.2383852
4,99590600705689,0.07643273,0.10945592,0.08362326
10,99590608265168,-0.21714938,0.18791771,0.31485796
4,99590613009335,0.09347696,0.12037488,0.10066749
10,99590616544543,-0.34208322,0.20849419,0.362669
4,99590621180324,0.15233281,0.120907515,0.11824436
10,99590628029387,-0.3767649,0.1221199,0.55649996
4,99590632624231,0.14993598,0.11052119,0.11851067
10,99590636897564,-0.4781747,0.08849907,0.4583521
4,99590640131158,0.13901702,0.0892159,0.11158645
10,99590647766470,-0.6285082,0.19389534,0.37036705
4,99590652438241,0.14567491,0.051931642,0.12330436
10,99590656704856,-0.70134044,0.27489233,0.27994585
4,99590661308814,0.15792546,0.01917476,0.14966966
10,99590666372876,-0.5064131,0.32414007,0.27823067
2,99590671706158,-32.0,23.0,17.0
10,99590673748085,-0.30770266,0.30019808,0.22555399
4,99590680859751,0.124902256,-0.02956109,0.12410331
10,99590688796835,-0.240911,0.30807686,0.2593975
4,99590693519491,0.14088123,-0.021837922,0.15020229
10,99590697782303,-0.26047885,0.025314331,0.33150578
4,99590700877147,0.15100123,0.0055926386,0.20240025
10,99590707099699,-0.2227565,-0.19741535,0.17993355
4,99590710888189,0.17417073,0.015446335,0.20799288
10,99590713883241,-0.2395258,-0.15910673,0.28049135
4,99590720425637,0.22663501,-0.03089267,0.18109496
10,99590728334491,-0.2168845,-0.058775425,0.12162447
4,99590733115220,0.21678132,-0.07829694,0.14807177
10,99590737392303,-0.06278396,0.14714622,-0.13422298
4,99590740471262,0.14088123,-0.09667275,0.08841695
10,99590746673449,0.22097051,0.4611454,-0.12879038
4,99590751336783,0.045540057,-0.07669904,0.03834952
10,99590753322720,0.24012256,0.45396805,-0.040195465
4,99590753322720,0.045540057,-0.07669904,0.03834952
4,99590760364856,-0.047404267,-0.0026631611,0.06950851
10,99590766814126,0.05003023,0.045097828,0.19081545
4,99590770875897,-0.06524745,0.0743022,0.16325177
10,99590772913553,0.016502261,-0.088971615,0.24110126
4,99590772913553,-0.06524745,0.0743022,0.16325177
4,99590779747356,-0.018642128,0.09720538,0.17949706
10,99590787690793,0.345585,-0.5126395,0.6991353
4,99590791521678,-0.058056913,0.16964336,-0.007190535
10,99590795484178,-0.23292851,-0.8847079,0.8559327
4,99590799699074,-0.08495484,0.14114754,-0.041012682
10,99590805007147,-0.8147195,-1.0331492,1.3275905
4,99590809769647,0.025033714,0.06870956,0.014647386
10,99590814454595,-0.91489893,-1.894649,1.2008243
4,99590819245793,-0.020772656,0.054328486,0.023702133
10,99590826224595,-0.78894204,-2.024129,1.2986007
4,99590831050376,0.055127434,-0.05885586,-0.094009586
10,99590834842043,-0.627195,-1.8386383,1.4736323
4,99590838085324,0.12650016,-0.107858025,-0.14487597
10,99590845987928,-0.6347592,-1.785047,1.2147722
2,99590850764178,-35.0,24.0,17.0
10,99590855088553,-0.31039882,-1.0181837,0.969625
4,99590859842303,0.24021713,-0.21092236,-0.26525086
10,99590864936210,-0.048656344,-0.45141792,0.75818634
4,99590868730012,0.30999196,-0.1898834,-0.27137613
10,99590874006366,0.1286844,-0.1419568,0.7521324
4,99590878790116,0.30360037,-0.13928333,-0.24421188
10,99590885546418,0.13024175,-0.0142354965,0.72128105
4,99590890394908,0.20852552,0.018642128,-0.123836994
10,99590894193970,-0.032795906,0.39692783,0.66481113
4,99590897433918,0.17283916,0.04660532,-0.08628642
10,99590905375064,-0.13298893,0.5117564,0.55376005
4,99590910161783,0.066046394,0.00958738,-0.03834952
10,99590913524908,-0.36125195,0.8883848,0.27763128
4,99590917479230,0.035153728,-0.032756884,-0.051132694
10,99590925102043,-0.3417449,1.070292,0.14601469
4,99590929933345,-0.026897928,-0.16644756,-0.16964336
10,99590933632980,-0.2164458,1.5560708,-0.46824932
4,99590936866366,-0.041012682,-0.19307919,-0.20266657
10,99590944954491,-0.1848948,1.629108,-0.62478924
4,99590949750272,-0.033023197,-0.16538231,-0.19094865
10,99590953548710,0.16736734,1.6052861,-1.2355709
4,99590958299387,-0.027164243,-0.13954964,-0.17949706
10,99590963389491,0.25548506,1.7241917,-1.5648422
4,99590967211730,-0.042077947,-0.036218993,-0.21145499
10,99590972914439,0.52729416,1.9280038,-1.5415936
4,99590976356366,-0.14247912,0.08149273,-0.30040458
10,99590984509335,0.41186535,1.5960789,-1.1278338
4,99590989343866,-0.27510455,0.1603223,-0.33609092
10,99590993031835,-0.03372979,0.094484806,0.03794098
4,99590996240741,-0.22796659,0.23382555,-0.27776772
10,99591004236366,-0.0024234056,-0.5115056,0.30107403
4,99591008992460,-0.15020229,0.26391926,-0.28229508
10,99591012651418,-0.07458711,-1.2566199,0.70993996
4,99591015923710,0.03568636,0.20879184,-0.33742252
10,99591024037355,-0.35821748,-1.4157596,0.7272315
2,99591028835428,-30.0,21.0,18.0
10,99591033280116,-0.23990357,-1.0952244,0.43736982
4,99591036491105,0.32969934,0.06950851,-0.396811
10,99591042993449,0.17666948,-0.5143986,0.107963085
4,99591047812668,0.2862898,0.09081379,-0.42424157
10,99591051468605,0.39888334,0.13205814,-0.23785543
4,99591056234543,0.18402444,0.17949706,-0.3901531
10,99591062141366,0.49156857,0.4101529,-0.37307215
4,99591066994126,0.075101145,0.30466563,-0.31185618
10,99591071619595,0.56776166,0.44935465,-0.28064013
4,99591076399230,-0.002396845,0.4045342,-0.26897928
10,99591083353345,0.41486287,0.22996664,-0.13869333
4,99591088147460,-0.032490566,0.44741106,-0.26391926
10,99591091853970,0.15682316,-0.012030125,-0.0044984,99591095102564,0.0015978967,0.42051315,-0.272974
4,99591101812355,0.03834952,0.39627838,-0.27563718
4,99591105895637,0.07749799,0.36645097,-0.28016454
10,99591110209178,0.0139865875,-0.24940968,0.012773514
4,99591116030376,0.15286545,0.31505197,-0.30386668
10,99591122647303,0.108459234,-0.0118665695,0.07016659
4,99591127384022,0.19680761,0.29960564,-0.32676986
10,99591130866887,0.1629808,0.17984915,0.118402004
4,99591135515324,0.17789917,0.32037827,-0.30652985
10,99591142444803,0.09033036,0.11867809,0.073707104
4,99591147031105,0.12543489,0.3502057,-0.2609898
10,99591150500376,0.01637125,-0.021520615,0.01573801
4,99591155224387,0.098004326,0.34834146,-0.24927188
10,99591161037199,0.11398959,-0.065564156,0.07530832
4,99591165694178,0.11664646,0.33635727,-0.29001826
10,99591170358553,0.153759,-0.21870613,0.22769499
4,99591175071418,0.12543489,0.34674358,-0.3190467
10,99591181993085,0.036946535,-0.3991804,0.29794502
4,99591186635012,0.09720538,0.37444046,-0.30599722
10,99591190080949,-0.12664342,-0.4325261,0.43534184
4,99591195018032,0.06711166,0.37790257,-0.28815404
10,99591201735741,-0.32936358,-0.35626888,0.55918455
2,99591206382876,-36.0,9.0,20.0
10,99591210416574,-0.41919076,-0.36985493,0.5477166
4,99591213692720,0.062051654,0.32650355,-0.28469193
10,99591221512824,-0.46402085,-0.34033012,0.5037098
4,99591226104126,0.08894958,0.267914,-0.30679616
10,99591229575793,-0.45270145,-0.2484088,0.58775806
4,99591234235637,0.10173275,0.25353295,-0.31664985
10,99591241334699,-0.5420029,-0.075582504,0.60966873
4,99591245970897,0.11558119,0.21598236,-0.3257046
10,99591249492147,-0.6731626,0.09852219,0.5565815
4,99591254202355,0.10705908,0.19680761,-0.3190467
10,99591259909960,-0.7623557,0.21906519,0.40976572
4,99591264702095,0.06364955,0.12916331,-0.2860235
10,99591269213866,-0.71213186,0.31264067,0.43305016
4,99591273926470,0.05219796,0.10892329,-0.28176245
10,99591280837303,-0.68030024,0.32854557,0.41761732
4,99591285485064,0.043942157,0.09773801,-0.25086978
10,99591289023970,-0.69965184,0.120630264,0.57543373
4,99591293652147,0.033023197,0.10546118,-0.23196134
10,99591300289439,-0.7877244,0.02065134,0.6073699
4,99591304078032,-0.0055926386,0.14274544,-0.17443706
10,99591308863241,-1.0730283,-0.0054769516,0.8453436
4,99591313928345,5.326322E-4,0.13848437,-0.1603223
10,99591320650480,-1.2060553,0.0025405884,0.77393246
4,99591325547564,0.041279,0.07057377,-0.112918034
10,99591329229803,-1.3900058,0.20529318,0.65079737
4,99591332448970,0.034621093,0.033023197,-0.10865697
10,99591340441314,-1.3520334,0.33848763,0.5771642
4,99591344385845,-0.028229509,-0.06737798,-0.1438107
10,99591348159439,-1.2350045,0.7268629,0.51922035
4,99591352520897,-0.050866377,-0.08042747,-0.14434333
10,99591358843866,-1.2110568,0.6784382,0.5137377
4,99591362707824,-0.0958738,-0.07536746,-0.10173275
10,99591367076470,-1.1071472,0.5141034,0.45850706
4,99591371929751,-0.087884314,-0.05139901,-0.048469532
10,99591378617407,-1.0085014,0.45487738,0.4710951
2,99591382592147,-36.0,-1.0,21.0
10,99591386825428,-1.0041701,0.4539175,0.3443389
4,99591391686939,-0.007989483,-0.02130529,0.021837922
10,99591399762355,-1.0616145,0.4733262,0.27529526
4,99591404627512,0.012516857,-0.022903185,0.05965481
10,99591408367980,-1.0505059,0.55647516,0.2958188
4,99591411779282,0.025300032,-0.028495824,0.0727043
10,99591419532095,-1.0127558,0.58576584,0.25277138
4,99591424371626,0.068176925,-0.04181163,0.09720538
10,99591428013397,-0.89397585,0.59968424,-0.001897335
4,99591431341470,0.077231675,-0.054594804,0.111852765
10,99591439301001,-0.836828,0.6256108,-0.09793091
4,99591444201209,0.06258429,-0.059921127,0.10546118
10,99591447818241,-0.57799506,0.6207905,-0.0038619041
4,99591452607876,0.045540057,-0.052464273,0.10066749
10,99591457755689,-0.503338,0.54785967,0.041265488
4,99591461601001,0.025300032,-0.030360037,0.1123854
10,99591467349647,-0.42578208,0.30677176,0.18796635
4,99591472115428,0.01438107,-0.0063915867,0.13209279
10,99591478867303,-0.40779722,0.116523266,0.31769705
4,99591483723814,0.036485307,0.014913702,0.13422333
10,99591487378709,-0.38844073,-0.029222012,0.4100809
4,99591490630376,0.057790596,0.021038974,0.12942964
10,99591498636314,-0.41467547,-0.044970512,0.39543247
4,99591502727772,0.07163903,0.019973708,0.12756541
10,99591507166782,-0.41274273,0.09569836,0.4104271
4,99591510413918,0.07882957,0.009054748,0.12756541
10,99591518429959,-0.3858143,0.19524765,0.3296461
4,99591523397095,0.07483483,-0.0031957934,0.12676647
10,99591527040741,-0.33146477,0.29767036,0.25935125
4,99591530278657,0.054594804,-0.007456851,0.116912775
10,99591538195741,-0.33137965,0.3198986,0.1620636
4,99591543059230,0.03568636,-0.011717909,0.10013486
10,99591546707980,-0.2874211,0.33121777,0.15015984
4,99591551526991,0.021038974,-0.019441076,0.0892159
10,99591556623709,-0.29450393,0.30510378,0.17290258
2,99591560500272,-32.0,1.0,21.0
10,99591564233449,-0.32564592,0.29313278,0.1776948
4,99591571055636,0.0010652645,-0.02956109,0.07749799
10,99591579033814,-0.32963777,0.2637291,0.23221922
4,99591583930689,-0.01304949,-0.03914847,0.073236935
10,99591587627928,-0.32688618,0.26617622,0.233953
4,99591590837407,-0.026365295,-0.042077947,0.07137272
10,99591597525116,-0.26979363,0.17588186,0.23655796
4,99591602318970,-0.019441076,-0.03914847,0.071106404
10,99591605982876,-0.22470129,0.17591572,0.22413588
4,99591609264491,-0.004527374,-0.032756884,0.07456851
10,99591617313189,-0.19641721,0.17776346,0.10577536
4,99591622107876,-0.002130529,-0.026365295,0.07190535
10,99591625775168,-0.14472747,0.31770372,0.039443493
4,99591629049647,-0.009321064,-0.032490566,0.060453758
10,99591637121886,-0.13329816,0.46793985,-0.08781767
4,99591641930532,-0.041545313,-0.035952676,0.053795855
10,99591645553293,-0.036846876,0.5055404,-0.12856627
4,99591650324959,-0.072970614,-0.019441076,0.059921127
10,99591655449334,0.058737755,0.39694214,-0.14347553
4,99591659378345,-0.09614012,0.014114754,0.076166406
10,99591664079543,0.118584394,0.25568008,0.009749889
4,99591668862251,-0.10173275,0.033289514,0.08229168
4,99591678096886,-0.09720538,0.049801115,0.08655274
4,99591682032668,-0.06471482,0.054062173,0.095074855
10,99591686435741,0.031125784,0.21054125,0.10338926
4,99591689648605,-0.043942157,0.04474111,0.098004326
10,99591695141782,-0.14125681,0.12435007,0.026774883
4,99591699933136,-0.0479369,0.026897928,0.080960095
10,99591704626261,-0.12360752,0.24465466,0.0013713837
4,99591709457043,-0.051931642,0.017310547,0.062051654
10,99591716034699,-0.10685849,0.25212002,0.048418522
4,99591720779438,-0.06578008,0.004527374,0.038615838
10,99591724467876,-0.104686856,0.20181322,0.05999136
4,99591729245116,-0.073236935,0.0015978967,0.03834952
10,99591735815741,-0.09395182,0.16954851,0.0013809204
2,99591740586001,-32.0,4.0,19.0
10,99591744861782,-0.052262306,0.03541851,0.049322605
4,99591749684855,-0.087884314,0.016511599,0.03888215
10,99591754595376,-0.088380456,-0.0048093796,0.08073807
4,99591758397199,-0.084155895,0.020240024,0.04261058
10,99591764212303,-0.19484389,0.076404095,0.2834239
4,99591767493866,-0.061519023,0.010386328,0.046871636
10,99591775353501,-0.2054218,0.10780811,0.3236332
4,99591780107095,-0.051931642,-0.009321064,0.06098639
10,99591783909178,-0.27556837,0.06680679,0.2075324
4,99591787216626,-0.064182185,-0.015180019,0.06791061
10,99591795138345,-0.2787187,0.08154535,0.2765174
4,99591799924334,-0.06737798,-0.035153728,0.08069378
10,99591803701418,-0.23217607,0.075629234,0.27241182
4,99591806992147,-0.07084008,-0.04314321,0.08628642
10,99591814905636,-0.24562573,0.06768942,0.23524046
4,99591819686053,-0.09267801,-0.043675844,0.099069595
10,99591823422980,-0.2680596,-0.03037262,0.28981304
4,99591826798293,-0.10226539,-0.039414786,0.10279802
10,99591834684751,-0.30118155,-0.07908487,0.3671503
4,99591839528605,-0.11052119,-0.042876896,0.10439592
10,99591843337459,-0.4123565,-0.14371967,0.5480995
4,99591848121522,-0.09187906,-0.0628506,0.09267801
10,99591853058084,-0.48791432,-0.13310337,0.56727505
4,99591857155845,-0.0777643,-0.090014845,0.07350325
10,99591863098449,-0.59678566,-0.068651676,0.49478436
4,99591866346313,-0.088150635,-0.12942964,0.05832323
10,99591874246209,-0.66088057,0.010029316,0.44937325
4,99591879068188,-0.09560748,-0.16564862,0.04447479
10,99591882780480,-0.5519632,0.12443209,0.49833202
4,99591886121418,-0.10359697,-0.19228023,0.029294772
10,99591894018136,-0.5398096,0.20007563,0.4903183
4,99591898792095,-0.10279802,-0.21491711,0.020506341
10,99591903407824,-0.49948215,0.30647755,0.45882845
4,99591906630480,-0.105993815,-0.22796659,0.02876214
10,99591913794178,-0.4721384,0.25074816,0.35896683
2,99591918613709,-34.0,6.0,19.0
10,99591922953709,-0.37717986,0.17415142,0.42493343
4,99591926189855,-0.101999074,-0.20959078,0.06498113
10,99591933570845,-0.33065104,0.1264453,0.4115677
4,99591938421157,-0.10892329,-0.18961707,0.080960095
10,99591943050845,-0.33676362,0.16023397,0.4407153
4,99591947820376,-0.1123854,-0.1898834,0.0892159
10,99591952723709,-0.36564577,0.21889544,0.3125658
4,99591956522980,-0.116912775,-0.20213392,0.090014845
10,99591960860897,-0.29034054,0.25585175,0.33544588
4,99591965722720,-0.11930962,-0.2130529,0.087085366
10,99591973131053,-0.1644125,0.2000165,0.29019833
4,99591977949074,-0.11318435,-0.21198763,0.08016115
10,99591982570063,-0.073261976,0.12967157,0.24999475
4,99591985806678,-0.1073254,-0.20453078,0.07882957
10,99591992921418,-0.011098862,0.10434389,0.29318953
4,99591997759230,-0.07350325,-0.19307919,0.08229168
10,99592001468709,0.025345683,0.05138588,0.20071125
4,99592004778136,-0.057790596,-0.17496969,0.082558
10,99592012690845,0.062607765,0.09039402,0.19741869
4,99592017477147,-0.047670584,-0.1587244,0.083889574
10,99592022097824,0.0935905,0.03787756,0.21241951
4,99592025344490,-0.044208474,-0.12996227,0.09134643
10,99592032162511,0.154773,-0.009930611,0.20534372
4,99592036996730,-0.03488741,-0.098004326,0.10173275
10,99592040716574,0.14231026,-0.055620193,0.23297167
4,99592045976470,-0.03009372,-0.06578008,0.11025487
10,99592050870949,0.15165555,-0.06051588,0.18326092
4,99592054931834,-0.018109497,-0.043942157,0.11158645
10,99592060640584,0.10563898,0.048573017,0.18692589
4,99592065469647,0.0029294773,-0.027696876,0.10945592
10,99592072031886,0.04673958,-0.010529041,0.09847212
4,99592076898501,0.006657903,-0.020506341,0.1025317
10,99592081530376,0.031318784,-0.048607826,0.0955081
4,99592084778032,0.0127831735,-0.017044231,0.087085366
10,99592091805115,0.051104665,-0.056602955,0.24480534
2,99592096568761,-32.0,12.0,19.0
10,99592100197876,0.024059653,-0.06137705,0.28499746
4,99592104233605,0.039947417,-0.03169162,0.047404267
10,99592111587511,-0.0045725107,-0.026889324,0.30969572
4,99592116413397,0.028229509,-0.040480047,0.03169162
10,99592121022563,-0.015782237,-0.07825279,0.31375217
4,99592124330793,0.01304949,-0.044208474,0.024501082
10,99592131374647,-0.01843226,-0.099843025,0.28100395
4,99592136163605,0.011451593,-0.040746365,0.02263687
10,99592140742511,-0.030665994,-0.030367374,0.27948427
4,99592145635845,0.02263687,-0.03568636,0.017310547
10,99592150564855,-0.057123065,-0.014025211,0.21036386
4,99592154369230,0.021571605,-0.03222425,0.008788432
10,99592159477563,-0.06238413,0.028208256,0.21266508
4,99592163013292,0.019441076,-0.02956109,0.004261058
10,99592170902980,-0.07226527,0.07738161,0.18112469
4,99592175745480,0.01784318,-0.012516857,0.008255799
10,99592180318188,-0.1220057,0.16955471,0.18273878
4,99592183560115,0.01784318,-0.005060006,0.013848438
10,99592190679490,-0.17209423,0.17582607,0.19840193
4,99592195511834,0.021571605,0.004261058,0.026631612
10,99592200121470,-0.21821809,0.13662338,0.23514986
4,99592203359438,0.021837922,0.004261058,0.02743056
10,99592210442095,-0.23797977,0.14040518,0.27415037
4,99592215316574,0.02876214,-0.025300032,0.01917476
10,99592219894803,-0.28308272,0.17271757,0.21041965
4,99592223111157,0.033023197,-0.030360037,0.019707393
10,99592230198917,-0.23129463,0.13505745,0.2374425
4,99592235090584,0.03914847,-0.034621093,0.019973708
10,99592239701417,-0.20370793,0.113610744,0.3261881
4,99592244549751,0.038083203,-0.03701794,0.01784318
10,99592249455376,-0.21977735,0.11363983,0.35755682
4,99592253262459,0.030626353,-0.053795855,0.012516857
10,99592258378709,-0.18747365,0.16899014,0.28686714
4,99592261893449,0.027696876,-0.07829694,0.0037284256
10,99592269800272,-0.16238606,0.16442871,0.27193308
2,99592274698657,-31.0,15.0,19.0
10,99592278898084,-0.012250185,0.15037918,0.21698427
4,99592282138397,0.02609898,-0.08229168,-0.002396845
10,99592289570167,0.011080265,0.14127779,0.20769167
4,99592294417407,0.031158986,-0.06897587,-0.0034621095
10,99592299037407,0.01850462,0.16774511,0.14028549
4,99592302253657,0.043675844,-0.0561927,-0.002396845
10,99592309348240,0.026632786,0.17435646,0.110179424
4,99592314233397,0.055127434,-0.03542004,-5.326322E-4
10,99592318820167,0.036547422,0.08991146,0.105768204
4,99592322027563,0.050333746,-0.011185277,0.0061252704
10,99592329135740,0.012987852,0.09189463,0.11761427
4,99592333987095,0.053263225,0.0053263223,0.010386328
10,99592338598240,-0.030770063,0.18395853,0.1256299
4,99592343448917,0.05912218,0.0018642128,0.009054748
10,99592348377720,-0.120325565,0.2549777,0.033750057
4,99592352173917,0.051665325,-0.00479369,0.017044231
10,99592357252772,-0.08759594,0.19770765,0.014766693
4,99592362038292,0.037550572,0.0058589545,0.021837922
10,99592368688397,-0.04823661,0.07140207,0.16802883
4,99592373528553,0.03888215,0.038615838,0.026897928
10,99592378143292,-0.11581278,0.0074443817,0.2725067
4,99592381388501,0.05006743,0.051665325,0.033822145
10,99592388464751,-0.20815647,-0.0022802353,0.282197
4,99592393276678,0.06977482,0.038083203,0.03355583
10,99592396696209,-0.27833915,0.08244038,0.21913433
4,99592400651261,0.08735169,0.011984225,0.024234766
10,99592408247980,-0.1935066,0.11110163,0.16788864
4,99592413060011,0.08495484,0.004527374,0.015446335
10,99592416732303,-0.095455885,0.13712072,0.16941547
4,99592420114438,0.07563378,0.023169503,0.01571265
10,99592428022251,-0.07900691,0.14177418,0.21595049
4,99592433196886,0.07882957,0.046339005,0.026631612
10,99592437790688,-0.16217291,0.16349316,0.27616024
4,99592442570011,0.071106404,0.05752428,0.044208474
10,99592447504751,-0.25096273,0.11946297,0.296638
2,99592451377355,-31.0,16.0,22.0
10,99592454990115,-0.23975742,0.039794445,0.24816847
4,99592461114647,0.06844324,0.03488741,0.046072688
10,99592467575167,-0.16110504,-0.04743576,0.3004613
4,99592472403449,0.08974853,0.03488741,0.035952676
10,99592477020324,-0.087821245,-0.08328152,0.3132043
4,99592480255740,0.11105382,0.050600063,0.032490566
10,99592487348969,-0.085133314,-0.16078281,0.23835182
4,99592492173969,0.1272991,0.06870956,0.035153728
10,99592496792719,-0.0792855,-0.17222023,0.23642778
4,99592500042147,0.13608754,0.07163903,0.03355583
10,99592507132876,-0.042678833,-0.15791273,0.23159027
4,99592511911938,0.14913702,0.08016115,0.02396845
10,99592516529282,-0.015525222,-0.30130148,0.20076847
4,99592519765688,0.13901702,0.10173275,0.014913702
10,99592526922980,-0.014161348,-0.40613508,0.20598316
4,99592531731834,0.13342437,0.103863284,-0.0039947415
10,99592535397615,0.009015679,-0.33512545,0.27266312
4,99592540226782,0.14647387,0.08841695,-0.036218993
10,99592545233136,0.033188462,-0.31091118,0.3295188
4,99592549366157,0.1454086,0.07563378,-0.06764429
10,99592554005740,0.09304023,-0.28936577,0.3343072
4,99592559726678,0.13635385,0.07403588,-0.08362326
10,99592567926313,0.09536505,-0.3016262,0.35133266
4,99592572766522,0.123038046,0.08868326,-0.123836994
10,99592577393084,0.089790106,-0.31120396,0.34267092
4,99592580634594,0.12357068,0.09560748,-0.1587244
10,99592586709282,0.099030375,-0.43415546,0.40075636
4,99592591477667,0.13795175,0.094808534,-0.19973709
10,99592593595844,0.09424031,-0.45571136,0.44145012
4,99592599634699,0.1470065,0.09267801,-0.22290659
10,99592606258917,0.1362288,-0.42965508,0.4387102
4,99592611090532,0.17869811,0.090281166,-0.30040458
10,99592614882251,0.17622495,-0.38214636,0.48977137
4,99592618135792,0.18961707,0.094009586,-0.3222425
10,99592625991730,0.13401699,-0.3260498,0.47365904
2,99592630758917,-32.0,12.0,23.0
10,99592635082094,0.019358873,-0.23597527,0.53244257
4,99592639917771,0.2282329,0.120907515,-0.3568636
10,99592646296157,-0.06190467,-0.15082598,0.4946847
4,99592650608917,0.27670243,0.11531488,-0.3470099
10,99592652720063,-0.033186197,0.014378071,0.458776
4,99592659036990,0.29933932,0.111852765,-0.3422162
10,99592665531157,-0.020074606,0.071174145,0.39804363
4,99592670306834,0.33156356,0.10359697,-0.33289513
10,99592674105584,0.056619644,0.33625984,0.20851421
4,99592677346626,0.32810146,0.11105382,-0.32730252
10,99592685313501,0.0548234,0.38738012,0.15705347
4,99592690129751,0.32410672,0.17283916,-0.28895298
10,99592693491938,0.01798749,0.44592524,0.25831223
4,99592697467303,0.32676986,0.2034655,-0.26844665
10,99592705102042,-0.07386041,0.34245253,0.2649541
4,99592709888709,0.34514567,0.2759035,-0.19148129
10,99592713629699,-0.3531741,0.2977538,0.33019733
4,99592716866990,0.35473305,0.28682247,-0.18162759
10,99592724843136,-0.44803834,0.295609,0.28031301
4,99592729691261,0.38109836,0.2724414,-0.17736652
10,99592733487928,-0.7458154,0.25397968,0.22623205
4,99592738247615,0.37310886,0.25992453,-0.17789917
10,99592743330584,-0.7971095,0.26743174,0.251513
4,99592747155792,0.3472762,0.20985709,-0.1818939
10,99592752895376,-0.8394339,0.39695215,0.18092966
4,99592757667094,0.3190467,0.15925704,-0.17923075
10,99592764403969,-0.8184166,0.40677547,0.03979397
4,99592769160896,0.2860235,0.12996227,-0.1669802
10,99592772868344,-0.6899507,0.45714474,-0.014418125
4,99592776141938,0.2412824,0.12809806,-0.15393071
10,99592784188032,-0.6907662,0.4696474,0.0036129951
4,99592789057146,0.19281286,0.13289174,-0.14114754
10,99592792845688,-0.86417675,0.40720892,0.032099247
4,99592796052823,0.16058862,0.12676647,-0.112119086
10,99592803964646,-0.8749435,0.36750507,-0.034831047
2,99592808740584,-29.0,6.0,26.0
10,99592813108917,-0.8688786,0.3297329,0.031754017
4,99592816321521,0.1403486,0.058056913,-0.082025364
10,99592823734907,-0.8007426,0.41189098,0.020329475
4,99592828499490,0.1419465,0.025033714,-0.07882957
10,99592832125011,-0.75221527,0.48884392,-0.055233
4,99592836879698,0.12516858,0.006924219,-0.05566007
10,99592842078240,-0.69063103,0.55482006,-0.09355354
4,99592846029698,0.09560748,0.015446335,-0.016777916
10,99592851783709,-0.54651976,0.45157433,-0.1651969
4,99592855233761,0.0314253,0.048469532,0.009321064
10,99592863291105,-0.5348717,0.33942127,-0.23300028
4,99592868130115,-0.028229509,0.072171666,0.03355583
10,99592871782094,-0.70953476,0.31847763,-0.15647793
4,99592875048448,-0.04234426,0.06338324,0.07483483
10,99592883073188,-0.7423259,0.20943975,-0.08774042
4,99592887880428,-0.048469532,0.0314253,0.090281166
10,99592891540532,-0.63976276,0.07056713,-0.034234524
4,99592894785323,-0.06498113,0.011984225,0.0793622
10,99592902847459,-0.5826812,-0.026153564,-0.07683897
4,99592907659282,-0.047670584,-0.009853696,0.07590009
10,99592911339282,-0.5423343,-0.046580315,-0.13579035
4,99592914593396,-0.02956109,-0.013582122,0.088150635
10,99592922615740,-0.4455887,-0.0037927628,-0.20771217
4,99592927452094,-0.05352954,0.013315806,0.08069378
10,99592931157615,-0.35087585,0.07978773,-0.18626356
4,99592936132094,-0.13688648,0.058056913,0.055926383
10,99592941231001,-0.38580906,0.10492563,-0.027769089
4,99592945089282,-0.18935075,0.092944324,0.058589544
10,99592950661782,-0.5292295,-0.040557384,0.3010726
4,99592954104334,-0.13848437,0.10945592,0.10359697
10,99592962168188,-0.5672183,-0.33030844,0.49395943
4,99592967013501,-0.05139901,0.0892159,0.13262543
10,99592970658553,-0.45358407,-0.4237132,0.52900887
4,99592973930376,0.033289514,0.052996907,0.09827065
10,99592982006313,-0.2994423,-0.29888725,0.41066694
2,99592986774698,-28.0,4.0,28.0
10,99592990980584,-0.25285363,-0.048346043,0.28150177
4,99592994314282,0.06684534,0.028495824,0.034621093
10,99593001718865,-0.21577764,0.26696968,0.34719276
4,99593006546417,0.035153728,0.054594804,0.072171666
10,99593010202615,-0.15457428,0.37129164,0.29682255
4,99593013468500,0.00958738,0.0777643,0.094009586
10,99593021500792,-0.12404978,0.37724543,0.2229724
4,99593026238344,-0.06977482,0.11984225,0.11558119
10,99593029838084,-0.0645262,0.38663435,0.3312006
4,99593034792198,-0.0743022,0.11531488,0.108124346
10,99593039910792,-0.0117999315,0.32955265,0.33038425
4,99593043786625,-0.021571605,0.08069378,0.06791061
10,99593049537198,0.058606267,0.219769,0.28048038
4,99593052992667,-0.0037284256,0.07376956,0.055926383
10,99593061092459,0.10913229,0.19064951,0.30031586
4,99593065918865,0.036485307,0.09640643,0.014913702
10,99593069560219,0.1329571,0.16820335,0.4492278
4,99593072811573,0.041279,0.108124346,0.006657903
10,99593080824855,0.074861765,0.12828684,0.3934722
4,99593085690844,0.06551377,0.14168017,0.004527374
10,99593089418500,-0.083857775,0.16545582,0.57474613
4,99593092651886,0.08175905,0.14114754,0.006924219
10,99593100600375,-0.10426235,0.074988365,0.43227673
4,99593105431157,0.14833808,0.092944324,-0.014114754
10,99593109133188,0.09804571,0.13899183,0.26384926
4,99593112377511,0.17070863,0.0727043,-0.035153728
10,99593120410219,0.15487957,0.24615192,0.1478796
4,99593125253240,0.22770028,0.054594804,-0.09054748
10,99593128941053,0.3124385,0.60358095,-0.18074131
4,99593133848761,0.24074976,0.064182185,-0.09454222
10,99593138948709,0.36447573,0.6360183,-0.18045187
4,99593142741573,0.27084348,0.09827065,-0.08149273
10,99593148444125,0.41753602,0.59257174,-0.30935574
4,99593151878292,0.29481193,0.14833808,-0.05832323
10,99593159966417,0.43411016,0.53829813,-0.28776503
2,99593164843084,-29.0,1.0,28.0
10,99593169051834,0.18593049,0.0064811707,0.1899252
4,99593172265584,0.3850931,0.31372038,0.03488741
10,99593179762823,0.10706794,-0.18027353,0.44246292
4,99593184614750,0.61412495,0.46152583,0.18775286
10,99593188265792,-0.27523232,-1.187325,1.102148
4,99593191503292,0.67670923,0.51958275,0.2727077
10,99593199487823,-0.3904289,-1.672442,1.2070584
4,99593203443917,0.7552725,0.64714813,0.47617322
10,99593207619490,-0.80492,-1.6601424,2.1990213
4,99593212384803,0.9166601,0.67298084,0.65700185
10,99593219261105,-0.71103674,-1.2242417,1.566494
4,99593224111834,1.0583402,0.51931643,0.5305017
10,99593227737459,0.010532141,-0.18297052,0.4843979
4,99593232517875,0.7203851,0.32597092,-0.0031957934
10,99593237618188,-0.15614331,-0.273458,0.48699903
4,99593241572302,-0.11771172,0.10333065,-0.4791027
10,99593247365323,-1.1303113,-0.2019887,1.0761595
4,99593250764959,-0.6034723,-0.08468852,-0.5094627
10,99593258825011,-1.714938,-1.16218,2.0900712
4,99593263713136,-0.5174522,-0.26871297,-0.27989823
10,99593267336521,-1.1182705,-2.4691358,2.117097
4,99593270588709,-0.020240024,-0.45087317,-0.294013
10,99593278601834,-0.09544122,-2.8092518,1.445478
4,99593283457407,0.58456385,-0.60293967,-0.51771855
10,99593288053240,0.25476956,-1.6465855,0.30705452
4,99593291371886,0.96619487,-0.66552395,-0.65859973
10,99593298411000,0.02677977,0.69382524,-1.1351328
4,99593303298240,0.95660746,-0.6250439,-0.61199445
10,99593306946261,0.02806151,2.9595885,-2.2074428
4,99593310196313,0.61678815,-0.49295112,-0.5049353
10,99593318223709,0.4559282,4.4562693,-2.9300818
4,99593323117875,0.09534117,-0.27084348,-0.5107943
10,99593326801209,1.0369785,4.262846,-3.0428658
4,99593331579021,-0.47990164,-0.0061252704,-0.5800365
10,99593336703344,0.87592864,2.644541,-2.5596461
2,99593340555271,-24.0,1.0,28.0
10,99593346291625,0.50258374,0.6175761,-1.2032471
4,99593349656782,-0.4063984,0.5629923,-0.2862898
10,99593357791625,-0.014746904,-0.82565117,-0.021632671
4,99593362647980,0.17710021,0.73103774,-0.17630127
10,99593366313032,-0.5928216,-1.5344739,0.44620323
4,99593369558657,0.551807,0.79255676,-0.11558119
10,99593377571209,-1.04148,-0.90259695,0.48919964
4,99593382357198,0.67218184,0.84688526,-0.017044231
10,99593386015480,-1.207027,-0.028836727,0.050205708
4,99593389269594,0.6037386,0.979777,0.21172132
10,99593397329334,-0.9847195,0.51405716,-0.010604858
4,99593402161834,0.6490124,1.144094,0.4791027
10,99593405812302,-0.44789112,0.9457164,0.8762655
4,99593409045584,0.77631146,1.2215921,0.4146542
10,99593417098969,-0.8106263,0.5576358,2.7569294
4,99593421039177,0.20799288,1.0844392,0.06551377
10,99593424036052,-3.14498,-0.2755494,3.2309813
4,99593430686573,-0.5336975,0.6492787,-0.11371698
10,99593437122667,-5.1225834,0.41440725,4.725784
4,99593441510375,-0.59228706,-0.004261058,0.040480047
10,99593445132719,-5.4518776,-0.7532115,4.4435234
4,99593448542875,-0.41864893,-0.72917354,0.14061491
10,99593455865375,-3.7019262,-1.6993246,2.3725219
4,99593460734646,-0.011717909,-1.2205267,-0.07989483
10,99593462916313,-1.3484159,-0.85417175,0.3805442
4,99593469753136,0.22556975,-1.3006879,-0.22184132
10,99593477661938,-0.088831306,0.65238047,-1.8551579
4,99593482441469,0.27776772,-1.0064086,-0.37284255
10,99593486076157,-0.19559634,0.63275623,-1.8482518
4,99593489311573,-0.19787288,-0.62078285,-0.294013
10,99593494579698,0.60885537,3.1442735,-3.7420654
4,99593499361625,-0.7861652,-0.2793656,-0.19228023
10,99593504436938,-0.23943865,1.9221568,-3.3443842
4,99593507882667,-1.0189254,-0.16618125,-0.13102753
10,99593515809594,-0.6809697,1.1907673,-2.5818768
2,99593520636261,-23.0,1.0,28.0
10,99593525027719,-1.3332043,-0.47899485,-0.78855324
4,99593529807615,-0.7869641,-0.175236,-0.002396845
10,99593536207875,-1.523233,-0.53624964,-0.35666847
4,99593540404073,-0.3022688,-0.50360376,-0.12969595
10,99593542511729,-1.5711237,0.20595264,-0.38060904
4,99593548872354,-0.19307919,-0.60240704,-0.14434333
10,99593555372094,-1.5202718,0.65932083,-0.4910717
4,99593560186469,-0.18642128,-0.7022756,-0.05885586
10,99593563908500,-0.8406043,1.2564764,-0.44012928
4,99593567187875,-0.28202876,-0.6631271,-0.007190535
10,99593575099698,-0.64298487,1.1958046,-0.27746964
4,99593579934386,-0.65513766,-0.45167214,0.1387507
10,99593583740011,-0.50752985,0.65803385,-0.017074108
4,99593587000844,-0.73769563,-0.3832289,0.17736652
10,99593594882771,-0.6551491,0.5439215,0.051411152
4,99593599657667,-0.8199873,-0.31451932,0.2806972
10,99593603377250,-0.91796494,0.26459074,0.11550331
4,99593606764177,-0.8165252,-0.33822146,0.30013826
10,99593614658761,-0.85622025,0.25114346,0.16977644
4,99593619474490,-0.7914915,-0.47617322,0.299073
10,99593623171000,-0.49179196,0.02360773,0.24262667
4,99593627980844,-0.7680557,-0.51478904,0.30120352
10,99593633008552,-0.41545594,-0.05002308,0.24056244
4,99593637154334,-0.691623,-0.5640575,0.3358246
10,99593643105167,-0.1944859,-0.1993742,0.1604681
4,99593646370011,-0.6151902,-0.59415126,0.36565202
10,99593654246573,0.09564686,0.04241085,0.07149744
4,99593659065219,-0.5435512,-0.6079997,0.35926044
10,99593662778709,0.29006052,0.34242916,-0.10816145
4,99593666110323,-0.56459016,-0.6040049,0.3438141
10,99593674020271,0.2940445,0.37349176,-0.18212748
4,99593678803604,-0.644485,-0.5885586,0.34647727
10,99593683391677,0.39027858,0.18842316,0.22477484
4,99593686604542,-0.69348717,-0.55793226,0.37550572
10,99593693801156,0.36873627,0.052848816,0.3406992
2,99593698561677,-30.0,4.0,23.0
10,99593702905115,0.35304165,-0.29898024,0.5077019
4,99593706155011,-0.63223445,-0.49987534,0.3997405
10,99593713598292,0.38302994,-0.27166128,0.6756592
4,99593718454177,-0.515588,-0.515588,0.35100463
10,99593723072198,0.40761924,0.030958176,0.71337223
4,99593727901156,-0.41598576,-0.551807,0.2876214
10,99593732904386,0.4441266,0.27451754,0.44556808
4,99593736723031,-0.40266997,-0.5797702,0.2657835
10,99593741645844,0.5397365,0.36212158,0.22027731
4,99593746422667,-0.4250405,-0.5608617,0.28549087
10,99593753118500,0.7594354,0.34045744,0.2695017
4,99593757937615,-0.45193845,-0.4910869,0.3153183
10,99593761640844,0.9433007,0.13721609,0.2870736
4,99593764984906,-0.4612595,-0.37310886,0.33635727
10,99593772901521,1.0354795,-0.119344234,0.4476714
4,99593777718552,-0.42797,-0.26498455,0.35420042
10,99593782363813,0.9320283,-0.33595753,0.57323885
4,99593785579542,-0.38056573,-0.18508969,0.3549994
10,99593792677875,0.8500273,-0.40422487,0.5455003
4,99593797433917,-0.32730252,-0.13741912,0.33182988
10,99593802027042,0.8091588,-0.3138833,0.58900213
4,99593805266365,-0.25832662,-0.09640643,0.29028457
10,99593812449698,0.82075715,-0.274642,0.652791
4,99593817271156,-0.1736381,-0.05752428,0.26897928
10,99593821900479,0.79937124,-0.3220544,0.5836644
4,99593826696156,-0.09720538,-0.008788432,0.28202876
10,99593831671886,0.8027525,-0.40908527,0.360816
4,99593835474959,-0.039414786,0.050600063,0.2905509
10,99593839829646,0.89800596,-0.3252759,0.3215022
4,99593844715219,0.005060006,0.11771172,0.27350664
10,99593852011729,0.83411956,-0.22598505,0.30306482
4,99593856871886,0.017044231,0.16484967,0.26019084
10,99593861489594,0.66125727,-0.18080091,0.29379177
4,99593864730479,0.02876214,0.20453078,0.26045716
10,99593871786834,0.5234866,-0.2131629,0.41864157
2,99593876562511,-32.0,12.0,21.0
10,99593880161417,0.3837309,-0.31145763,0.483716
4,99593884258240,0.103863284,0.22690132,0.2412824
10,99593891564958,0.3352921,-0.5056701,0.5626445
4,99593896507146,0.11851067,0.23355924,0.1984055
10,99593900215896,0.26878476,-0.58978367,0.68964195
4,99593903475896,0.1371528,0.21491711,0.13821806
10,99593911342667,0.11485386,-0.39410877,0.7118559
4,99593915290740,0.17337179,0.15952335,0.084155895
11,99593927526573,-0.408015,0.098693,-0.441035,0.793266,0.0
4,99593929816261,0.16591494,0.06178534,0.03488741
10,99593938171521,0.23955035,-0.051015377,0.44624996
4,99593940123344,0.13262543,0.05352954,0.01438107
11,99593938171521,-0.40734,0.098278,-0.440828,0.793779,0.0
11,99593945375636,-0.406791,0.098093,-0.441029,0.793972,0.0
4,99593947268708,0.112119086,0.066046394,0.008522116
4,99593952268708,0.096939065,0.082025364,0.0015978967
4,99593959432094,0.0958738,0.08681905,0.0058589545
10,99593966989646,-0.07350004,0.105038166,0.3338561
4,99593966989646,0.09241169,0.08362326,0.010652645
4,99593968957146,0.0958738,0.082025364,0.015446335
4,99593973957146,0.11132014,0.087085366,0.018375812
4,99593980346104,0.11851067,0.0958738,0.018642128
4,99593987985011,0.11265171,0.09986854,0.01784318
4,99593989990792,0.10839066,0.10226539,0.015180019
4,99593999398396,0.112918034,0.10546118,0.011451593
4,99594002604177,0.1304949,0.10705908,0.006657903
10,99594008756886,-0.549068,-0.30927324,0.58752584
4,99594013600271,0.13768543,0.09454222,0.002130529
10,99594020290427,-0.599056,-0.5447383,0.3891635
4,99594023530063,0.124902256,0.09986854,-0.0644485
10,99594028692094,-0.46632826,-0.41308355,0.52068853
4,99594033666417,0.14354439,0.100933805,-0.1073254
10,99594038792406,-0.46557963,-0.37776232,0.46374607
4,99594042772146,0.17710021,0.11052119,-0.18056233
10,99594048543917,-0.61409676,-0.34568405,0.102808475
2,99594053387875,-34.0,14.0,22.0
10,99594059914854,-0.65952885,-0.44949722,-0.20388412
4,99594063152927,0.10679276,0.14620754,-0.2444782
10,99594068061573,-0.34962058,-1.1172771,-0.44386816
4,99594072881990,0.023435818,0.20746025,-0.29694247
10,99594079638813,-0.24501216,-1.3354383,-0.65442705
4,99594082876261,-0.10439592,0.31265512,-0.39707732
10,99594088123865,-0.05825436,-1.3548927,-0.8062854
4,99594092976261,-0.26365295,0.4215784,-0.5249091
10,99594099415844,-0.07240045,-1.2356205,-0.80595016
4,99594102634906,-0.40426785,0.49508166,-0.6263755
10,99594107595010,-0.13259578,-1.0272307,-0.8177357
4,99594112380531,-0.44661212,0.5360943,-0.680704
10,99594119181469,0.0111243725,-0.9752922,-1.1684661
4,99594122402250,-0.38429415,0.551807,-0.7368967
10,99594127622198,0.27752924,-1.096848,-1.5114703
4,99594132386156,-0.2972088,0.6087986,-0.8111989
10,99594137560271,0.6632669,-1.0220623,-1.3665442
4,99594140765792,-0.1107875,0.7036072,-0.86685896
10,99594147203240,0.59963393,-0.5576048,-0.86957455
4,99594151955167,0.13582122,0.77391464,-0.8213189
10,99594158791417,0.25188565,0.02613163,-0.7521863
4,99594162021938,0.3110572,0.80374205,-0.7342335
10,99594166929438,0.095917225,0.8031349,-0.4260664
4,99594171753188,0.3787015,0.78589886,-0.67697555
10,99594178508760,0.04558444,1.4685788,-0.0137887
4,99594181731729,0.3821636,0.73130405,-0.629305
10,99594186966417,-0.086897135,1.9108386,0.2352891
4,99594191741625,0.33635727,0.6695187,-0.5344964
10,99594198334854,-0.05511689,2.1333904,0.52531433
4,99594201542510,0.30626354,0.64555025,-0.40373522
10,99594206584698,0.1235044,2.0627527,0.726346
4,99594211359021,0.29854035,0.65886605,-0.2724414
10,99594218078604,0.16087079,1.9057212,1.191495
4,99594221355323,0.34860778,0.7438209,-0.086020105
10,99594226478865,-0.08001304,1.0289068,1.4398136
2,99594231218708,-32.0,6.0,15.0
10,99594236412667,-0.45275736,0.18300009,1.711698
4,99594239705375,0.49215218,0.937699,0.3821636
10,99594246182406,-0.8442887,-0.31280518,2.1561742
4,99594250960479,0.6673882,0.91639376,0.5888249
10,99594257599125,-1.2099404,-0.5561724,2.689231
4,99594260849542,0.8588695,0.75580513,0.77391464
10,99594263712094,-1.5666765,0.07829094,2.775422
4,99594271461260,1.0293118,0.42104578,0.8317052
10,99594279038031,-1.0992386,2.398901,1.2017393
4,99594282288760,1.1033477,0.17150758,0.49801114
10,99594286854333,-1.0607357,2.3219862,1.1219363
4,99594291672823,0.2860235,0.03834952,0.023435818
10,99594297929125,-1.5682235,2.9028943,-0.019548416
4,99594301178292,-0.7145261,-0.20053603,-0.18136127
10,99594304236938,-2.4971738,2.637138,0.72983646
4,99594311096990,-1.041296,-0.4575311,-0.103863284
10,99594318756625,-2.3212755,0.8280835,1.0562344
4,99594322007927,-1.0641992,-0.66206187,-0.03701794
10,99594326440740,-2.3660157,0.89986134,1.1350126
4,99594331197667,-0.6964166,-0.80773675,-0.10466223
10,99594336407146,-0.66946715,-1.1711054,1.3708344
4,99594339511625,-0.03914847,-0.9129316,-0.15579493
10,99594343174437,-0.81311923,-0.24454927,1.1385975
4,99594350565635,0.42370895,-1.0394318,-0.11851067
10,99594358120844,-1.3609761,0.8738766,0.12567806
4,99594361380219,0.46179214,-1.2463595,-0.010386328
10,99594365956677,-1.4445269,0.8338752,0.10858059
4,99594370724854,0.3930826,-1.3856428,0.14780544
10,99594377089542,-0.9761626,3.1538148,-0.9711418
4,99594380302979,0.103064336,-1.2591426,0.33262882
10,99594383165062,0.19699633,2.0955777,0.2858143
4,99594390136260,-0.18375812,-0.93450326,0.49348375
10,99594397756104,0.78457284,0.64295864,1.522131
4,99594400995740,-0.19094865,-0.59095544,0.6202502
10,99594403958344,0.78457284,0.64295864,1.522131
2,99594409664021,-32.0,7.0,17.0
10,99594415985010,-0.46731937,-1.4869614,1.6057777
4,99594419232927,0.42344263,-0.39920786,0.9755159
10,99594424377146,-0.57534015,-1.1016016,0.5050659
4,99594429190635,0.56911755,-0.46232477,0.99522334
10,99594434119073,-0.0037810802,-0.35652685,-0.06745148
4,99594437412927,0.7861652,-0.5219796,0.96113485
10,99594444064229,0.23608148,-0.41446686,-0.67712355
4,99594448866417,0.72677666,-0.35579833,1.0146644
10,99594454367615,1.1539433,-0.6066904,-0.8230634
4,99594457586729,0.64581656,0.036485307,1.1568772
10,99594463882927,1.4478139,-0.4980502,-0.47167778
4,99594467857458,0.66152924,0.4575311,1.205613
10,99594474121208,1.1660585,0.1423068,-1.696362
4,99594477444281,0.46046057,0.7155914,0.9510148
10,99594483661104,1.2248915,0.20081758,-1.5913491
4,99594488409906,-0.029028457,0.8029431,0.350472
10,99594494630740,0.29969275,-1.9531398,-1.1247373
4,99594497870583,-0.9648633,0.61172813,-0.10652645
10,99594503436990,-1.845387,-3.8740253,1.203701
4,99594508274281,-1.0889666,0.22876555,-0.18588865
10,99594514677406,-1.9574318,-4.5432787,2.1164074
4,99594519483083,-0.46152583,-0.15233281,-0.1304949
10,99594523311833,-0.6253787,-5.4019704,2.311823
4,99594528077354,0.29241508,-0.55766594,-0.32463935
10,99594532983292,-0.2471236,-4.196879,1.663486
4,99594536304594,0.93423694,-0.8764463,-0.6668556
10,99594542991260,-0.28737557,-0.9268222,-0.50071335
4,99594547753604,1.0415623,-0.9507485,-0.76272935
10,99594554105792,-0.09732211,2.142953,-2.5249524
4,99594557314542,0.6346313,-0.80560625,-0.66365975
10,99594562758708,0.78295493,3.8060424,-3.0777912
4,99594567512771,-0.08522116,-0.5185175,-0.53263223
10,99594573885010,1.053077,3.5887966,-2.9175272
4,99594577103135,-0.6894924,-0.18935075,-0.35420042
10,99594582549542,0.64260745,2.483449,-1.5823855
2,99594587343864,-28.0,17.0,21.0
10,99594593854073,0.054166555,0.56606007,-0.30007792
4,99594597105844,-0.66845345,0.14327806,-0.16884442
10,99594602272458,-0.6179005,-0.74760437,0.74242973
4,99594607050479,-0.3086604,0.02743056,-0.22423817
10,99594613464177,-1.1576132,-1.2092319,1.2448864
4,99594616676417,0.054594804,-0.1667139,-0.28362668
10,99594622059542,-1.3539176,-0.8819456,1.0664635
4,99594626879125,0.27510455,-0.3222425,-0.29561087
10,99594631845583,-1.0388606,-0.0727911,0.6668582
4,99594635189229,0.32357407,-0.3683152,-0.24660872
10,99594641838187,-0.49611962,0.5741358,-0.0066628456
4,99594646655323,0.23089607,-0.28682247,-0.15259913
10,99594652998031,0.0447855,0.96170616,-0.73911476
4,99594656237354,0.07856325,-0.096939065,-0.076166406
10,99594661670844,0.44569612,1.0660777,-0.9210229
4,99594666486469,-0.07590009,0.11797804,-0.038083203
10,99594672788552,0.37697148,0.88062906,-0.73095036
4,99594676007771,-0.1965413,0.27004454,-0.00479369
10,99594681382406,-0.11782956,0.67121077,-0.2719164
4,99594686149698,-0.216515,0.3054646,0.03355583
10,99594692542406,-0.56975687,0.48719978,0.11065292
4,99594695759073,-0.16724652,0.25007084,0.04580637
10,99594701158396,-0.64566875,0.29414272,0.32627344
4,99594706053187,-0.104928546,0.17124127,0.03089267
10,99594712322562,-0.5512103,0.04338646,0.13449478
4,99594715542406,-0.0628506,0.14913702,0.026631612
10,99594720935427,-0.39440107,-0.004589081,0.08717489
4,99594725750114,-0.017044231,0.18002969,0.03435478
10,99594730695323,-0.28224576,0.14184046,0.21016455
4,99594734081885,0.0015978967,0.2034655,0.044208474
10,99594740384177,-0.33444023,0.21357489,0.40360546
4,99594745273969,-0.019441076,0.18881813,0.052464273
10,99594751870583,-0.31463814,0.31162548,0.5036397
4,99594755084594,-0.060453758,0.17576863,0.047404267
10,99594760490427,-0.27476525,0.34208488,0.6394944
2,99594765443448,-29.0,13.0,22.0
10,99594771700739,-0.36704314,0.12893248,0.43366385
4,99594774936000,-0.18429075,0.15845808,0.06471482
10,99594780267562,-0.4033246,0.046044827,0.35300827
4,99594785100635,-0.20186761,0.1555286,0.066312715
10,99594791429646,-0.39793777,-0.02115345,0.651742
4,99594794671521,-0.18562233,0.114782244,0.050866377
10,99594800045010,-0.43084204,-0.061404705,0.8800354
4,99594804871989,-0.17257284,0.05832323,0.029827405
10,99594811189541,-0.5015025,-0.08451033,1.0573249
4,99594814542094,-0.16458336,-0.007989483,0.005060006
10,99594819821729,-0.5610677,0.10208845,0.8689637
4,99594824645062,-0.12623383,-0.09347696,-0.040480047
10,99594829605271,-0.5272422,0.27950764,0.461092
4,99594832971312,-0.12596752,-0.13129385,-0.06498113
10,99594839600375,-0.2833469,0.27955723,0.21159172
4,99594844470896,-0.22290659,-0.16112125,-0.1222391
10,99594850779802,-0.07652104,0.18276167,0.26210928
4,99594854068344,-0.26338664,-0.14487597,-0.116912775
10,99594859377458,-0.12690735,0.07515907,0.4021473
4,99594864290114,-0.19787288,-0.13448964,-0.077231675
10,99594870523916,-0.19472373,0.029974937,0.50292444
4,99594873741677,-0.08468852,-0.14407702,-0.052996907
10,99594879155010,-0.23618615,-0.022052765,0.62481356
4,99594884008604,-0.047137953,-0.15526229,-0.061519023
10,99594890349125,-0.28216863,0.04456234,0.6336551
4,99594893589021,0.0010652645,-0.22104238,-0.10865697
10,99594898934802,-0.36413646,0.18492699,0.51660824
4,99594903787875,-0.002130529,-0.23915187,-0.114782244
10,99594910092771,-0.31594706,0.28704882,0.42723608
4,99594913338239,-0.045540057,-0.24341293,-0.08548747
10,99594918708760,-0.16265893,0.33141804,0.37848377
4,99594923546208,-0.06098639,-0.22450449,-0.06924219
10,99594928515427,-0.099454165,0.31880665,0.3771963
4,99594931852823,-0.09241169,-0.18136127,-0.038615838
10,99594938248344,0.011210203,0.26605844,0.30341053
2,99594943110791,-31.0,12.0,22.0
10,99594949672562,0.03627515,0.21627712,0.38900423
4,99594952918916,-0.13741912,-0.076166406,0.006924219
10,99594958272719,-0.071299314,0.09580088,0.26310444
4,99594963228083,-0.09933591,-0.040746365,0.054062173
10,99594969493864,-0.09731364,0.04887438,0.15409422
4,99594972734333,-0.051931642,-0.019973708,0.081226416
10,99594977922718,-0.029006481,0.096802235,0.005451679
4,99594982895062,0.009853696,-0.0031957934,0.06338324
10,99594989224750,0.090860605,0.16438389,-0.046702385
4,99594992471000,0.04234426,0.026897928,0.03781689
10,99594997820635,0.13046622,0.20102978,-0.13503504
4,99595002592927,0.0479369,0.072970614,0.042876896
10,99595008998291,0.07915115,0.1993947,-0.09083319
4,99595012253604,0.056459017,0.11611383,0.0727043
10,99595017598812,-0.0024161339,0.10811901,-0.12367344
4,99595022387771,0.053263225,0.1603223,0.09614012
10,99595027369750,0.0032598972,-0.068526745,-0.07772112
4,99595030742041,0.04926848,0.20266657,0.08522116
10,99595037414489,0.1127305,-0.2054472,0.03641367
4,99595042704854,0.062051654,0.23196134,0.030626353
10,99595048832927,0.07545543,-0.13965273,0.18105602
4,99595052078239,0.09427591,0.26178873,-0.009321064
10,99595057285010,-0.061791897,-0.06165886,0.22756243
4,99595062050114,0.10759171,0.25699505,-0.009321064
10,99595068351416,-0.20617878,4.673004E-5,0.04716158
4,99595071604802,0.11638014,0.23595607,0.015180019
10,99595076929646,-0.13589764,-0.12925005,-0.11803627
4,99595081724802,0.1073254,0.22530343,0.027696876
10,99595088321833,-0.0011498928,-0.1531477,-0.04364586
4,99595091537510,0.09853696,0.23755397,0.024501082
10,99595096850896,-0.053963423,-0.050013065,0.013703823
4,99595101624906,0.06791061,0.2330266,0.024501082
10,99595107872666,-0.22106946,0.1382451,0.07227039
4,99595111121000,0.03089267,0.20746025,0.034621093
10,99595116485479,-0.28204572,0.21981573,0.08459425
2,99595121322823,-32.0,11.0,24.0
10,99595126279281,-0.22198737,0.018463612,-0.005320549
4,99595129695427,-0.06231797,0.15286545,0.023702133
10,99595136365479,-0.08971572,-0.13061142,0.029511929
4,99595141140635,-0.064182185,0.1603223,-0.0029294773
10,99595147453083,0.012156725,-0.240623,0.17330742
4,99595150707614,-0.02956109,0.17923075,-0.033289514
10,99595156040166,-0.009932995,-0.34223413,0.48810387
4,99595160851416,0.026897928,0.17949706,-0.048469532
10,99595167201468,-0.18002045,-0.4877982,0.6031461
4,99595170416521,0.06950851,0.1486044,-0.050600063
10,99595174268552,-0.24945223,-0.5476532,0.63666487
4,99595181354385,0.1123854,0.09454222,-0.06471482
10,99595188934646,-0.12621057,-0.42801285,0.6011429
4,99595192173135,0.14567491,0.051665325,-0.09880328
10,99595197192198,-0.13395393,-0.44080544,0.59039307
4,99595201950270,0.14247912,0.05672533,-0.13422333
10,99595208076000,0.29778934,-0.082779884,0.55576944
4,99595211355375,0.12117383,0.11265171,-0.13448964
10,99595216191781,0.28473568,-0.15601015,0.5744543
4,99595221014593,0.08149273,0.18668759,-0.12596752
10,99595225985270,0.22690737,-0.27483845,0.7016239
4,99595229078708,0.087884314,0.21065605,-0.15446335
10,99595233038291,0.12395656,-0.3299055,0.84767056
4,99595240527510,0.14594123,0.17550232,-0.20453078
10,99595248100791,0.09016597,-0.3929963,0.8722787
4,99595251363708,0.2330266,0.11265171,-0.24660872
10,99595256278864,0.205369,-0.3300233,0.76472044
4,99595261024229,0.31478566,0.07563378,-0.27164245
10,99595267304906,0.30957925,-0.09630394,0.6090245
4,99595270514437,0.3784352,0.070307456,-0.26818034
10,99595273461989,0.32394445,0.30831623,0.39594078
4,99595280235010,0.4167847,0.07590009,-0.24980451
10,99595287833916,0.30788326,0.68780804,0.1916399
4,99595291064020,0.43888897,0.08655274,-0.24074976
10,99595294001989,0.30788326,0.68780804,0.1916399
2,99595298825635,-33.0,5.0,25.0
10,99595305882823,0.5318551,1.2140522,-0.21612024
4,99595309117510,0.26631612,0.1454086,-0.25326663
10,99595314028239,0.5333369,1.4111366,-0.014365196
4,99595319772614,0.22583607,0.18056233,-0.23036344
10,99595326160583,0.2373364,1.0812321,0.04217434
4,99595330375166,0.26312032,0.32304144,-0.03888215
10,99595332490948,0.04101205,0.43240356,0.1140008
4,99595339418864,0.3073288,0.3885552,0.02743056
10,99595345767354,0.0033183098,-0.12701559,0.55045366
4,99595349007145,0.5430186,0.53982276,0.12170646
10,99595353817770,-0.199862,-0.43445683,0.89263725
4,99595358588604,0.62344605,0.5744439,0.1304949
10,99595365163448,-0.5445725,-0.17941189,1.0870938
4,99595368415166,0.88443583,0.66365975,0.20905815
10,99595373530635,-0.8273653,0.3535347,1.0423627
4,99595378372875,0.97285277,0.69055766,0.26738137
10,99595384942666,-0.78697014,0.5663347,0.88422394
4,99595388189125,1.0820423,0.78723043,0.39760995
10,99595393347927,-0.50046885,0.63947487,0.12489653
4,99595398101781,0.99948436,0.907339,0.49747851
10,99595404763552,-0.54817927,0.5040798,-0.20091534
4,99595407981416,0.813862,1.0591391,0.5888249
10,99595413160218,-1.081223,-0.20702648,-0.12989473
4,99595417910843,0.69029135,1.2764531,0.6607303
10,99595423093812,-1.0943099,-0.24785614,0.6221409
4,99595426292354,0.6583334,1.2759205,0.3584615
10,99595431798135,-2.0936027,-0.78405476,1.8921199
4,99595438322875,0.13262543,0.99495703,-0.13741912
10,99595444668395,-3.9656146,-1.7865229,2.5997753
4,99595447889020,-0.45034054,0.43116578,-0.3358246
10,99595452716416,-5.0977902,-1.6003718,3.1683383
4,99595457557197,-0.33529198,-0.30493194,-0.31292143
10,99595464106989,-4.5630665,-1.9394937,2.4041934
4,99595467327197,0.101200126,-0.8969527,-0.3304983
10,99595471702510,-2.1557302,-1.9831905,0.705266
2,99595477605427,-32.0,1.0,29.0
10,99595484162302,0.018791556,-0.7083888,-1.1113763
4,99595487406572,0.7414241,-0.9323727,-0.6460829
10,99595492385114,1.0129995,1.348208,-2.36771
4,99595497457510,0.4825648,-0.52597433,-0.6181197
10,99595503813708,0.8092036,2.9817667,-2.8412657
4,99595507049333,-0.11771172,-0.17550232,-0.4956143
10,99595511898708,-0.21738505,3.0507636,-2.9974346
4,99595516711833,-0.70653665,-0.03009372,-0.34807515
10,99595521998656,-0.8653837,2.1257396,-1.9219646
4,99595525170791,-0.85700524,-0.06764429,-0.30786142
10,99595531627979,-1.0763577,0.41649294,-1.2714753
4,99595536441260,-0.7707188,-0.14913702,-0.36618465
10,99595543146885,-1.0143435,-0.7278218,-0.6425481
4,99595546395166,-0.5044027,-0.23276028,-0.39148468
10,99595551567145,-1.063138,-1.0498633,-0.20288277
4,99595556337927,-0.16431704,-0.30519825,-0.32943302
10,99595562930843,-0.998726,-0.68460655,-0.3123603
4,99595566170739,0.058589544,-0.3616573,-0.26525086
10,99595571093447,-0.806124,0.25208092,-0.67861986
4,99595576073135,0.05219796,-0.38136467,-0.2511361
10,99595582697041,-0.58829284,1.093163,-1.0376639
4,99595585912666,-0.11824436,-0.36724994,-0.23861924
10,99595591027093,-0.4171288,1.3948855,-1.1398392
4,99595595861989,-0.3571299,-0.29694247,-0.1717739
10,99595609613291,-0.5014241,0.81114817,-0.6889105
4,99595615591833,-0.6311692,-0.15978967,-0.05273059
10,99595620849854,-0.82470286,0.50689507,-0.23352098
4,99595625088239,-0.6396913,-0.2082592,-0.047137953
10,99595630416208,-1.0694189,0.34739876,0.088786125
4,99595635085479,-0.6314355,-0.33609092,-0.068176925
10,99595641773395,-0.997851,0.40580606,0.33297014
4,99595644855739,-0.6061355,-0.46498793,-0.10040118
10,99595650065687,-0.774356,0.4572444,0.71601105
2,99595654734177,-26.0,2.0,24.0
10,99595661557510,-0.7163533,0.17584085,0.49766445
4,99595664642718,-0.55739963,-0.45699844,-0.030360037
10,99595669799958,-0.6081238,-0.1455574,0.4445572
4,99595674533708,-0.5411543,-0.40107206,-0.006924219
10,99595681337406,-0.63850284,-0.23078537,0.6406336
4,99595684439385,-0.48496163,-0.4316984,-0.009853696
10,99595689588343,-0.7827132,-0.12858152,0.69909143
4,99595694311468,-0.44767737,-0.52810484,-0.03009372
10,99595701106468,-0.7334391,0.013033867,0.49105263
4,99595704251364,-0.45886266,-0.63037026,-0.060720075
10,99595709555114,-0.46626723,0.3030615,0.4476018
4,99595715211624,-0.4889564,-0.67484504,-0.06711166
10,99595720215583,-0.23066974,0.35839796,0.076581955
4,99595723178343,-0.52464277,-0.66392606,-0.053795855
10,99595729142197,-0.09858322,0.35940266,-0.12364721
4,99595733822197,-0.59894496,-0.5659217,0.011451593
10,99595740677197,0.0047824383,0.27596378,-0.077011585
4,99595743772197,-0.60293967,-0.5161206,0.03542004
10,99595748917197,0.07358098,0.069179535,0.055849552
4,99595753596312,-0.59388494,-0.49747851,0.024501082
10,99595760454281,0.14397693,0.042418003,0.37623978
4,99595763538447,-0.5502091,-0.4910869,5.326322E-4
10,99595768685166,0.24668121,-0.12863159,0.4673481
4,99595773466937,-0.5334312,-0.49135324,-0.010120012
10,99595780237041,0.2997651,-0.1772027,0.24892807
4,99595783323968,-0.5041364,-0.46472162,-0.054594804
10,99595788474020,0.40368485,-0.0034885406,0.14399052
4,99595793154437,-0.48815745,-0.45007423,-0.066312715
10,99595800059020,0.5139053,0.23068762,0.13626957
4,99595803135843,-0.4426174,-0.4261058,-0.071106404
10,99595807922666,0.6270232,0.40595484,0.057885647
4,99595813271468,-0.40852892,-0.391751,-0.06870956
10,99595820385114,0.6537082,0.42168665,0.09732866
4,99595823719489,-0.4013384,-0.3110572,-0.059388492
10,99595828366520,0.651726,0.024141312,0.054980278
2,99595833281989,-28.0,7.0,20.0
10,99595839817249,0.6402786,-0.004916191,0.08749771
4,99595843048916,-0.3683152,-0.23915187,-0.04474111
10,99595848028656,0.5822334,0.1955986,0.383852
4,99595852873031,-0.2876214,-0.20053603,-0.045007423
10,99595859656624,0.552546,0.27648687,0.3080907
4,99595862861156,-0.25379926,-0.17417073,-0.046072688
10,99595867840010,0.500973,0.5938873,0.36008215
4,99595872683812,-0.2548645,-0.13821806,-0.03169162
10,99595879367510,0.4610114,0.6361289,0.37940216
4,99595882586312,-0.23861924,-0.088150635,0.009054748
10,99595887640218,0.40696287,0.51143694,0.4897499
4,99595892469489,-0.20639499,-0.02876214,0.06657903
10,99595899153031,0.40907693,0.2951646,0.5839429
4,99595902400062,-0.13475595,0.027164243,0.108124346
10,99595907473551,0.36949778,0.18550682,0.609252
4,99595912261885,-0.063116916,0.06098639,0.12250541
10,99595917553291,0.280756,0.14456463,0.55770683
4,99595920722874,-0.03834952,0.072171666,0.13289174
10,99595927176729,0.14355087,0.22174597,0.5562563
4,99595931998708,-0.00958738,0.06764429,0.15419704
10,99595938725531,0.14933419,0.21875858,0.6341877
4,99595941961520,0.014114754,0.07962852,0.19228023
10,99595946937666,0.20460844,-0.055769444,0.7192254
4,99595951724124,-0.008788432,0.10892329,0.23382555
10,99595958485426,0.2641306,-0.18021297,0.7972207
4,99595961724229,-0.015180019,0.12676647,0.24687503
10,99595966910479,0.25488496,-0.07325935,0.87646055
4,99595971687874,0.023169503,0.112119086,0.24181503
10,99595978264229,0.30373716,-0.03068304,0.8104243
4,99595981503031,0.04660532,0.10279802,0.23169503
10,99595986696051,0.39077306,-0.11528969,0.65658
4,99595991479906,0.021571605,0.103064336,0.20772657
10,99595998048083,0.44520283,-0.08661127,0.5281806
4,99596001364801,0.018375812,0.12650016,0.1818939
10,99596006290114,0.40702987,-0.103562355,0.526258
2,99596012035635,-31.0,9.0,17.0
10,99596017191676,0.32372236,-0.20252657,0.61836386
4,99596020445583,0.048469532,0.19760656,0.16990969
10,99596025685322,0.18828416,-0.30496025,0.633935
4,99596030509593,0.0743022,0.19947077,0.1536644
10,99596037584176,0.016450167,-0.29712725,0.57300615
4,99596040824801,0.11424961,0.18136127,0.112119086
10,99596045833604,-0.0947752,-0.29300785,0.60052586
4,99596050644072,0.1355549,0.15020229,0.061519023
10,99596057415374,-0.1607163,-0.235816,0.65173674
4,99596060650999,0.1307612,0.11158645,0.014114754
10,99596063520843,-0.27324367,-0.12089443,0.63737154
4,99596071178083,0.12969595,0.06711166,-0.016777916
10,99596078850687,-0.35936403,-0.005080223,0.6051097
4,99596082106312,0.13741912,0.034621093,-0.034621093
10,99596086612510,-0.3579631,-0.015505314,0.592947
4,99596091381103,0.13129385,0.024767399,-0.04527374
4,99596099354593,0.13448964,0.017576864,-0.05219796
10,99596102959124,-0.51290715,0.0053801537,0.63636494
4,99596109990583,0.17470337,-0.0127831735,-0.046871636
10,99596117990791,-0.6009127,0.2246399,0.45862293
4,99596121221468,0.22929817,-0.053263225,-0.03488741
10,99596123906260,-0.5482403,0.4329357,0.28384638
4,99596130254020,0.23062976,-0.076166406,-0.021571605
10,99596137492666,-0.39176035,0.50373745,0.12828875
4,99596140574541,0.1882855,-0.062051654,-0.0055926386
10,99596143296364,-0.32232833,0.48218966,0.061251163
4,99596150038187,0.14487597,-0.019973708,0.03542004
10,99596157260166,-0.3107369,0.41224575,0.02802229
4,99596160344385,0.13821806,0.02130529,0.083889574
10,99596163043083,-0.3993225,0.3643613,0.02323389
4,99596169815218,0.13182648,0.03834952,0.107858025
10,99596177032822,-0.3915379,0.27637863,0.020309925
4,99596180112093,0.11451593,0.043942157,0.10679276
10,99596182900010,-0.4011147,0.11596727,0.07537651
2,99596189609385,-30.0,10.0,16.0
10,99596195514333,-0.40896034,0.040842533,0.060440063
4,99596198610166,0.12436963,0.017310547,0.1041296
10,99596204000635,-0.35094976,0.15751934,0.015129089
4,99596209593395,0.15393071,0.0039947415,0.10226539
10,99596215892406,-0.24735665,0.21983814,-0.1724248
4,99596220027353,0.19734024,-0.0039947415,0.08575379
10,99596222010218,-0.06540537,0.23899317,-0.31607676
4,99596222010218,0.19734024,-0.0039947415,0.08575379
4,99596229154749,0.17097494,0.0058589545,0.07376956
10,99596234899020,-0.0029599667,0.28798962,-0.27578783
4,99596237994749,0.09560748,0.0396811,0.058056913
10,99596243554853,-0.11925292,0.35921812,-0.124759674
4,99596248243187,0.04926848,0.07376956,0.07563378
10,99596254727458,-0.24810338,0.2617216,-0.012042999
4,99596257811312,0.043675844,0.0958738,0.12144015
10,99596263343239,-0.26846147,0.16178083,-0.02330494
4,99596267981885,0.043942157,0.09827065,0.13422333
10,99596274498395,-0.24600291,0.15116596,-0.024933338
4,99596277582510,0.061252706,0.07989483,0.10040118
10,99596283107562,-0.2735684,0.105716705,0.023106575
4,99596287703968,0.05965481,0.054328486,0.058056913
10,99596294275687,-0.33150005,0.037621498,0.00919199
4,99596297368551,0.017310547,0.037284255,0.041279
10,99596301765322,-0.37512422,0.1022768,0.12896109
4,99596307491312,-0.019441076,0.01917476,0.047670584
10,99596314197926,-0.37424994,0.1332798,0.17008781
4,99596317560583,-0.048469532,0.01304949,0.06471482
10,99596322925635,-0.2993381,0.099589825,0.15631866
4,99596327704541,-0.04660532,0.010386328,0.07829694
10,99596334091260,-0.24324656,0.10023546,0.16964483
4,99596337312197,-0.007456851,0.014913702,0.08495484
10,99596342704072,-0.2058227,0.14157772,0.24011421
4,99596347491989,0.035153728,0.028229509,0.07989483
10,99596353874176,-0.22762871,0.20348787,0.29719257
4,99596357114280,0.060453758,0.032756884,0.077231675
10,99596362479176,-0.34401965,0.3060255,0.31295204
2,99596367286468,-31.0,11.0,20.0
10,99596373851468,-0.41213357,0.3676114,0.27085304
4,99596377090322,0.044208474,0.012516857,0.09933591
10,99596382293187,-0.35375726,0.3368683,0.28030396
4,99596387119020,0.025566347,0.023702133,0.1257012
10,99596393431103,-0.24873948,0.27442312,0.3104477
4,99596396647822,0.010918961,0.063116916,0.1571265
4,99596405960739,0.01304949,0.10359697,0.18242654
10,99596405960739,-0.20679498,0.17344284,0.32328272
4,99596409662405,0.02130529,0.11957593,0.19068234
10,99596414654905,-0.18490648,0.17535686,0.31800175
4,99596417838187,0.036485307,0.12037488,0.1949434
10,99596419839020,-0.33813536,0.09155989,0.39222193
4,99596425799905,0.062051654,0.11584751,0.18855181
10,99596431552822,-0.33523715,0.0058546066,0.3878522
4,99596434950895,0.06524745,0.09640643,0.17603496
10,99596440155530,-0.35080326,-0.07038307,0.30498457
4,99596446646103,0.06338324,0.07456851,0.16245283
10,99596452749020,-0.3659935,-0.17281342,0.3331294
4,99596455997145,0.05273059,0.051132694,0.15073492
10,99596461365374,-0.3169273,-0.22192097,0.27192068
4,99596466158916,0.047137953,0.03009372,0.12330436
10,99596472536780,-0.23566043,-0.13281679,0.31419373
4,99596475744801,0.05539375,0.0077231675,0.08229168
10,99596481131676,-0.15685797,-0.1834898,0.27325773
4,99596486029385,0.04314321,0.0029294773,0.04447479
10,99596491704489,-0.09623265,-0.2894187,0.29797697
4,99596495081364,0.032490566,0.013582122,0.016777916
10,99596500897666,-0.087441206,-0.33046436,0.33541107
4,99596506722874,0.042077947,0.020240024,0.0029294773
4,99596511728760,0.05273059,0.020240024,-0.0031957934
4,99596516082926,0.066312715,0.02396845,-0.007456851
10,99596520675166,-0.07889056,-0.3309965,0.26007032
4,99596525522874,0.086020105,0.02263687,-0.01784318
10,99596531867353,-0.031970978,-0.21548319,0.18413067
4,99596535102197,0.08628642,0.021837922,-0.035153728
10,99596540507301,-0.008440256,-0.0577693,0.0671339
2,99596545477405,-33.0,13.0,20.0
10,99596551725010,0.016529322,-0.026481628,0.041911125
4,99596554974957,0.04580637,0.040213734,-0.03888215
10,99596560241780,0.030399084,-0.003616333,0.115795135
4,99596565085010,0.03435478,0.05672533,-0.03568636
10,99596571416468,0.017047882,0.022808552,0.08268595
4,99596574631207,0.033023197,0.06391586,-0.039414786
10,99596580041624,-0.0099282265,0.008618832,0.12126684
4,99596584888135,0.038083203,0.06711166,-0.04474111
10,99596591190843,-0.048502684,0.008234978,0.17829561
4,99596594575374,0.048203215,0.055926383,-0.058589544
10,99596599798135,-0.106954336,0.07609892,0.20798445
4,99596604700322,0.043675844,0.034088463,-0.072970614
10,99596609603655,-0.15559816,0.14823008,0.18992853
4,99596612953916,0.03435478,0.025832662,-0.0727043
10,99596618475791,-0.13143086,0.22122717,0.17323256
4,99596624918968,0.0063915867,0.025033714,-0.055127434
10,99596631025895,-0.13039279,0.24517393,0.20545435
4,99596634301780,0.0034621095,0.034088463,-0.04234426
10,99596639484020,-0.15876007,0.18177223,0.16897869
4,99596644411103,0.007190535,0.041545313,-0.038615838
10,99596650554541,-0.221295,0.116089344,0.19910765
4,99596653796832,0.009321064,0.03542004,-0.045007423
10,99596659128082,-0.31680954,0.081044674,0.32194567
4,99596663990166,0.011984225,0.025300032,-0.051132694
10,99596670252562,-0.3731649,0.09107685,0.32990694
4,99596673490999,0.005060006,-0.019707393,-0.05965481
10,99596678898239,-0.38855052,0.0629859,0.36746693
4,99596683868603,-0.0053263223,-0.034621093,-0.05965481
10,99596690012926,-0.4034269,0.07459879,0.29935884
4,99596693249072,-0.031158986,-0.056991648,-0.047137953
10,99596698674853,-0.32839787,0.025657654,0.2548952
4,99596703544801,-0.030360037,-0.054328486,-0.044208474
10,99596708480843,-0.27708757,0.0151872635,0.24885607
4,99596711839332,-0.01917476,-0.04580637,-0.051132694
10,99596718217926,-0.2811805,0.041743755,0.21046925
2,99596723090843,-34.0,10.0,21.0
10,99596729631780,-0.31729567,0.063286304,0.29185677
4,99596732841312,-0.043942157,-0.05486112,-0.082558
10,99596738238707,-0.4063728,-0.0018610954,0.32744265
4,99596743193603,-0.062051654,-0.057257965,-0.072171666
10,99596749376676,-0.37284458,-0.039288998,0.35474634
4,99596752610634,-0.05539375,-0.046339005,-0.05672533
10,99596757961051,-0.31438458,-0.060507298,0.35242987
4,99596762866103,-0.029827405,-0.038083203,-0.051132694
10,99596769184489,-0.24832845,-0.061553955,0.26954365
4,99596772395947,0.0034621095,-0.025300032,-0.055926383
10,99596777786312,-0.24904776,0.041977882,0.17129374
4,99596782582614,0.041545313,-0.0058589545,-0.06338324
10,99596788954020,-0.23413682,0.07844925,0.22333193
4,99596792204593,0.03888215,0.014647386,-0.072970614
10,99596800130530,-0.33052456,0.117278576,0.29887342
64,0.0
4,99596804649489,0.00479369,0.017576864,-0.08335695
10,99596809417041,-0.33324564,0.1135993,0.2959304
4,99596813874437,-0.0039947415,0.012250541,-0.079095885
10,99596817292405,-0.48494792,0.29625034,0.40296984
4,99596821536103,-0.02396845,-0.01571265,-0.06338324
10,99596828080843,-0.40862763,0.30756664,0.28425598
4,99596832363082,-0.023435818,-0.026365295,-0.054328486
10,99596837293499,-0.28758717,0.34042215,0.24720001
4,99596841240791,-0.0015978967,-0.019707393,-0.050333746
10,99596848349124,-0.20694947,0.39503908,0.17664862
4,99596851558082,0.024234766,-0.0031957934,-0.051665325
10,99596857029489,-0.20660591,0.48866844,0.19974422
4,99596860932041,0.03914847,0.0013315806,-0.046072688
10,99596868233655,-0.25994992,0.41453314,0.25333118
4,99596871461624,0.018375812,0.0,-0.028495824
10,99596876737093,-0.2617514,0.37544107,0.32724142
4,99596880682562,0.011185277,-0.0031957934,-0.012250541
10,99596887828187,-0.22491217,0.36075592,0.3823738
4,99596891064437,0.024767399,-0.004527374,0.004527374
10,99596896464280,-0.18410635,0.29369307,0.35828066
2,99596900990374,-31.0,13.0,19.0
10,99596906203082,-0.18383169,0.19360065,0.25003815
4,99596909618812,0.037550572,0.03435478,0.043675844
10,99596916221832,-0.2002685,0.22290468,0.1458869
4,99596920301832,0.05672533,0.043675844,0.048469532
10,99596926278343,-0.23717165,0.24614716,0.16936159
4,99596929681468,0.072970614,0.041545313,0.04873585
10,99596936015426,-0.28584647,0.18495083,0.18732977
4,99596940836312,0.068176925,0.033023197,0.045540057
10,99596947176051,-0.31624067,0.15541315,0.24205637
4,99596950428447,0.050866377,0.023435818,0.041279
10,99596954199489,-0.34257686,0.18174934,0.17023039
4,99596961343030,0.024501082,0.016777916,0.045007423
10,99596968913291,-0.34475744,0.09709883,0.18049812
4,99596972151207,-0.0061252704,0.017310547,0.048469532
10,99596977068968,-0.3400315,0.1003046,0.18226433
4,99596981851832,-0.028229509,0.020506341,0.04181163
10,99596987985530,-0.22099733,-0.1540227,0.17812824
4,99596991333186,-0.026631612,0.019973708,0.026631612
10,99596996201103,-0.22033882,-0.16550684,0.26869392
4,99597000970791,-0.0029294773,0.015978966,0.013315806
10,99597005920895,-0.23748636,-0.11190176,0.25942516
4,99597009043655,0.017576864,0.005060006,0.0026631611
10,99597012414853,-0.25663996,-0.08077717,0.16365719
4,99597020503499,0.022104237,-0.0013315806,-0.011717909
10,99597028070426,-0.1939516,-0.06031847,0.24696875
4,99597031394749,0.018642128,-0.01917476,-0.032490566
10,99597036294280,-0.09387231,0.018707752,0.2941122
4,99597040374384,0.017576864,-0.025300032,-0.04580637
10,99597046307561,-0.076152325,0.1353426,0.36479473
4,99597049554801,0.020506341,-0.018642128,-0.038615838
10,99597052382509,-0.06657553,0.109006405,0.34564114
4,99597060056936,0.01784318,-0.0015978967,-0.019707393
10,99597067615009,-0.04559207,0.061383724,0.32435513
4,99597070860426,0.032490566,0.006657903,-0.007456851
10,99597073835634,-0.031226873,0.04223013,0.33632612
2,99597079599801,-34.0,11.0,20.0
10,99597087216051,-0.041029215,0.022456646,0.35787058
4,99597090467666,0.07856325,0.0034621095,-0.011451593
10,99597093396832,-0.081730604,0.16132021,0.33392859
4,99597098611468,0.0974717,-0.018642128,-0.012516857
10,99597105197926,-0.11280227,0.24803495,0.3015132
4,99597108447301,0.08974853,-0.026897928,0.0039947415
10,99597112884176,-0.05165243,0.18316841,0.3405466
4,99597118429384,0.08335695,-0.016777916,0.01438107
10,99597125355374,-0.08046126,0.03544426,0.43529034
4,99597128595843,0.07057377,0.024767399,0.050333746
10,99597132874384,-0.21976757,-0.081448555,0.42779207
4,99597138952249,0.0727043,0.03009372,0.06391586
10,99597145062874,-0.35182583,-0.13721561,0.41761065
4,99597148305322,0.09134643,0.00958738,0.082558
10,99597152940322,-0.36228454,-0.2502308,0.39746523
4,99597158668655,0.09640643,-0.0010652645,0.08175905
10,99597165055061,-0.3309301,-0.3178749,0.41354084
4,99597168279541,0.10466223,-0.010918961,0.082558
10,99597172873238,-0.28167832,-0.5410814,0.54024315
4,99597177656780,0.1123854,7.9894834E-4,0.090281166
10,99597184908811,-0.23178577,-0.5496416,0.6012497
4,99597188148811,0.20612867,0.03781689,0.11957593
10,99597191688447,-0.16293955,-0.30057,0.61988974
4,99597198894905,0.23489082,0.051665325,0.1257012
10,99597204051207,-0.11371064,-0.11920977,0.56059694
4,99597207120791,0.26711506,0.061519023,0.12037488
10,99597211647405,-0.07646775,0.30009556,0.3682227
4,99597217167561,0.29960564,0.08069378,0.11504856
10,99597223155374,-0.070426226,0.3557043,0.2121315
4,99597226827509,0.3022688,0.11771172,0.14114754
10,99597231411884,-0.0062999725,0.3201642,0.21548033
4,99597238041728,0.34408042,0.15606125,0.16964336
10,99597244112041,-0.06654954,0.37699986,0.08482885
4,99597247346363,0.3685815,0.18961707,0.1486044
10,99597251541780,-0.053332806,0.48378754,-0.09665918
2,99597258600218,-32.0,10.0,22.0
10,99597264571363,-0.13728309,0.58171034,-0.10687351
4,99597267976207,0.11451593,0.20293288,0.027164243
10,99597273912093,-0.38647187,0.6045618,0.009561539
4,99597278160843,0.014913702,0.17230652,0.0034621095
10,99597284088291,-0.3253126,0.26653576,0.1585474
4,99597287336780,0.014913702,0.15126756,-0.005060006
10,99597291706155,-0.25474834,-0.0014538765,0.16755772
4,99597296382353,0.049002163,0.13662016,-0.03834952
10,99597301921207,-0.10147905,-0.32634974,0.38171816
4,99597305161259,0.14088123,0.1257012,-0.09374327
10,99597310485895,-0.21681929,-0.41371965,0.5591426
4,99597316057353,0.23196134,0.09321064,-0.12596752
10,99597323077978,-0.3858248,-0.26913834,0.46464968
4,99597326320686,0.27696875,0.041545313,-0.12836437
10,99597330271520,-0.44149375,0.033251762,0.3043561
4,99597336929384,0.2796319,-0.0013315806,-0.119043306
10,99597341753030,-0.32179427,0.28406858,0.12739801
4,99597345606416,0.24234766,-0.028229509,-0.10359697
10,99597350247822,-0.15026987,0.45473146,0.060412407
4,99597356732093,0.20612867,-0.012516857,-0.084155895
10,99597361671884,-0.028672695,0.6301317,0.0076150894
4,99597365506832,0.21438447,0.016777916,-0.060453758
10,99597370426780,0.095084906,0.6546507,0.13380718
4,99597375320791,0.23648871,0.06018744,-0.038615838
10,99597382621728,0.12980127,0.6754923,0.11877489
4,99597386116311,0.2692456,0.124902256,-0.012250541
10,99597389583343,0.1722486,0.67744637,0.22484303
4,99597396664645,0.30280143,0.24580978,0.06578008
10,99597401856936,0.2143619,0.4365158,0.49192715
4,99597404952926,0.33182988,0.44741106,0.20586236
10,99597410473863,0.16475105,-0.36770535,1.0798922
4,99597415450999,0.34647727,0.7012103,0.44048685
10,99597421821884,-0.4116757,-1.5832658,1.5091839
4,99597425066572,0.38402784,0.86366314,0.7640609
10,99597430248551,-1.1914326,-1.9738197,1.5228524
2,99597435119957,-31.0,8.0,24.0
10,99597441670061,-1.0546546,-0.663105,0.1591363
4,99597445130061,0.93423694,0.49960902,0.5787049
10,99597448970113,-0.32492733,0.5623579,0.53087854
4,99597454579384,0.59761333,0.2958772,-0.13928333
10,99597460437040,-1.6140119,-0.1539607,-0.09374094
4,99597464467665,-0.2873551,0.03169162,-0.44474792
10,99597469883811,-2.9108489,0.41291046,0.66117287
4,99597474844124,-0.597347,-0.25406557,-0.2974751
10,99597481413863,-2.8929296,-0.47182083,1.0258498
4,99597484677405,-0.5882923,-0.55074173,-0.1555286
10,99597489779384,-1.3445202,-1.3903627,0.611321
4,99597494779905,-0.32650355,-0.7590009,-0.33156356
10,99597499878343,-0.09279764,-1.2204657,-0.059345245
4,99597502995686,-0.12410331,-0.7824367,-0.46525425
10,99597509402249,0.18741453,-0.34870577,-0.8105092
4,99597513846780,0.23382555,-0.6245113,-0.6623282
10,99597519791363,-0.05397582,0.46925068,-1.2336054
4,99597523701832,0.16964336,-0.57550913,-0.6487461
10,99597529344072,-0.41440237,1.4702077,-1.4923005
4,99597534337040,-0.16005598,-0.4708469,-0.49188587
10,99597540834176,-0.37311852,1.7124858,-1.1320205
4,99597544125843,-0.38615838,-0.37390783,-0.41598576
10,99597549027561,-0.32127404,1.1068554,-0.85127497
4,99597553945582,-0.49987534,-0.30519825,-0.391751
10,99597560441624,-0.32455683,0.56835175,-0.27211475
4,99597563662561,-0.4032026,-0.26338664,-0.3549994
10,99597568881415,-0.45700145,0.17076969,0.10905075
4,99597573195634,-0.32996565,-0.2580603,-0.32836777
10,99597579148030,-0.52893555,0.16354322,0.13794422
4,99597583138343,-0.17070863,-0.24527714,-0.2743056
10,99597588442353,-0.5306468,0.28429174,0.13455057
4,99597593922197,-0.05752428,-0.22450449,-0.22343922
10,99597599255895,-0.44701445,0.76056814,-0.11487627
4,99597602338915,-0.04873585,-0.20612867,-0.17283916
10,99597608421624,-0.41035187,0.9311075,-0.2041502
2,99597613356572,-25.0,9.0,23.0
10,99597619842092,-0.31312847,1.1071386,-0.3762474
4,99597623080686,-0.2050634,-0.076166406,-0.010120012
10,99597628064332,-0.12614799,1.0432887,-0.3819766
4,99597633459072,-0.23036344,-0.040746365,0.017044231
10,99597638909801,-0.07932353,1.0002947,-0.30516624
4,99597642921311,-0.24181503,0.0127831735,0.047670584
10,99597648275686,-0.110387325,0.89775085,-0.0743227
4,99597653197717,-0.22024342,0.036751624,0.06737798
10,99597659209697,-0.21106434,0.6768222,0.115597725
4,99597662458707,-0.20719394,0.0396811,0.105993815
10,99597667769332,-0.38170397,0.29974842,0.021046638
4,99597672743134,-0.20426446,0.034088463,0.1419465
10,99597677667926,-0.41171944,0.1283083,0.040678978
4,99597680922457,-0.15073492,0.020772656,0.15393071
10,99597686008290,-0.40195596,0.06732178,0.14743662
4,99597693081467,-0.08894958,-0.0013315806,0.15020229
10,99597698194905,-0.31114006,0.10005665,0.2509079
4,99597701728655,-0.06764429,-0.018109497,0.14407702
10,99597706109905,-0.23454046,0.2582445,0.22926569
4,99597711375113,-0.086020105,-0.0055926386,0.14940333
4,99597717539801,-0.12037488,0.0058589545,0.16245283
4,99597720762457,-0.16085494,0.026365295,0.18216023
10,99597727763915,-0.11711192,0.016263962,0.16985655
4,99597733783395,-0.22423817,0.08149273,0.22024342
10,99597738993447,-0.17010117,-0.17650223,0.17777967
4,99597743052249,-0.23169503,0.11424961,0.2330266
10,99597746275165,-0.20189857,-0.30047703,0.28516865
4,99597751009332,-0.20985709,0.10652645,0.20453078
10,99597758155738,-0.20117712,-0.2860093,0.4006238
4,99597761392874,-0.19520971,0.064182185,0.15020229
10,99597766662874,-0.23109949,-0.1621089,0.47456598
4,99597770631572,-0.19547603,0.01304949,0.10945592
10,99597777976988,-0.17590976,-0.07749605,0.59014845
4,99597781203499,-0.21704763,-0.0010652645,0.10439592
10,99597786189332,-0.11889243,-0.072472095,0.5952387
2,99597790824332,-29.0,8.0,21.0
10,99597796384592,-0.09983182,-0.07069731,0.50769806
4,99597799609540,-0.27004454,0.03009372,0.13315806
10,99597805134957,-0.16113377,-0.17000628,0.23746824
4,99597811656572,-0.26391926,0.030360037,0.12703279
10,99597817928863,-0.080343485,-0.20190716,0.26032543
4,99597821135269,-0.2314287,0.02956109,0.08974853
10,99597825725374,-0.03752756,-0.18114138,0.446692
4,99597830261259,-0.18269286,0.03568636,0.05006743
10,99597837313707,-0.16089201,-0.14745474,0.67502594
4,99597840522301,-0.1635181,0.018908445,0.026897928
10,99597844517769,-0.35075212,0.034938335,0.6288676
4,99597850035738,-0.15925704,-0.010386328,0.0018642128
10,99597856217874,-0.46019304,0.09954023,0.60724306
4,99597859439853,-0.1736381,-0.037550572,-0.021837922
10,99597864063863,-0.39315534,0.12108803,0.69343424
4,99597870864801,-0.16431704,-0.054594804,-0.048469532
10,99597878485947,-0.38018084,0.12980032,0.83204556
4,99597881755322,-0.13768543,-0.0727043,-0.056459017
10,99597886176415,-0.45860922,0.24887276,0.85272264
4,99597890791519,-0.112119086,-0.096939065,-0.056459017
10,99597895713603,-0.4985677,0.39000607,0.83386946
4,99597898818186,-0.095074855,-0.13022858,-0.06178534
10,99597902400165,-0.43871272,0.51929283,0.7117653
4,99597911140165,-0.105993815,-0.1536644,-0.060720075
4,99597925867249,-0.1257012,-0.16192019,-0.041545313
4,99597929699644,-0.124902256,-0.14061491,0.0034621095
10,99597932526884,-0.23313892,0.41840315,0.45100784
4,99597932526884,-0.124902256,-0.14061491,0.0034621095
4,99597938041311,-0.111852765,-0.1107875,0.0396811
10,99597945998759,-0.1041131,0.29732275,0.342268
4,99597949836572,-0.096939065,-0.08655274,0.046871636
10,99597951851676,-0.0035619736,0.26859903,0.41410017
4,99597951851676,-0.096939065,-0.08655274,0.046871636
4,99597957826363,-0.091080114,-0.07962852,0.043409526
10,99597965774072,-0.0030021667,0.2545333,0.16880608
2,99597970150426,-30.0,6.0,22.0
10,99597972182040,0.016153336,0.19705391,0.013166428
4,99597979122561,-0.06924219,-0.059388492,0.047670584
10,99597985658863,0.09360099,0.060095787,-0.07672787
4,99597989917926,-0.054062173,-0.030626353,0.038615838
10,99597994309176,0.19289374,-0.04336214,-0.058976173
4,99597999129644,-0.05352954,-0.023169503,0.027963191
10,99598004225790,0.25365233,-0.061248302,-0.12797785
4,99598008026155,-0.027963191,-0.016777916,-0.01917476
10,99598012938863,0.20563602,-0.051939964,-0.100072384
4,99598017728082,-0.022370555,-0.02263687,-0.0314253
10,99598025245947,0.21026325,-0.07982206,-0.1780405
4,99598029994488,-0.031158986,-0.046339005,-0.062051654
10,99598033838342,0.3078344,-0.06971502,-0.1907425
4,99598037092509,-0.03542004,-0.053795855,-0.072970614
10,99598045008707,0.36604404,-0.03155899,-0.14313841
4,99598049822353,-0.05352954,-0.05139901,-0.09454222
10,99598053629801,0.49829412,0.06395388,-0.08515549
4,99598056873342,-0.05885586,-0.04474111,-0.09454222
10,99598064804488,0.49128008,0.087798595,-0.12737751
4,99598069586519,-0.09773801,0.017576864,-0.07137272
10,99598073316051,0.36292887,-0.061902046,-0.09031725
4,99598076525374,-0.11504856,0.043942157,-0.05752428
10,99598084591311,0.26024246,-0.10522127,-0.018308163
4,99598089418551,-0.12516858,0.08948222,-0.022104237
10,99598093145582,-0.055897236,-0.20649481,0.25930214
4,99598097885061,-0.11824436,0.08948222,-0.019441076
10,99598103008707,-0.13088465,-0.2695384,0.31994867
4,99598106854071,-0.10013486,0.07163903,-0.023169503
10,99598112605061,-0.284122,-0.312315,0.45081758
4,99598116031832,-0.07989483,0.041279,-0.0396811
10,99598124119957,-0.4175743,-0.2159028,0.49868727
4,99598128890478,-0.06764429,-0.03222425,-0.05912218
10,99598132521363,-0.51381326,0.039469242,0.4336791
4,99598135789592,-0.066046394,-0.049801115,-0.06498113
10,99598143893967,-0.49682665,0.08523035,0.44530487
2,99598148693394,-32.0,7.0,24.0
10,99598153035426,-0.4849069,0.12430096,0.48711777
4,99598156245686,-0.11584751,-0.06737798,-0.06498113
10,99598163664124,-0.55363965,0.17007113,0.42539978
4,99598168473759,-0.13608754,-0.064182185,-0.052464273
10,99598172105738,-0.7179545,0.16972256,0.5394707
4,99598175342509,-0.13635385,-0.07829694,-0.042077947
10,99598183467821,-0.71651924,0.13382435,0.55801153
4,99598187383030,-0.124902256,-0.11424961,-0.037284255
10,99598191725946,-0.72150934,0.14544296,0.53364515
4,99598196482040,-0.10972224,-0.14301175,-0.042077947
10,99598201847092,-0.6648444,0.28714037,0.51340866
4,99598205710374,-0.07563378,-0.1536644,-0.034621093
10,99598211477665,-0.62385225,0.3097682,0.4510517
4,99598214931676,-0.06524745,-0.14221281,-0.013315806
10,99598223004436,-0.55782866,0.32221222,0.38047838
4,99598227755530,-0.064182185,-0.12543489,-2.663161E-4
10,99598231415582,-0.47129762,0.42064428,0.3786564
4,99598234684019,-0.04447479,-0.11345066,0.006924219
10,99598242804644,-0.39385176,0.41810656,0.2564988
4,99598247701051,-0.029028457,-0.103064336,0.013582122
10,99598251339905,-0.2567041,0.4337206,0.1907711
4,99598254575894,-0.009853696,-0.08016115,0.028229509
10,99598262576519,-0.11622739,0.42445803,0.19552565
4,99598267444436,0.016245283,-0.03089267,0.052996907
10,99598271084488,-0.0129776,0.29486847,0.1768012
4,99598274437405,0.043409526,0.03355583,0.092145376
10,99598282364592,0.017910957,0.14327621,0.2198081
4,99598287148759,0.08548747,0.096939065,0.13289174
10,99598290801780,-0.008259296,2.1314621E-4,0.25416803
4,99598295689436,0.11371698,0.13901702,0.1520665
10,99598300776832,-0.07697415,-0.054968357,0.15419722
4,99598304667821,0.1355549,0.14647387,0.14940333
10,99598310363446,-0.165308,-0.034798145,0.114486694
4,99598313816467,0.14460965,0.13022858,0.13422333
10,99598321913551,-0.15973544,0.0058932304,0.0049619675
2,99598326752665,-31.0,7.0,23.0
10,99598330941571,-0.04632044,0.063434124,-0.062075615
4,99598334309801,0.10013486,0.088150635,0.07376956
10,99598341697613,0.010597467,-0.005089283,-0.02630186
4,99598346487926,0.060720075,0.10439592,0.064182185
10,99598350136207,0.057269573,-0.13589525,0.033823013
4,99598353404071,0.037284255,0.12863068,0.06764429
10,99598361475582,-0.060525894,-0.30974865,0.124256134
4,99598366263603,0.03435478,0.13848437,0.06924219
10,99598369910061,-0.14976192,-0.4157691,0.22919226
4,99598373182092,0.047137953,0.114782244,0.056991648
10,99598381225790,-0.23029423,-0.34118176,0.31143904
4,99598386131832,0.062051654,0.07590009,0.025832662
10,99598389777769,-0.2599976,-0.20194387,0.34228182
4,99598394615217,0.04660532,0.030626353,-0.0013315806
10,99598399700321,-0.2043438,-0.05400133,0.29985905
4,99598403520738,0.009054748,0.0031957934,-0.01917476
10,99598409241363,-0.1266017,-4.172325E-4,0.3274169
4,99598412702769,-0.007456851,-0.005060006,-0.02396845
10,99598420783290,-0.053265095,0.08085346,0.4001994
4,99598425638238,-0.06657903,0.007456851,-0.018375812
10,99598429322353,-0.05084753,0.097504616,0.47049856
4,99598432541363,-0.07084008,0.0077231675,-0.008255799
10,99598440566936,-0.10636783,0.076945305,0.4599285
4,99598445399019,-0.037550572,0.01784318,0.015180019
10,99598448664228,-0.13351774,0.064600945,0.5405836
4,99598452619957,-0.024234766,0.017310547,0.013848438
10,99598460338342,-0.17678618,0.034426212,0.51452637
4,99598465202248,0.015446335,0.018375812,0.015180019
10,99598468849748,-0.26260734,0.014373302,0.53178215
4,99598472075373,0.032756884,0.018908445,0.014647386
10,99598480098759,-0.2999636,0.03959322,0.550827
4,99598485061311,0.0777643,0.002396845,0.002130529
10,99598488737196,-0.42448497,0.1969943,0.43168974
4,99598493643603,0.07749799,-0.011717909,-0.002396845
10,99598498750842,-0.4556346,0.24419785,0.3444128
2,99598502564384,-32.0,6.0,23.0
10,99598508250269,-0.381415,0.39265823,0.17728376
4,99598511593342,0.051132694,-0.032490566,-0.015180019
10,99598519690946,-0.3555764,0.38596344,0.19279432
4,99598524530113,0.047404267,0.0026631611,-0.008522116
10,99598528134384,-0.30152714,0.3696227,0.2507081
4,99598531413394,0.0479369,0.017310547,-0.0039947415
10,99598539463603,-0.3354169,0.35359812,0.28640175
4,99598544307613,0.051931642,0.043675844,0.020506341
10,99598547985582,-0.42606163,0.32589006,0.28307295
4,99598551232978,0.059388492,0.048469532,0.03089267
10,99598558113863,-0.45475745,0.27896452,0.30293894
4,99598563062144,0.07190535,0.051132694,0.049002163
10,99598566730894,-0.42795563,0.33399487,0.24499702
4,99598571491571,0.087085366,0.0561927,0.04580637
10,99598578989019,-0.37744403,0.4211135,0.25747156
4,99598583988759,0.083889574,0.06391586,0.033023197
10,99598587652561,-0.42022443,0.4276452,0.25644636
4,99598592499019,0.044208474,0.064182185,0.03568636
10,99598597606467,-0.42387414,0.41728926,0.2767167
4,99598601397040,0.008522116,0.076965354,0.048203215
10,99598607162717,-0.46303916,0.3762188,0.4092021
4,99598610479748,-0.0013315806,0.08655274,0.07882957
10,99598618537925,-0.48006165,0.11264849,0.4357128
4,99598623390582,0.01784318,0.08681905,0.10839066
10,99598627000009,-0.4931513,-0.089099884,0.31046915
4,99598630266884,0.05219796,0.07243799,0.1073254
10,99598638314384,-0.4918257,-0.05190754,0.25719976
4,99598643221571,0.08841695,0.041012682,0.08229168
10,99598646862040,-0.43773496,0.14173555,0.213233
4,99598650100530,0.10652645,0.009321064,0.05832323
10,99598658098550,-0.40169525,0.36510086,0.20967293
4,99598662998082,0.076166406,-0.0026631611,0.056459017
10,99598666663134,-0.3514502,0.37343073,0.21634054
4,99598669911155,0.013315806,0.016777916,0.073236935
10,99598677872248,-0.35955787,0.23180723,0.29238605
2,99598682678863,-31.0,8.0,22.0
10,99598686873603,-0.45446575,-0.0036354065,0.31905556
4,99598691647092,-0.05885586,0.054328486,0.107858025
10,99598696705790,-0.531914,-0.102039814,0.30304003
4,99598700513290,-0.030626353,0.025832662,0.090281166
10,99598706103394,-0.559103,-0.056952,0.24034214
4,99598709382717,0.0055926386,-0.02956109,0.054328486
10,99598717441155,-0.44582498,0.11146736,0.09254503
4,99598722272144,0.025033714,-0.07590009,0.010918961
10,99598725930582,-0.30325913,0.28061485,-0.019070148
4,99598729168446,0.0053263223,-0.076965354,-0.016777916
10,99598737234905,-0.16221511,0.28554106,-0.042992115
4,99598742073394,-0.03781689,-0.036485307,-0.021571605
10,99598745699123,-0.15838921,0.1762228,0.13380432
4,99598748965373,-0.07643273,0.0061252704,-0.004261058
10,99598756990686,-0.3021102,0.010365486,0.26447916
4,99598761850269,-0.105727494,0.01784318,0.009054748
10,99598765515425,-0.47055638,-0.0104599,0.307549
4,99598768751467,-0.10679276,-0.012516857,-0.0037284256
10,99598776777561,-0.521415,0.06814718,0.3125286
4,99598781654957,-0.09427591,-0.063116916,-0.03435478
10,99598785284123,-0.42811167,0.18685865,0.09868336
4,99598790098030,-0.105993815,-0.09614012,-0.063116916
10,99598795247769,-0.29167938,0.26496696,-0.029754639
4,99598799064696,-0.12357068,-0.09081379,-0.0743022
10,99598803133446,-0.16955817,0.2673607,0.00615263
4,99598809723967,-0.13315806,-0.055127434,-0.06578008
10,99598817645165,-0.18701375,0.15881729,-0.013637066
4,99598822414852,-0.13688648,-0.032490566,-0.045007423
10,99598826074280,-0.19307339,0.16786242,-0.0019907951
4,99598829323759,-0.13209279,-0.051132694,-0.039947417
10,99598836129957,-0.15359354,0.14749241,0.10307217
4,99598840965113,-0.14088123,-0.080960095,-0.047137953
10,99598844683759,-0.06450653,0.21053696,0.13453197
4,99598847932509,-0.14327806,-0.0958738,-0.04527374
10,99598855913238,-0.005636692,0.32776642,0.017128468
2,99598860701832,-30.0,11.0,22.0
10,99598862942873,0.116470575,0.5001569,-0.006808758
4,99598868907717,-0.13821806,-0.09933591,-0.017310547
10,99598875491884,0.2114973,0.600646,-0.06436443
4,99598880301571,-0.14008227,-0.08628642,0.008255799
10,99598884042196,0.30039024,0.5990076,-0.14764214
4,99598887763030,-0.13422333,-0.08841695,0.014114754
10,99598894054488,0.35372114,0.64249706,-0.118852615
4,99598894054488,-0.12117383,-0.080960095,0.020240024
4,99598899865061,-0.082025364,-0.05832323,0.04660532
10,99598903147873,0.4487872,0.44320726,-0.21352148
4,99598907146884,-0.064182185,-0.03009372,0.070041135
10,99598913652717,0.41698265,0.31799316,-0.28358507
4,99598917753394,-0.0396811,0.036218993,0.10972224
10,99598922267248,0.33762503,0.18952179,-0.04346609
4,99598926921623,0.0029294773,0.08069378,0.12144015
10,99598934825061,0.29541588,0.17355156,-0.00674057
4,99598939607196,0.03542004,0.07643273,0.10146644
10,99598943334332,0.04200387,0.02852726,0.07007694
4,99598946693550,0.020772656,0.07456851,0.096939065
10,99598954608498,0.008643866,-0.08011103,0.09722805
4,99598959384384,-0.02396845,0.07350325,0.094009586
10,99598963181050,0.011200428,-0.3013034,0.25389624
4,99598966460894,-0.024501082,0.0793622,0.092944324
10,99598974374852,-0.01682496,-0.3680296,0.30643225
4,99598979133394,-0.017576864,0.10173275,0.088150635
10,99598982843238,-0.08919358,-0.64965534,0.2898283
4,99598987658915,-0.026631612,0.10945592,0.080960095
10,99598992771884,-0.12183404,-0.67688274,0.29499674
4,99598996822613,-0.04447479,0.104928546,0.050866377
10,99599002776519,-0.18667352,-0.6533365,0.3442006
4,99599006052092,-0.045540057,0.0777643,0.0039947415
10,99599013909696,-0.2767502,-0.6235223,0.39839792
4,99599018700998,-0.054328486,0.03888215,-0.040213734
10,99599022471154,-0.19827116,-0.5729294,0.39868784
4,99599025783082,-0.0644485,0.011451593,-0.079095885
10,99599032309071,-0.17306292,-0.53732777,0.4263549
2,99599037093654,-34.0,10.0,22.0
10,99599041046988,-0.12707281,-0.42824173,0.45423365
4,99599046392821,-0.063116916,0.019707393,-0.10945592
10,99599053484540,-0.17665863,-0.26075983,0.5331068
4,99599058270842,-0.053795855,0.026365295,-0.104928546
10,99599062887873,-0.33483982,9.741783E-4,0.6121936
4,99599066148342,-0.040213734,0.019441076,-0.09960223
10,99599073236050,-0.3820095,0.031649113,0.65611506
4,99599078018707,-0.02743056,-0.002396845,-0.09347696
10,99599082648550,-0.47705972,0.08533764,0.69182014
4,99599087475165,-0.015978966,-0.021571605,-0.08069378
10,99599092377561,-0.5029224,0.08121538,0.6218748
4,99599096190946,-0.016777916,-0.033822145,-0.07137272
10,99599101671050,-0.4955765,0.15572548,0.69525576
4,99599104953029,-0.007989483,-0.036751624,-0.059921127
10,99599112788446,-0.5399915,0.17964411,0.7009592
4,99599117562977,-0.002396845,-0.033023197,-0.041012682
10,99599122161467,-0.61383104,0.22754669,0.6486974
4,99599125399957,0.004527374,-0.033289514,-0.026897928
10,99599132567717,-0.6787319,0.24676657,0.62224054
4,99599137338811,0.008788432,-0.043675844,-0.02609898
10,99599141963446,-0.68383384,0.21809578,0.5981965
4,99599145202352,0.007190535,-0.061519023,-0.03781689
10,99599152347925,-0.70485127,0.2370305,0.62941885
4,99599157149436,0.008255799,-0.087618,-0.04527374
10,99599161770113,-0.72083366,0.25101948,0.6132908
4,99599165009279,0.018109497,-0.11930962,-0.038083203
10,99599172174592,-0.59386206,0.30793524,0.45195627
4,99599176941259,0.03488741,-0.12996227,-0.03089267
10,99599181563186,-0.43076992,0.36881256,0.31917667
4,99599186325321,0.042876896,-0.11531488,-0.022370555
10,99599191222665,-0.30608475,0.4195714,0.23611307
4,99599195149071,0.04474111,-0.0743022,-0.007190535
10,99599200628550,-0.25527894,0.40551662,0.29322672
4,99599203907144,0.043409526,-0.033289514,0.018642128
10,99599211711259,-0.29554474,0.2922306,0.24010038
2,99599216534592,-34.0,8.0,23.0
10,99599220764644,-0.3244263,0.28226662,0.2554245
4,99599224067300,0.08735169,-2.663161E-4,0.05885586
10,99599231479956,-0.28687704,0.2683916,0.24453735
4,99599236273967,0.1123854,-0.0013315806,0.06098639
10,99599240874852,-0.2518276,0.28164816,0.16728973
4,99599244261363,0.12330436,0.0053263223,0.057790596
10,99599251247196,-0.1860137,0.24146843,0.125247
4,99599256065998,0.11744541,0.0127831735,0.06231797
10,99599259735165,-0.08942127,0.19192886,0.12189007
4,99599263125790,0.11052119,0.029827405,0.07643273
10,99599271024488,-0.034466743,0.16013622,0.10478449
4,99599275860894,0.11265171,0.04580637,0.090281166
10,99599279511988,-0.011128902,0.16199112,0.1422782
4,99599284354384,0.11744541,0.06178534,0.10013486
10,99599289393186,-3.209114E-4,0.080233574,0.12672806
4,99599293494592,0.105727494,0.06764429,0.10466223
10,99599299423706,0.011443138,-0.041042328,0.11696434
4,99599302658706,0.09427591,0.072171666,0.1073254
10,99599310589540,-0.013905525,-0.1461215,0.108837605
4,99599315398759,0.08735169,0.07856325,0.10359697
10,99599319983811,-0.046019077,-0.16230631,0.115299225
4,99599323202613,0.090281166,0.06364955,0.08868326
10,99599330362821,-0.017517805,-0.25288057,0.12451649
4,99599335204748,0.07350325,0.048203215,0.05912218
10,99599339806936,7.6556206E-4,-0.2977457,0.14931154
4,99599343040790,0.051931642,0.042876896,0.026365295
10,99599350138446,0.020991564,-0.3443823,0.22358751
4,99599355085842,0.04447479,0.038615838,0.0029294773
10,99599359694279,-0.015429258,-0.36268044,0.38652372
4,99599362904488,0.04181163,0.03089267,-0.01571265
10,99599369911311,-0.06044054,-0.35950327,0.3606844
4,99599374758029,0.041279,0.024501082,-0.03701794
10,99599379334175,-0.0784986,-0.27559233,0.38257074
4,99599384175008,0.045007423,0.021038974,-0.046339005
10,99599389103706,-0.1197629,-0.1855216,0.33204508
2,99599392920686,-32.0,10.0,22.0
10,99599396879748,-0.124253035,-0.08967972,0.33315992
4,99599403003706,0.05912218,0.013848438,-0.0777643
10,99599409472561,-0.16074777,-0.028241634,0.32881927
4,99599414590113,0.062051654,0.011717909,-0.092145376
10,99599419203186,-0.21915925,0.14269924,0.3071723
4,99599422421571,0.059921127,0.010120012,-0.091080114
10,99599429251415,-0.24889052,0.19167042,0.27372456
4,99599434101154,0.052996907,-0.002130529,-0.08042747
10,99599437753498,-0.22151363,0.26227713,0.2835927
4,99599441136623,0.05539375,-0.00479369,-0.076965354
10,99599449031519,-0.19197822,0.28245306,0.252697
4,99599453924175,0.0628506,-0.0015978967,-0.061252706
10,99599458536936,-0.1380403,0.28325605,0.28128147
4,99599461773602,0.06844324,0.0039947415,-0.05566007
10,99599468808550,-0.16615772,0.28637218,0.24937868
4,99599473621988,0.07163903,0.014913702,-0.040746365
10,99599478228967,-0.18993092,0.29168892,0.29805708
4,99599483044488,0.076965354,0.024234766,-0.027696876
10,99599488141883,-0.19294977,0.24259996,0.26553965
4,99599491930790,0.06684534,0.02956109,-0.020506341
10,99599497331623,-0.19348836,0.17303658,0.2820258
4,99599500568863,0.070307456,0.036218993,-0.02396845
10,99599508360633,-0.11274171,0.053230762,0.25071573
4,99599513210217,0.08335695,0.046871636,-0.033289514
10,99599517817196,-0.027762413,-0.121558666,0.13587856
4,99599521069175,0.08362326,0.070041135,-0.046871636
10,99599528124800,0.10663271,-0.2889595,0.10055971
4,99599533051102,0.09187906,0.098004326,-0.06977482
10,99599537640633,0.26608896,-0.25261545,0.11124849
4,99599540886415,0.12463594,0.123836994,-0.105993815
10,99599547900373,0.33997083,-0.18244886,-0.011345863
4,99599552921571,0.16058862,0.14620754,-0.13475595
10,99599556591675,0.5141115,-0.17710733,-0.25069094
4,99599559838394,0.19068234,0.18082865,-0.1685781
10,99599567699852,0.82933545,-0.33689213,-0.29046822
2,99599572494956,-30.0,8.0,22.0
10,99599576845217,1.1234622,-0.609303,-0.3728609
4,99599581853706,0.2625877,0.31984565,-0.29214877
10,99599586767248,1.4139984,-0.82116985,-0.3512764
4,99599590588758,0.3054646,0.42264366,-0.37470677
10,99599596244383,1.5784249,-0.8723936,-0.3536725
4,99599599488706,0.34914044,0.53769225,-0.4460795
10,99599607287821,1.5775616,-0.89561415,-0.51862144
4,99599612064227,0.37603834,0.67537767,-0.47697216
10,99599615686779,1.4730666,-0.92145777,-0.47581863
4,99599620476831,0.42024684,0.799481,-0.4924185
10,99599627035581,1.3271031,-0.8518996,-0.36172676
4,99599631779383,0.49454904,0.8892295,-0.51665324
10,99599635439331,1.1067126,-0.7723317,-0.15554237
4,99599638910269,0.56485647,0.94781905,-0.540888
10,99599646847404,0.7845764,-0.7197876,0.0057635307
4,99599651666310,0.5954828,0.9653959,-0.5536712
10,99599656291727,0.3869214,-0.39986992,0.2644682
4,99599659528029,0.65220815,0.9262474,-0.5526059
10,99599666583550,0.017287254,0.0109272,0.33066416
4,99599671358758,0.706004,0.8250473,-0.5422196
10,99599675061779,-0.181342,0.328866,0.15643978
4,99599679837613,0.7028082,0.71292824,-0.54435015
10,99599684956519,-0.18442309,0.7291217,0.08251953
4,99599689060529,0.6823019,0.6229134,-0.55340487
10,99599693855217,-0.18202889,1.1289597,0.10407114
4,99599698621727,0.63383234,0.57364494,-0.54408383
10,99599707597665,-0.23069441,1.3336158,0.020209312
4,99599712413394,0.5699165,0.5390238,-0.5028048
10,99599717030581,-0.22253644,1.2762842,-0.031738758
4,99599720285113,0.50813115,0.51931643,-0.43409526
10,99599726180269,-0.54866576,1.469554,0.16996813
4,99599730948185,0.47484162,0.50626695,-0.32996565
10,99599735624175,-0.6520264,1.114852,0.28363848
4,99599738862613,0.48842376,0.50333744,-0.22876555
10,99599745675529,-0.70574856,0.7666755,0.5310497
2,99599750477404,-28.0,-6.0,23.0
10,99599752614696,-0.9571507,0.13699198,0.6316056
4,99599759124644,0.5795039,0.5725796,-0.06897587
10,99599766937977,-1.2774934,-0.35391045,0.6425891
4,99599771691519,0.6564692,0.6428871,0.081226416
10,99599776308185,-1.2084754,-0.40136623,0.58803034
4,99599781110321,0.7171893,0.59601545,0.123836994
10,99599786116571,-1.9735311,-0.108487606,0.69913626
4,99599789968446,0.7097325,0.5118596,0.13502227
10,99599793127456,-2.1076097,0.1931777,0.67040586
4,99599797905008,0.67484504,0.4809669,0.14141385
10,99599805176102,-2.0168085,0.23997688,0.6576972
4,99599810005842,0.500408,0.4876248,0.21598236
10,99599813791519,-1.8424417,0.4203334,0.6565614
4,99599817010633,0.45806372,0.5294364,0.2727077
10,99599825009852,-1.7584096,0.37990284,0.75738716
4,99599829780529,0.4348942,0.62717444,0.34674358
10,99599833569279,-1.4058065,0.8272114,0.8914366
4,99599836817248,0.41065946,0.6309029,0.257794
10,99599844727300,-1.5403264,0.60133314,1.1224465
4,99599849471623,-0.07536746,0.3518036,-0.06870956
10,99599853253550,-2.7919674,0.29115152,1.303546
4,99599856488185,-0.20080236,0.18668759,-0.1323591
10,99599864519435,-3.0332212,0.22544765,1.3586521
4,99599869342717,-0.33502567,-0.2958772,-0.15233281
10,99599873073081,-2.6829991,-0.5949106,0.6786165
4,99599877829956,-0.3390204,-0.4498079,-0.15526229
10,99599882915737,-2.1341906,-0.4549713,0.10295534
4,99599886847196,-0.221575,-0.6809703,-0.23462449
10,99599891571727,-1.010276,0.45228243,-0.9012494
4,99599896404019,-0.020772656,-0.71612406,-0.33076462
10,99599904068185,-0.31389177,1.3936753,-1.9604979
4,99599908887769,-0.008522116,-0.51265854,-0.35260254
10,99599912535842,-0.030213952,2.0680969,-2.1725526
4,99599915783237,-0.07057377,-0.4460795,-0.33103094
10,99599923886727,-0.2018069,1.8662696,-1.9712772
2,99599928663290,-23.0,-14.0,27.0
10,99599932977196,-0.089061856,0.1636858,0.22557545
4,99599936209383,-0.24208134,0.09933591,-0.06524745
10,99599943657456,-0.09014177,-0.6294761,0.70268965
4,99599948433498,-0.26871297,0.40240365,0.070307456
10,99599952088706,-0.49881625,-1.2195263,1.7326994
4,99599955360165,-7.9894834E-4,0.5067996,0.18082865
10,99599963431987,-0.6514648,-1.0607305,1.6724315
4,99599968216154,0.3637878,0.45060685,0.36804888
10,99599971929279,-0.52735156,0.06789541,-0.41768312
4,99599976738029,0.5360943,0.41412157,0.58083546
10,99599981805790,-0.0653497,0.7432766,-0.8324652
4,99599985734956,0.6114618,0.5118596,0.6828345
10,99599990437977,0.8199409,1.7094631,-1.1068168
4,99599995325737,0.45353633,0.7390272,0.54648066
10,99600002946935,0.85178685,1.3385177,0.16043568
4,99600007795998,-0.14168017,0.824781,0.2695119
10,99600011458810,-1.0788966,0.114602566,1.3556361
4,99600014691675,-0.79735047,0.57763964,0.11504856
10,99600022728394,-3.149903,-0.4011116,2.4348311
4,99600027545581,-0.89375687,0.091080114,0.10679276
10,99600030820894,-3.4964442,-2.139679,2.5723953
4,99600030820894,-0.8671253,-0.17896444,0.09081379
4,99600035348602,-0.79042625,-0.44474792,0.020506341
10,99600042116935,-2.2204156,-2.8951645,2.1910973
4,99600046931310,-0.38935417,-0.8498147,-0.25513083
10,99600050577039,-1.0102192,-1.6347089,1.1104164
4,99600054232717,0.076965354,-0.94089484,-0.40772998
10,99600062294487,-0.5074852,0.4463334,-0.21576548
4,99600067134800,0.21598236,-0.8290421,-0.3850931
10,99600070779748,-0.20066881,2.4124002,-1.058444
4,99600075631727,-0.004527374,-0.71825457,-0.37337518
10,99600080761779,-0.698955,3.1191213,-1.2048702
4,99600084665008,-0.4596616,-0.64847976,-0.24181503
10,99600090327977,-1.4250764,3.1938627,-0.7601428
4,99600093788446,-0.6679208,-0.6660566,-0.054328486
10,99600101875685,-1.5579668,2.6037164,0.13731956
2,99600106648237,-24.0,-12.0,24.0
10,99600110847664,-1.5118319,1.6042991,0.9943118
4,99600114145737,-0.6530071,-0.8423579,0.12516858
10,99600121623289,-1.4861549,0.9509392,1.7460885
4,99600126410321,-0.48203218,-0.9310411,0.22397186
10,99600130088237,-1.3688986,0.6664109,1.8640847
4,99600133370737,-0.29214877,-1.0016149,0.2972088
10,99600141444800,-1.0725408,0.6024561,1.605114
4,99600146245789,-0.15126756,-1.0599382,0.33742252
10,99600149853498,-0.7027539,0.620595,1.0126286
4,99600153123081,-0.06870956,-1.0756508,0.38775626
10,99600161175789,-0.21261811,0.72980356,0.45844316
4,99600166009592,-0.024501082,-1.0258497,0.44687843
10,99600169656883,0.35951686,0.67751074,-0.029229641
4,99600174548029,-0.02263687,-0.8892295,0.49348375
10,99600179659539,0.79820764,0.41958618,-0.37249422
4,99600183506258,-0.054062173,-0.6990798,0.54435015
10,99600189257977,1.0289924,0.054133892,-0.4731617
4,99600192664435,-0.07563378,-0.59148806,0.56672066
10,99600200754487,1.0148693,-0.3141513,-0.6421504
4,99600205589852,-0.104928546,-0.34940675,0.61412495
10,99600209233967,0.9321501,-0.55940104,-0.61100006
4,99600212479539,-0.105727494,-0.29614353,0.60959756
10,99600220592977,0.90771794,-0.6563382,-0.52442265
4,99600225434696,-0.043409526,-0.23355924,0.525708
10,99600228646519,0.91384804,-0.6661267,-0.58927107
4,99600232522925,-0.012250541,-0.23648871,0.48389637
10,99600240322248,0.9053725,-0.75885725,-0.7087517
4,99600245235946,0.03542004,-0.180296,0.35766253
10,99600248884071,1.1112893,-1.1535807,-0.76974964
4,99600252134487,0.057790596,-0.1438107,0.3174488
10,99600260137300,1.1589284,-1.2370739,-0.6863322
4,99600265023394,0.17470337,-0.028229509,0.20080236
10,99600268682456,1.1122737,-1.1348968,-0.5505495
4,99600273553758,0.21198763,0.002396845,0.16138756
10,99600278708029,1.0233285,-1.0180106,-0.62439585
2,99600282525373,-25.0,1.0,26.0
10,99600288287769,0.84972167,-0.66222715,-0.65981007
4,99600291556831,0.20213392,0.061252706,0.04926848
10,99600299639175,0.84925914,-0.5648012,-0.6084099
4,99600304481987,0.14221281,0.090014845,-0.015446335
10,99600308139591,0.6951966,-0.19607496,-0.5011821
4,99600311385633,0.13315806,0.10918961,-0.026631612
10,99600319416727,0.6130475,-0.15707207,-0.52090883
4,99600324311571,0.112918034,0.15739283,-0.028229509
10,99600327951102,0.48106694,0.14687872,-0.33375406
4,99600331171050,0.12117383,0.16325177,-0.03195793
10,99600339200164,0.4602474,0.26305246,-0.26468992
4,99600344185373,0.18429075,0.17896444,-0.05139901
10,99600347864956,0.4010898,0.69448614,-0.013554096
4,99600351113862,0.2016013,0.19707392,-0.058589544
10,99600358980164,0.41297543,0.79104185,-0.037086487
4,99600363878550,0.2146508,0.3320962,-0.045540057
10,99600367520737,0.47954643,0.9643569,0.41710854
4,99600372344539,0.21598236,0.44741106,0.0018642128
10,99600377505477,0.50102305,0.6431942,0.57817364
4,99600381360998,0.15952335,0.74435353,0.20586236
10,99600386991883,0.31176853,-0.34367466,0.81854916
4,99600391783289,0.124902256,0.9829728,0.46711847
10,99600398548862,-0.23012173,-0.80924463,1.3803763
4,99600403510269,0.28682247,1.0567423,0.7241135
10,99600407155425,-1.0050017,-1.5451655,0.9496026
4,99600410362091,0.45593318,0.99069595,0.88230526
10,99600418304852,-0.9298079,-1.7077122,0.7184596
4,99600423169696,0.6199839,0.8016115,0.81918836
10,99600426785164,-0.24101019,0.22363043,1.8993363
4,99600430043133,0.87564737,0.57577544,0.39574575
10,99600438064800,-0.6877474,0.042057514,1.9223232
4,99600442955425,0.2759035,0.27670243,-0.033289514
10,99600446618393,-2.395086,0.2674904,1.6476941
4,99600449855112,-0.37790257,-0.1206412,-0.15739283
10,99600457834643,-3.548009,0.6443186,2.415225
4,99600462606362,-0.60267335,-0.55793226,-0.03195793
10,99600465888914,-2.9681702,-1.2388844,2.329031
4,99600470709852,-0.6314355,-1.0037454,-0.041279
10,99600476203081,-1.2104126,-2.2447672,1.6050248
4,99600481513289,-0.21917816,-1.2524847,-0.2511361
10,99600485216466,-0.09576762,-1.6329317,0.3083248
4,99600490022873,0.27670243,-1.1635351,-0.3768373
10,99600497430112,0.3595885,-0.17875576,-1.3176961
4,99600502214539,0.3438141,-0.96965694,-0.41785
10,99600505864748,0.44191408,1.4433608,-1.9358263
4,99600509116831,-0.025566347,-0.8069378,-0.4079963
10,99600517255685,0.0023676157,2.2794375,-1.9758344
4,99600522069227,-0.3864247,-0.6330334,-0.27643612
10,99600525697873,-0.3708266,2.0501056,-1.0469766
4,99600528939852,-0.6016081,-0.4426174,-0.1488707
10,99600536979071,-0.41280973,0.4794364,-0.4238882
4,99600541724018,-0.71985245,-0.3190467,-0.15686019
10,99600545382768,-0.617242,-0.33888102,0.3173566
4,99600548642716,-0.53929013,-0.30306774,-0.21278657
10,99600556741883,-1.097763,-0.7468157,0.7270303
4,99600561495789,-0.24900557,-0.3406183,-0.19680761
10,99600565110425,-1.3465478,-0.7116518,0.5233445
4,99600569902404,-0.010918961,-0.39840892,-0.16724652
10,99600575088081,-1.1017334,-0.024151802,0.12177706
4,99600579672039,0.104928546,-0.41864893,-0.16271915
10,99600583443081,-0.69951236,0.76831865,-0.2852459
4,99600589496518,0.070041135,-0.36884782,-0.1403486
10,99600597696727,-0.4977584,1.1878943,-0.73384523
4,99600602629643,-0.06950851,-0.2609898,-0.06844324
10,99600606235425,-0.52001023,1.1924124,-0.72383165
4,99600609439123,-0.20799288,-0.14008227,0.0039947415
4,99600618874800,-0.28842035,-0.054062173,0.063116916
10,99600623020008,-0.61199236,1.144999,-0.711195
4,99600628877456,-0.3834952,-0.0058589545,0.08868326
10,99600636887248,-0.7953365,0.8224168,-0.33098602
2,99600641481466,-23.0,6.0,25.0
10,99600645576675,-0.93728817,0.6298256,0.15806293
4,99600648671883,-0.34328148,-0.13928333,0.09880328
10,99600655372612,-0.8986505,0.21377707,0.29186964
4,99600659998498,-0.28309402,-0.20133498,0.12463594
10,99600661972925,-0.67119396,-0.19561815,0.27032948
4,99600661972925,-0.28309402,-0.20133498,0.12463594
4,99600668875841,-0.25193503,-0.20719394,0.13369069
10,99600673795581,-0.46858203,-0.18402815,0.33772945
4,99600677919487,-0.15259913,-0.175236,0.12783173
10,99600683634591,-0.53386426,0.13555622,0.20140791
4,99600688228237,-0.13448964,-0.16831179,0.12836437
10,99600694755685,-0.58560824,0.29671764,0.16060257
4,99600699365529,-0.16964336,-0.18695392,0.15499598
10,99600702907143,-0.46004784,0.36881733,-0.012316227
4,99600707519227,-0.21358553,-0.1984055,0.16192019
10,99600714525893,-0.3649776,0.2619114,-0.06251478
4,99600719177925,-0.34301516,-0.19441076,0.16138756
10,99600722785477,-0.029864311,-0.12686539,-0.059470654
4,99600727390945,-0.35553202,-0.18562233,0.16058862
10,99600734362664,0.03179264,-0.29435396,-0.10340023
4,99600739015581,-0.36991307,-0.13768543,0.16005598
10,99600743944070,0.33371973,-0.5602999,-0.1788621
4,99600747035581,-0.36485308,-0.11052119,0.13954964
10,99600754099800,0.42977786,-0.51551056,-0.14676619
4,99600758792248,-0.32437304,-0.033822145,0.02876214
10,99600763576258,0.4364338,-0.33078957,-0.2469492
4,99600768177560,-0.31824777,-0.017576864,-7.9894834E-4
10,99600772993029,0.39150858,-0.23814392,-0.22534227
4,99600776802664,-0.3438141,0.007190535,-0.03542004
10,99600782891310,0.31723833,-0.18543482,-0.46837234
4,99600786004435,-0.39468047,0.033289514,-0.047137953
10,99600793713602,0.45777273,-0.19469023,-0.44260454
4,99600798321727,-0.41758367,0.070307456,-0.06471482
10,99600803270633,0.72480226,-0.33195353,-0.34576797
4,99600806370008,-0.38376153,0.11638014,-0.09134643
10,99600812431779,0.781584,-0.37038136,-0.30314684
4,99600816420998,-0.330232,0.1717739,-0.123836994
10,99600822690737,0.8442867,-0.42226171,-0.37221527
4,99600826164539,-0.27803403,0.24341293,-0.16325177
10,99600833469435,0.83279586,-0.44583416,-0.181324
4,99600838263185,-0.20746025,0.31771514,-0.19441076
10,99600843452716,0.70751333,-0.3538084,0.22468615
4,99600846662143,-0.13369069,0.38589206,-0.21092236
10,99600853261675,0.596575,-0.2895589,0.21354342
4,99600858094435,-0.09134643,0.42983422,-0.22343922
10,99600863192873,0.3148558,0.011520386,0.4092083
4,99600867970685,-0.06018744,0.4460795,-0.22876555
10,99600872932091,0.24136972,0.0010538101,0.36682224
4,99600876737352,-0.082558,0.46205845,-0.21598236
10,99600882183289,0.15577221,-0.00988102,0.117413044
4,99600885408914,-0.12144015,0.45992792,-0.21385184
10,99600892804487,0.15170622,0.018881321,-0.10664415
4,99600897593341,-0.16085494,0.45886266,-0.22343922
10,99600902619487,0.1964016,0.031702995,-0.34850883
4,99600905869852,-0.19734024,0.45353633,-0.23062976
10,99600912576831,0.217839,0.09689903,-0.86539173
4,99600917378445,-0.25193503,0.4564658,-0.23728766
10,99600922474435,0.2617445,0.025286198,-1.178514
4,99600925721206,-0.35579833,0.50147325,-0.22796659
10,99600932395581,0.3911326,-0.03316927,-1.0214443
4,99600937179904,-0.3850931,0.5858955,-0.21385184
10,99600942296102,0.34316623,-0.15374088,-0.6266813
4,99600945539018,-0.3749731,0.66632295,-0.20559604
10,99600952138914,0.28822267,-0.21158648,-0.12576342
4,99600956912664,-0.37071204,0.7091998,-0.22104238
10,99600962022872,0.17768395,-0.12109423,0.25418377
4,99600966837925,-0.3355583,0.6841661,-0.24740767
10,99600971772300,-0.045684457,-0.0676136,0.5900631
4,99600975593862,-0.26205507,0.61199445,-0.24847293
10,99600981094695,-0.07455814,-0.15049696,0.7212858
4,99600984380320,-0.17736652,0.54914385,-0.2591256
10,99600991691727,0.16507328,-0.09927797,0.97628736
2,99600996495737,-30.0,6.0,14.0
10,99601000723133,0.21906543,0.05602312,1.0421758
4,99601004012872,0.042077947,0.43862265,-0.27563718
10,99601011447612,0.109632015,0.2419362,0.92846155
4,99601016215581,0.07803062,0.39361522,-0.25060347
10,99601021360372,0.13022137,0.4902568,0.99717
4,99601024597508,0.06498113,0.3520699,-0.24607609
10,99601031191154,0.21971118,0.5683255,1.0425544
4,99601036170581,0.008788432,0.31052458,-0.2394182
10,99601041050320,0.1946286,0.42501068,1.0804071
4,99601044373862,-0.04314321,0.29134983,-0.20586236
10,99601050986883,0.19896781,0.040562153,1.1955967
4,99601055801050,-0.06364955,0.29933932,-0.16964336
10,99601059471310,0.21589994,-0.2964301,1.1827946
4,99601064351310,-0.031158986,0.29640985,-0.16325177
10,99601069331779,0.17475724,-0.39198685,1.1188345
4,99601073475737,0.02956109,0.283893,-0.18722023
10,99601079388289,0.09862983,-0.28353596,1.0987525
4,99601082659122,0.055127434,0.27084348,-0.20426446
10,99601090541050,0.011586785,-0.16132498,0.7964910,99601097950997,-0.008182406,-0.026960373,0.6440811
4,99601102594279,0.09560748,0.21518342,-0.26871297
10,99601109196987,0.016647339,-0.10577774,0.50685596
4,99601113982664,0.06498113,0.23435818,-0.31931302
10,99601118499747,-0.05000007,-0.28078604,0.41251993
4,99601123160164,0.04660532,0.2463424,-0.33848777
10,99601129842508,-0.15728223,-0.4043541,0.6904745
4,99601134563549,0.015446335,0.25033715,-0.38589206
10,99601138808029,-0.39829135,-0.3457904,0.83925486
4,99601141991310,0.026631612,0.23409186,-0.3901531
10,99601149615789,-0.48750687,-0.29393053,0.90989256
4,99601154326206,0.06924219,0.16271915,-0.39068574
10,99601158569539,-0.5586978,-0.04335642,0.79716825
4,99601163230997,0.082025364,0.14221281,-0.39840892
10,99601168226206,-0.5481808,0.032129288,0.8961115
2,99601173683133,-34.0,-5.0,10.0
10,99601177724383,-0.5251311,0.28666258,0.6606288
4,99601182351779,0.13981596,0.07749799,-0.43782368
10,99601189168393,-0.5493444,0.29768944,0.4935255
4,99601193912977,0.19813919,0.082558,-0.3965447
10,99601198150268,-0.43342435,0.39044094,0.37924385
4,99601201354174,0.22104238,0.10040118,-0.38376153
10,99601208984799,-0.3622284,0.3729043,0.39818907
4,99601213642820,0.20852552,0.21092236,-0.36272255
10,99601217894383,-0.3254094,0.33430576,0.56201315
4,99601221097560,0.20133498,0.26738137,-0.33475935
10,99601228726102,-0.36407244,0.27960157,0.6510463
4,99601233436935,0.22343922,0.39920786,-0.21065605
10,99601237689591,-0.56691086,0.1765151,1.1482306
4,99601240874643,0.33822146,0.515588,-0.013315806
10,99601248490685,-0.5702938,-0.059541702,1.137927
4,99601253217195,0.4250405,0.63196814,0.19361182
10,99601256734227,-0.36691594,-0.5458374,1.1648045
4,99601261320841,0.48149952,0.7281082,0.34328148
10,99601267153966,-0.30862784,-0.5206275,1.1546216
4,99601271781206,0.57817227,0.7850999,0.45460162
10,99601276997872,-0.447145,-0.18913317,1.0473447
4,99601281604122,0.6593987,0.7773767,0.56459016
10,99601288067924,-0.24658966,1.0959396,0.25775433
4,99601292823393,0.71985245,0.7901599,0.38908786
10,99601297138393,-0.22517657,1.4379148,1.2140145
4,99601300239643,0.09241169,0.7283746,0.020772656
10,99601307364122,-1.8841906,0.71472406,1.595561
4,99601312253810,-0.5432849,0.32091093,-0.20985709
10,99601316874851,-3.5299087,0.8711939,2.7116127
4,99601320111258,-0.5289038,-0.21571605,-0.18722023
10,99601327864383,-3.7860804,-0.6418481,2.3484144
4,99601332765945,-0.46179214,-0.7257114,-0.2727077
10,99601337388862,-2.158823,-1.6482792,1.7292571
4,99601340628914,-0.29214877,-1.0940266,-0.5605954
10,99601347650216,-0.85711074,-1.049089,1.0220718
2,99601352406154,-28.0,-10.0,10.0
10,99601356630841,-0.2346555,0.4202795,-0.102110386
4,99601361448393,0.12996227,-0.91426325,-0.54674697
10,99601366384122,0.11636257,2.2077322,-1.0333915
4,99601370203289,-0.01571265,-0.6428871,-0.39734364
10,99601376187872,-0.041100144,2.9019663,-1.0337734
4,99601379413081,-0.31505197,-0.46365637,-0.22503711
10,99601387218810,-0.6851907,3.150844,-0.5065341
4,99601391986154,-0.36724994,-0.3749731,-0.061252706
10,99601397010216,-1.1061013,2.0509086,-0.055812836
4,99601400246362,-0.43223104,-0.3536678,0.026365295
10,99601406974435,-1.2662203,0.60373735,0.44786072
4,99601410939539,-0.299073,-0.44208476,0.03195793
4,99601418145060,-0.11611383,-0.5153217,0.042876896
4,99601421236101,0.07190535,-0.58935755,0.072970614
10,99601425802299,-1.5401874,0.27198458,0.99355936
4,99601429665216,0.31611723,-0.7078682,0.15153387
10,99601432703497,-1.1307782,0.8537793,0.54345274
4,99601438704799,0.3834952,-0.7416904,0.22450449
4,99601448988081,0.3587278,-0.7193198,0.2727077
4,99601452429695,0.2231729,-0.6066681,0.39574575
10,99601458057872,-0.8045896,1.4137735,-0.05217266
4,99601462886154,0.14727281,-0.53130066,0.45833004
10,99601467788133,-0.31895006,1.4149656,-0.6767988
4,99601471620060,0.0037284256,-0.39707732,0.5571333
10,99601476883914,-0.30828798,1.4290037,-0.66703653
4,99601480125008,-0.071106404,-0.33795515,0.5997439
10,99601486062664,-0.57104325,0.5557389,-0.40488386
4,99601490864226,-0.07749799,-0.36085832,0.60746706
10,99601496019956,-0.63213253,0.4170909,-0.36749125
4,99601499259904,-0.04580637,-0.40426785,0.60533655
10,99601505873237,-0.58581567,0.26499128,-0.433671
4,99601510652560,-0.050333746,-0.41918156,0.6263755
10,99601515489643,-0.5053531,-0.08226299,-0.8054004
4,99601518722768,-0.08069378,-0.3800331,0.6383597
10,99601525675424,-0.35765672,-0.23647547,-0.8004117
2,99601530454903,-23.0,-1.0,16.0
10,99601532613185,-0.324131,-0.44238758,-0.65197897
4,99601539134331,-0.072171666,-0.3422162,0.57790595
10,99601547291258,-0.34002566,-0.46911478,-0.45392513
4,99601550732716,-0.072171666,-0.39787626,0.50173956
10,99601553502456,-0.34002447,-0.46912336,-0.4539318
4,99601558272716,-0.07403588,-0.4215784,0.48283112
10,99601564369278,-0.24413967,-0.43000698,-0.349885
4,99601568956622,-0.116912775,-0.43303,0.44821003
10,99601572583341,-0.06995201,-0.6034794,-0.30830002
4,99601577368653,-0.14833808,-0.4183826,0.4396879
10,99601585655320,-0.06849861,-0.64850616,-0.42303705
4,99601589946310,-0.22290659,-0.37710363,0.39468047
10,99601594309331,-0.1496681,-0.5411558,-0.5843301
4,99601597522612,-0.22690132,-0.37417415,0.37896782
10,99601605357820,-0.13337219,-0.5640888,-0.5953512
4,99601610128549,-0.22264028,-0.4215784,0.32117724
10,99601613903601,0.032269,-0.51640177,-0.5199852
4,99601617152403,-0.22184132,-0.44794372,0.29348037
10,99601625165320,0.20974779,-0.42741776,-0.5301924
4,99601629934956,-0.2511361,-0.5091964,0.20799288
10,99601633646153,0.37123346,-0.29872084,-0.67016315
4,99601636895581,-0.27217507,-0.5107943,0.18562233
10,99601645144226,0.42313766,-0.20108652,-0.5946245
4,99601649927872,-0.3422162,-0.44874266,0.14913702
10,99601653626987,0.6570718,-0.049401283,-0.27469778
4,99601658370737,-0.34834146,-0.406931,0.14727281
10,99601663926206,0.64066887,-0.10331774,-0.1514368
4,99601667756883,-0.31851408,-0.25246766,0.17204021
10,99601672604331,0.40573764,-0.31877804,0.44937086
4,99601675993289,-0.29454562,-0.21225394,0.18961707
10,99601684526570,0.23719096,-0.34269285,0.57017183
4,99601689325008,-0.20399815,-0.14594123,0.24181503
10,99601693030945,-0.11312175,-0.36780214,0.8732538
4,99601696246101,-0.17044231,-0.13901702,0.24900557
10,99601703868914,-0.08820224,-0.3753271,0.9433627
2,99601708636362,-26.0,5.0,20.0
10,99601712948862,0.026396275,-0.22795153,0.7111287
4,99601716162351,-0.0031957934,-0.15978967,0.21065605
10,99601723681570,0.058171272,-0.10069132,0.5696788
4,99601728506362,0.047404267,-0.15339808,0.19307919
10,99601732157820,0.20182705,0.1734991,0.11374664
4,99601735364070,0.050333746,-0.11052119,0.19574234
10,99601743401362,0.238801,0.12641907,0.0376606
4,99601748186049,0.013582122,-0.032756884,0.20373182
10,99601751845580,0.16834903,0.086260796,0.20164776
4,99601756609903,-0.01571265,0.05219796,0.19707392
10,99601761767976,0.07184768,0.023752213,0.3434167
4,99601765679851,-0.015180019,0.10466223,0.17070863
10,99601771479851,-0.1653657,-0.19189644,0.60330343
4,99601774874435,0.011451593,0.094808534,0.13528858
10,99601782933237,-0.46383393,-0.35415316,0.7725196
4,99601787744383,0.07190535,0.03435478,0.09321064
10,99601791392768,-0.60892534,-0.44367027,0.80975914
4,99601794657612,0.12863068,-0.055926383,0.048469532
10,99601802718028,-0.54326105,-0.29628134,0.6770835
4,99601807502195,0.19307919,-0.14514229,0.0031957934
10,99601811245008,-0.30747867,0.017986298,0.38656235
4,99601814606674,0.23249397,-0.20133498,-0.03914847
10,99601822526101,0.031902075,0.33738708,0.07569933
4,99601827335945,0.23062976,-0.19228023,-0.068176925
10,99601830986518,0.31972265,0.6021137,-0.14189863
4,99601834270320,0.19467708,-0.13928333,-0.068176925
10,99601842307664,0.4333303,0.8393035,-0.29600477
4,99601847083497,0.13981596,-0.05832323,-0.033822145
10,99601850701466,0.42469,0.83103466,-0.22103357
4,99601855616622,0.10439592,0.017310547,0.019441076
10,99601860790737,0.4060154,0.7383237,-0.17806768
4,99601864651258,0.10839066,0.07590009,0.05832323
10,99601870300945,0.40452528,0.66032124,0.1022377
4,99601873760216,0.1520665,0.10679276,0.0793622
10,99601881860268,0.41720057,0.56624603,0.23323584
2,99601886622039,-27.0,8.0,19.0
10,99601890836726,0.5968745,0.42596006,0.49436808
4,99601894129539,0.2759035,0.22050974,0.059921127
10,99601901636205,0.6380584,0.42253637,0.56817436
4,99601906421101,0.31292143,0.34408042,0.101999074
10,99601910072039,0.4709792,0.44634438,0.47236252
4,99601913331883,0.4316984,0.50147325,0.30812773
10,99601921415685,0.6022835,0.47453594,0.36040163
4,99601926233862,0.6466155,0.6135923,0.5323659
10,99601929877143,0.96842384,0.4326601,0.70381355
4,99601933131674,0.85993475,0.71772194,0.72251564
10,99601941180997,0.63013995,-0.1035285,0.42781925
4,99601946019226,0.9289106,0.87032104,0.943558
10,99601949663653,0.06608689,0.06626463,-0.4379835
4,99601954533289,1.0745856,0.9281117,0.89615375
10,99601959633080,0.36802948,0.83080626,0.41338825
4,99601963479695,0.94488955,1.0026802,0.40107206
10,99601969232872,-0.8003969,-1.7852902,1.078455
4,99601972639747,-0.18775286,0.68389976,-0.06498113
10,99601980706153,-3.2295465,-1.4038725,2.6478505
4,99601985581518,-0.44581318,0.0127831735,-0.21331921
10,99601989243653,-4.6990786,-1.2451391,3.0187092
4,99601992482299,-0.3920173,-0.32144356,-0.19148129
10,99602000490112,-3.5941277,-2.682579,1.7353001
4,99602005315476,-0.40373522,-1.1984226,-0.43809
10,99602008609799,-1.3555119,-2.346466,0.76411057
4,99602012518966,-0.2825614,-1.3829796,-0.62051654
10,99602020750632,-0.022600174,-0.9866533,-0.30405235
4,99602025689018,0.21598236,-1.2610068,-0.8311726
10,99602028964226,0.7496879,0.26150036,-1.1963325
4,99602033415945,0.23355924,-1.0546118,-0.78110516
10,99602040418549,0.83691514,1.0270095,-1.6878939
4,99602045343080,-0.08655274,-0.48815745,-0.52837116
10,99602048960737,0.24306393,1.9134717,-1.300437
4,99602053862247,-0.12144015,-0.3619236,-0.4394216
10,99602059401987,-0.310892,1.4075422,-1.2020888
2,99602063233862,-28.0,9.0,21.0
10,99602067886570,-0.5528017,0.62345076,-0.868485
4,99602072637768,-0.34993938,-0.13475595,-0.30519825
10,99602080003601,-0.64752555,0.40559435,-0.55133104
4,99602084961726,-0.18269286,-0.19414444,-0.29800773
10,99602088582872,-0.7724787,-0.01771164,-0.3526106
4,99602091830060,-0.10839066,-0.21145499,-0.27403927
10,99602099818653,-0.6842501,0.13712549,-0.44858932
4,99602104644382,0.038615838,-0.21598236,-0.20053603
10,99602108259747,-0.28918457,0.70476484,-0.79726887
4,99602111506414,0.038083203,-0.1984055,-0.16484967
10,99602119596622,-0.2527113,0.7929096,-0.9758611
4,99602124428653,-0.07882957,-0.08175905,-0.021571605
10,99602128073289,-0.023985386,1.0269108,-1.1963811
4,99602131371726,-0.12703279,-0.031158986,0.00958738
10,99602139402455,0.078107595,1.0819383,-1.2232933
4,99602144285268,-0.29640985,0.072171666,0.013582122
10,99602147903757,-0.10517955,0.9509616,-1.0385871
4,99602152825632,-0.35233623,0.07882957,0.0055926386
10,99602158342924,-0.1828332,0.8699999,-0.80698633
4,99602162142716,-0.4460795,0.071106404,0.01784318
10,99602167046518,-0.3101158,0.056269646,-0.22427082
4,99602170427039,-0.49002165,0.08282431,0.0561927
10,99602178914226,-0.27110648,-0.25217772,-0.12098646
4,99602183890945,-0.44554687,0.08548747,0.040746365
10,99602187589903,-0.3442695,-0.62023544,0.0019102097
4,99602190840059,-0.38269624,0.07536746,0.025832662
10,99602198704747,-0.39611542,-0.5382271,0.11120033
4,99602203555007,-0.2034655,0.011717909,0.011451593
10,99602207165424,-0.36606777,-0.17399263,0.16623116
4,99602210376309,-0.17656758,-0.010386328,0.008522116
10,99602218464382,-0.2924719,-0.035561085,0.20739746
4,99602223307091,-0.17283916,-0.034621093,0.012516857
10,99602226959851,-0.17807722,-0.07777643,0.3840413
4,99602230167039,-0.24820662,0.010386328,0.050866377
10,99602238243237,-0.23491573,-0.19146156,0.45580435
2,99602243107716,-29.0,7.0,21.0
10,99602247368653,-0.48100877,-0.30781174,0.57022667
4,99602252187195,-0.39627838,0.09986854,0.14301175
10,99602257754643,-0.58756745,-0.25435495,0.5737233
4,99602261559851,-0.40293628,0.05352954,0.11797804
10,99602266059122,-0.6857543,-0.15263939,0.70423555
4,99602269325216,-0.3933489,-0.04261058,0.059921127
10,99602277795216,-0.67512393,0.017369747,0.8371663
4,99602282653549,-0.3901531,-0.13156016,-0.0026631611
10,99602286311987,-0.63050544,0.047145367,0.9910407
4,99602289573341,-0.41199103,-0.18295917,-0.023435818
10,99602297576205,-0.6249658,-0.010550022,1.1163197
4,99602302380789,-0.42876893,-0.20266657,-0.0053263223
10,99602306006049,-0.5791527,-0.07189846,1.1403232
4,99602309251726,-0.41891524,-0.22743396,0.002130529
10,99602317357768,-0.5465901,0.11168718,0.974844
4,99602322145268,-0.38615838,-0.28575718,-0.051132694
10,99602325853966,-0.49391723,0.58542824,0.67449665
4,99602329075164,-0.37071204,-0.3603257,-0.16538231
10,99602336767403,-0.4387015,0.96979284,0.28257608
4,99602341534018,-0.4215784,-0.4114584,-0.29001826
10,99602345193914,-0.2823658,1.0891924,0.017299175
4,99602350027351,-0.639425,-0.41971418,-0.42876893
10,99602355140268,-0.11460638,1.3049898,-0.21352863
4,99602359003757,-0.94941694,-0.41598576,-0.5970807
10,99602363599851,-0.033207417,1.8149452,-0.29733562
4,99602369379122,-1.2405005,-0.44101948,-0.7701862
10,99602377613184,-0.17034769,2.3411388,-0.36640358
4,99602382389851,-1.4985608,-0.46259108,-0.9470201
10,99602386053393,-0.27632737,2.4017153,-0.24334669
4,99602389257768,-1.716141,-0.47537425,-1.1225225
10,99602396075893,-0.37426782,1.4531417,-0.0075440407
4,99602400863393,-1.861017,-0.44794372,-1.1789814
10,99602404601518,-0.67220664,-0.122499466,0.32106495
4,99602407839903,-1.8716697,-0.38962048,-1.1020161
10,99602415852247,-0.59078145,-1.8213634,0.86642647
2,99602420621361,-35.0,5.0,20.0
10,99602424972664,-0.4030378,-2.992241,1.3340721
4,99602428191205,-1.2767195,-0.33635727,-0.9962886
10,99602435796414,-0.5112939,-3.1024218,1.6710877
4,99602440620945,-0.84661895,-0.39281628,-0.9462212
10,99602444327039,-1.0402834,-2.2091722,1.5353513
4,99602449101674,-0.48043427,-0.48283112,-0.78936094
10,99602454167976,-1.21351,-0.59959507,1.304677
4,99602457988705,-0.26844665,-0.58269966,-0.58696073
10,99602462219434,-0.88072443,0.7459402,0.6630297
4,99602468922091,-0.2511361,-0.6199839,-0.48869008
10,99602476621153,-0.35463834,1.6095557,0.14843273
4,99602481408861,-0.39521313,-0.61625546,-0.2231729
10,99602485063445,-0.4083457,1.6188617,0.20085621
4,99602488299643,-0.5209143,-0.48629323,-0.045540057
10,99602493671257,0.64989114,1.5135164,-0.32107973
4,99602498503028,-0.6354303,-0.29321405,0.122771725
10,99602502207039,0.7775588,0.8011446,-0.17043352
4,99602507027455,-0.6578008,-0.20240025,0.18801917
10,99602514598445,0.69949174,0.4734068,0.029407501
4,99602519437820,-0.51798487,-0.016511599,0.29854035
10,99602523185528,0.23231173,-0.37802267,0.722909
4,99602526451257,-0.42024684,-0.0037284256,0.30945933
10,99602534322091,0.057355642,-0.5331459,0.97574663
4,99602538263601,-0.046072688,-0.07536746,0.30626354
10,99602543035528,-0.31780052,-0.78517723,1.3283277
4,99602547790684,0.072970614,-0.1257012,0.3006709
10,99602552717507,-0.3536427,-0.8399329,1.226655
4,99602556779747,0.27164245,-0.20852552,0.30706248
10,99602562724122,-0.21249723,-0.9882579,1.1841335
4,99602565990424,0.44927529,-0.2396845,0.3406183
10,99602573931153,0.09612298,-0.9772277,1.1489186
4,99602578712559,0.6575345,-0.19201392,0.33529198
10,99602583334330,0.34801078,-0.25147533,0.64638615
4,99602586580007,0.68682927,-0.17230652,0.31851408
10,99602593655424,0.31059098,0.08240366,0.41532373
2,99602598512351,-35.0,7.0,20.0
10,99602602111934,0.19518304,0.6724782,0.10775328
4,99602606152559,0.59574914,-0.09081379,0.2958772
10,99602613238289,0.1936574,0.6359062,0.02019167
4,99602618047611,0.48682585,-0.049002163,0.31265512
10,99602621751361,0.28384328,0.2033844,0.0798049
4,99602626518288,0.4181163,-0.0013315806,0.31824777
10,99602633270424,0.3128686,0.0366621,0.06597662
4,99602638042768,0.39707732,0.03834952,0.3139867
10,99602641969695,0.14389944,-0.12333679,0.06059265
4,99602646786622,0.396811,0.047137953,0.3073288
10,99602651722091,0.11708689,-0.09148741,-0.009267807
4,99602655669747,0.40080574,0.024234766,0.30466563
10,99602661633080,0.065170765,0.03576231,-0.12414122
4,99602664906778,0.37550572,2.663161E-4,0.31265512
10,99602672773236,0.15256548,0.12041807,-0.16010046
4,99602677547559,0.3336941,-0.0015978967,0.32410672
10,99602682141622,0.3607478,0.16115713,-0.16629219
4,99602685389747,0.29827404,0.01784318,0.31824777
10,99602692553913,0.4916594,0.33892632,-0.056114197
4,99602697371257,0.27883297,0.03701794,0.29561087
10,99602701058497,0.52321625,0.52377987,-0.12954235
4,99602704465736,0.23435818,0.040746365,0.24314661
10,99602712326413,0.53200984,0.7065344,-0.26001215
4,99602717162872,0.18508969,0.018908445,0.16245283
10,99602721801049,0.386518,0.74195766,-0.46177053
4,99602725035216,0.12037488,-2.663161E-4,0.09933591
10,99602732112663,0.37157178,0.46825504,-0.53462315
4,99602736924591,0.08841695,-0.00479369,0.04447479
10,99602741542403,0.47208714,0.066627026,-0.40412092
4,99602746332403,0.10945592,-0.011984225,-0.04181163
10,99602751248913,0.55503774,-0.3091445,-0.16912174
4,99602755167299,0.10439592,-0.06018744,-0.18855181
10,99602760073341,0.4943521,-0.08387327,-0.22820187
4,99602764964486,0.09454222,-0.15313177,-0.40586576
10,99602771669226,0.24537396,0.28457737,-0.045327187
2,99602776452038,-32.0,15.0,20.0
10,99602780690320,-0.18766642,0.15598822,0.25754213
4,99602783967768,-0.01571265,-0.37044573,-0.66818714
10,99602791484643,-0.27222466,-0.5320945,0.54034853
4,99602796283757,-0.06231797,-0.44341633,-0.70493877
10,99602799933393,-0.16730642,-1.0726938,0.7661295
4,99602803304538,-0.032756884,-0.45566687,-0.71772194
10,99602811205424,0.01551652,-1.0916581,0.99384785
4,99602816071622,0.040480047,-0.4032026,-0.68336713
10,99602820687143,0.052586794,-0.77788687,1.0797329
4,99602823992768,0.090281166,-0.28549087,-0.5563344
10,99602830986570,0.017869473,-0.2548604,1.0173049
4,99602835859955,0.07882957,-0.124902256,-0.3568636
10,99602840519174,-0.050971985,0.2158637,0.88598967
4,99602845367299,0.032490566,0.034088463,-0.1403486
10,99602850330163,-0.16260362,0.47413063,0.5873046
4,99602854131830,-0.018908445,0.15073492,0.045540057
10,99602859156570,-0.25768232,0.575788,0.29656935
4,99602862634434,-0.009853696,0.20586236,0.18295917
10,99602870586570,-0.32389832,0.6108217,-0.14665174
4,99602875420945,0.045540057,0.25300032,0.2793656
10,99602880028028,-0.2537043,0.55500174,-0.45876598
4,99602883281153,0.064182185,0.3155846,0.30999196
10,99602890321361,-0.14185643,0.65358686,-0.30957603
4,99602895205736,0.051931642,0.37710363,0.31025827
10,99602899813288,-0.34304523,0.7944751,0.033730507
4,99602903041465,0.02876214,0.41438788,0.33156356
10,99602910101674,-0.61466646,0.7024884,0.21779346
4,99602914947976,0.010918961,0.38242993,0.3653857
10,99602919554643,-0.81768847,0.55685663,0.0724597
4,99602922763393,0.058589544,0.31025827,0.3552657
10,99602929877820,-0.7811675,0.08541155,0.079730034
4,99602934762351,0.11717909,0.2825614,0.30812773
10,99602939364382,-0.6558306,-0.4166956,0.42177057
4,99602944207090,0.20080236,0.30919302,0.28682247
10,99602949152195,-0.6790552,-0.6985202,0.5922451
2,99602952953601,-35.0,10.0,23.0
10,99602956890632,-0.8391502,-0.5605793,0.6437025
4,99602963060215,0.24847293,0.29800773,0.299073
10,99602969436882,-0.92382884,-0.29964304,0.62966967
4,99602974277611,0.18908444,0.14487597,0.28495824
10,99602978857768,-1.0736275,0.60371923,0.32736397
4,99602982103236,0.14940333,0.082558,0.27776772
10,99602989257872,-0.8432126,0.75168085,0.05551243
4,99602994152663,0.0039947415,-0.029294772,0.27856666
10,99602997859695,-0.49012518,0.6318016,-0.008790016
4,99603001133445,-0.02743056,-0.03009372,0.28815404
10,99603008984590,-0.33514643,0.45439053,-0.023587704
4,99603013851205,-0.046871636,0.05273059,0.35100463
10,99603018475684,-0.2500782,-0.0077233315,0.081228256
4,99603021717090,-0.03781689,0.08575379,0.37017938
10,99603028749018,-0.25181794,0.03925419,0.18362236
4,99603033782351,0.033289514,0.10359697,0.3653857
10,99603038391622,-0.47800756,0.54019594,0.048945904
4,99603043331674,0.054594804,0.08335695,0.3422162
10,99603048302455,-0.53212094,0.6691127,-0.022684574
4,99603052092299,0.04926848,0.03195793,0.2974751
10,99603055729851,-0.44617152,0.45121956,-0.0927372
4,99603061960580,0.007989483,0.008788432,0.267914
10,99603068316101,-0.35531712,0.22052622,0.037133694
4,99603073170840,0.0061252704,0.023169503,0.2591256
10,99603077779382,-0.19477177,-0.38850212,0.2027893
4,99603081014382,0.06018744,0.047137953,0.23888555
10,99603088090163,-0.1332407,-0.48715878,0.33404016
4,99603092963705,0.14753912,0.050600063,0.1882855
10,99603097587767,-0.20028758,-0.46047735,0.3125143
4,99603100819174,0.2034655,0.029028457,0.1355549
10,99603107885007,-0.26008773,-0.42980385,0.20288658
4,99603112651153,0.2050634,0.008788432,0.11531488
10,99603116309642,-0.2675972,-0.26832008,0.08158207
4,99603121070580,0.19121496,5.326322E-4,0.124902256
10,99603127653653,-0.13761139,-0.04888916,0.062293053
2,99603132450424,-37.0,13.0,24.0
10,99603136655736,0.016092777,0.101846695,-0.056347847
4,99603141523132,0.13422333,0.048469532,0.12916331
10,99603146464330,0.13613129,0.1557579,0.022073746
4,99603150263965,0.11771172,0.105993815,0.14753912
10,99603155317924,0.11619949,0.14833307,0.16807795
4,99603159293601,0.14407702,0.16405073,0.18295917
10,99603167222142,-0.007182598,0.12116575,0.26680517
4,99603172072403,0.17736652,0.19600865,0.20692763
10,99603176660215,-0.143121,0.06441641,0.29771757
4,99603179882715,0.2146508,0.18668759,0.21118867
10,99603186981674,-0.299762,-0.11559296,0.3172474
4,99603191833028,0.25300032,0.15286545,0.20532973
10,99603195556986,-0.4004712,-0.29567814,0.31041527
4,99603199493080,0.29960564,0.103064336,0.20080236
10,99603206762090,-0.4491222,-0.30944538,0.48462152
4,99603211518497,0.36751625,0.050866377,0.20293288
10,99603216144903,-0.49780512,-0.18654442,0.5199547
4,99603219352038,0.43436158,-0.007190535,0.21092236
10,99603226557976,-0.5303557,0.051599503,0.5414386
4,99603231316570,0.46898267,-0.05486112,0.22024342
10,99603235937767,-0.5288141,0.3332157,0.55188656
4,99603240745997,0.46898267,-0.07749799,0.25033715
10,99603245718705,-0.53407,0.45258522,0.6076317
4,99603249514747,0.44821003,-0.048203215,0.3336941
10,99603252201882,-0.5484326,0.5100384,0.84704876
4,99603259604486,0.47031426,0.023169503,0.44821003
10,99603267608809,-0.48701787,0.41024828,0.8724475
4,99603272442976,0.49534798,0.05912218,0.54275227
10,99603277063236,-0.4388106,0.39465427,0.83131695
4,99603280298913,0.5238438,0.018642128,0.5701828
10,99603286286517,-0.5454891,-0.057891846,0.5133691
4,99603291107038,0.5299691,-0.07243799,0.52171326
10,99603295798392,-0.4109516,0.17979002,0.23981428
4,99603299048601,0.46232477,-0.1571265,0.44022053
10,99603305713809,-0.2464459,0.6805043,-0.2025466
2,99603310501778,-37.0,17.0,23.0
10,99603314822194,-0.09776902,1.1211548,-0.5191488
4,99603318067455,0.26312032,-0.1520665,0.38908786
10,99603325440059,0.07839131,1.1415181,-0.61430454
4,99603330228288,0.20106867,-0.051132694,0.44501424
10,99603332319799,0.17416787,0.7799864,-0.24799633
4,99603339107663,0.20240025,0.012250541,0.48469532
10,99603345547142,0.09305239,0.39110136,0.12821293
4,99603349806569,0.31984565,0.15259913,0.56006277
10,99603351929486,-0.21339297,0.21392679,0.60704756
4,99603358501101,0.36272255,0.16378441,0.55313855
10,99603365161101,-0.49928737,0.1780119,0.71205425
4,99603369977351,0.37923414,0.11345066,0.48363006
10,99603373764486,-0.82129157,0.15707302,0.8318391
4,99603376974434,0.3520699,0.080960095,0.47297743
10,99603384937507,-0.97732115,-0.025474548,0.6127949
4,99603389717038,0.2514024,-0.008788432,0.4860269
10,99603393435632,-0.8616438,-0.24785852,0.4310565
4,99603396683705,0.25086978,-0.03781689,0.49028796
10,99603404715788,-0.7289754,-0.34619474,0.263649
4,99603409577976,0.32969934,-0.029294772,0.3850931
10,99603413289486,0.21565938,-0.546093,0.056922436
4,99603416536830,0.3435478,-0.0127831735,0.27137613
10,99603424573184,0.43943882,-0.6370945,0.2546153
4,99603429412976,0.123038046,-0.09454222,0.020506341
10,99603433214278,-0.13259554,-0.3888836,0.026025772
4,99603437962351,0.1272991,-0.090014845,0.03488741
10,99603443089903,-0.17949498,-0.25809193,0.238451
4,99603446893757,0.21784659,-0.022370555,0.10439592
10,99603452515892,0.48097706,-0.5267534,-0.009916782
4,99603455955788,0.08149273,0.037550572,0.04234426
10,99603464080476,0.469882,-0.3396635,-0.06331587
4,99603468867299,0.10466223,0.023169503,0.0026631611
10,99603472487194,0.12188554,-0.27866888,9.126663E-4
4,99603475760163,0.15153387,0.05006743,0.04580637
10,99603483853653,0.14673734,-0.3861065,-0.09083986
2,99603488619955,-35.0,26.0,23.0
10,99603493008444,0.39434528,-0.29274654,0.13748121
4,99603496239955,0.16218652,0.19148129,0.08628642
10,99603503632767,0.28593802,-0.34808207,0.26797295
4,99603508473757,0.08655274,0.26738137,0.09614012
10,99603512090319,-0.21089852,-0.6101093,0.8316388
4,99603515341569,0.0644485,0.26764768,0.105993815
10,99603523378496,-0.31828737,-0.7390542,0.93811226
4,99603528230944,0.017576864,0.20532973,0.08681905
10,99603531848965,-0.43663383,-0.89637375,1.2685919
4,99603536670528,0.004261058,0.07829694,0.0055926386
10,99603541762351,-0.43753445,-0.9034047,1.3388243
4,99603545644486,0.04527374,-0.07137272,-0.10519487
10,99603551444486,-0.4413085,-0.85180235,1.1731768
4,99603554850840,0.05832323,-0.20532973,-0.19014971
10,99603562935059,-0.26193643,-0.59213114,0.75389576
4,99603567773705,0.052464273,-0.28975195,-0.2412824
10,99603571425424,0.22422314,-0.05654478,0.33705902
4,99603574677767,0.045540057,-0.2876214,-0.25007084
10,99603582725684,0.35229087,0.09277201,0.24231386
4,99603587584486,0.03089267,-0.20106867,-0.2247708
10,99603591234121,0.59375477,0.26149607,0.17342234
4,99603594599903,0.017044231,-0.06178534,-0.18269286
10,99603602546517,0.5448706,0.15756941,0.03941679
4,99603607319955,-0.009853696,0.07163903,-0.13209279
10,99603610960424,0.23566365,0.07860994,0.02889204
4,99603614241569,0.023169503,0.11664646,-0.09534117
10,99603622319382,-0.19685698,0.2519164,-0.18296957
4,99603627069486,0.114782244,0.04660532,-0.09720538
10,99603630604226,-0.38916254,0.6248832,-0.7243185
4,99603634687507,0.1933455,-0.08229168,-0.16325177
10,99603640635996,-0.06283474,1.2369747,-1.2187891
4,99603645618913,0.11744541,-0.12996227,-0.32384038
10,99603649275215,0.54229546,1.451684,-1.3400707
4,99603654131205,-0.08282431,-0.04926848,-0.4860269
10,99603660930215,0.92336893,0.7175946,-1.2052393
2,99603665988132,-31.0,23.0,23.0
10,99603670202246,0.86436653,-0.16537714,-0.2554345
4,99603673468496,-0.3075951,0.38056573,-0.47564057
10,99603681659069,0.6757827,-1.0941129,0.49612188
4,99603686517819,-0.32810146,0.5270396,-0.48203218
10,99603690151986,0.21934891,-1.2357216,0.95870733
4,99603693388913,-0.21997711,0.4660532,-0.5523396
10,99603701400319,-0.33364558,-0.8221164,1.0993929
4,99603706177611,-0.022104237,0.3043993,-0.5605954
10,99603709837507,-0.4736873,-0.55446863,0.7802129
4,99603713097299,0.15339808,0.19867182,-0.51691955
10,99603721175267,0.02729702,-0.22903061,0.5520263
4,99603726016517,0.3075951,0.21092236,-0.5030711
10,99603729704121,0.4215238,0.15782356,0.1507392
4,99603734550684,0.33742252,0.3022688,-0.505468
10,99603739680215,0.34367657,0.5069437,-0.22310925
4,99603743506413,0.26658243,0.40932786,-0.49428272
10,99603749173913,0.06714177,0.6248913,-0.31141472
4,99603752617194,0.14114754,0.46179214,-0.47164583
10,99603760766882,-0.21256638,0.46199465,-0.3139038
4,99603765669642,0.044208474,0.44208476,-0.45380265
10,99603769288184,-0.24116611,0.2280016,-0.17418814
4,99603772518184,0.03488741,0.39894155,-0.45673212
10,99603780508913,-0.114527225,0.050559044,0.09519434
4,99603784469173,0.081226416,0.39095205,-0.45566687
10,99603787681257,-0.11344671,0.0878644,0.19638157
4,99603793669590,0.10279802,0.39707732,-0.44501424
10,99603800285007,-0.22693181,0.3777213,0.19445086
4,99603805330528,0.16937704,0.40533313,-0.37230992
10,99603808986205,-0.29577088,0.55557775,0.074169636
4,99603812220476,0.18162759,0.4013384,-0.3438141
10,99603820055736,-0.30135846,0.6136732,-0.06885195
4,99603824948028,0.23062976,0.40879524,-0.29374668
10,99603828611673,-0.19472265,0.5126467,-0.07244778
4,99603833474226,0.24714136,0.4250405,-0.28788772
10,99603838646205,-0.18518043,0.2979846,0.015025139
2,99603842477559,-34.0,8.0,25.0
10,99603848106413,-0.3438332,0.22465038,0.13952398
4,99603851513861,0.23915187,0.47617322,-0.27696875
10,99603859613548,-0.42796493,0.19770384,0.22110891
4,99603864450736,0.22503711,0.43356264,-0.25406557
10,99603868064851,-0.5977701,0.12155247,0.38765097
4,99603871356621,0.22450449,0.4167847,-0.24021713
10,99603879359955,-0.5743798,0.0912447,0.46885014
4,99603884257038,0.2444782,0.38136467,-0.20586236
10,99603887906621,-0.39403224,0.08402014,0.5162182
4,99603891146361,0.25033715,0.3821636,-0.19867182
10,99603899166413,-0.38756013,0.16388988,0.45181274
4,99603904074642,0.2892193,0.396811,-0.16218652
10,99603907717351,-0.57658434,0.52286816,0.22746658
4,99603910957298,0.29348037,0.4063984,-0.13954964
10,99603918925684,-0.64344907,0.5330982,0.12703276
4,99603923824173,0.28309402,0.42370895,-0.07163903
10,99603927472559,-0.76251316,0.24623585,0.30020905
4,99603932256882,0.27164245,0.42344263,-0.061519023
10,99603937411778,-0.7754276,0.14262342,0.42602825
4,99603941242663,0.2545982,0.42530683,-0.07243799
10,99603946950996,-0.88618195,-0.013458252,0.79885626
4,99603951744069,0.24154872,0.38402784,-0.10626013
10,99603958457819,-1.0395364,-0.14831972,1.0485697
4,99603963407507,0.24181503,0.25246766,-0.1419465
10,99603967052923,-1.037768,-0.2673025,1.276206
4,99603970277403,0.25646242,0.19787288,-0.15073492
10,99603978289798,-0.93589115,-0.34551144,1.2416086
4,99603982230007,0.32277513,0.12010857,-0.18242654
4,99603996676621,0.43249738,0.060453758,-0.22530343
4,99604000598340,0.46552056,0.07190535,-0.22849922
10,99604006344590,-0.42222857,0.089577675,0.6575165
4,99604009738496,0.47857004,0.09560748,-0.20612867
10,99604014943913,-0.42150283,0.3585043,0.4230075
2,99604021091778,-35.0,-3.0,28.0
10,99604027663600,-0.50627375,0.619205,0.2889905
4,99604030914798,0.4527374,0.14993598,-0.10918961
10,99604036226257,-0.5434617,0.7696438,0.1296916
4,99604040883444,0.42104578,0.1685781,-0.07590009
10,99604045849955,-0.5507039,0.85397196,0.018109322
4,99604049281934,0.36325517,0.18269286,-0.045007423
10,99604055913757,-0.6163913,0.8427949,-0.010835171
4,99604060703548,0.31132352,0.19947077,0.008255799
10,99604067094017,-0.597257,0.71105766,0.14895248
4,99604070326830,0.304133,0.252734,0.09454222
10,99604075682194,-0.51251805,0.40300322,0.473907
4,99604080439538,0.30972564,0.34461305,0.21491711
10,99604086824382,-0.37697887,0.0128006935,0.674191
4,99604090071569,0.3174488,0.43649212,0.32357407
10,99604095510840,-0.49874043,-0.20412016,1.2609401
4,99604100298809,0.36139098,0.5305017,0.5139901
10,99604106601934,-0.9614365,-0.72643566,1.4085722
4,99604109847403,0.38296258,0.61705446,0.8490158
10,99604115301257,-1.0446448,-0.8441224,0.97526646
4,99604120053080,0.5142564,0.5795039,0.99069595
10,99604126388600,0.19440842,0.29175758,0.43499327
4,99604129626569,0.67990506,0.4926848,0.500408
10,99604133425996,0.1656779,-0.35467672,0.6456833
4,99604140822403,0.026365295,0.32810146,-0.057257965
10,99604147308340,-1.6149263,-0.32540417,0.50713634
4,99604151665527,-0.40772998,0.034088463,-0.23462449
10,99604156314694,-3.042201,-0.06423473,0.47789288
4,99604161079017,-0.53130066,-0.26391926,-0.16591494
10,99604167249902,-2.6030803,-1.3579187,0.13617706
4,99604170530319,-0.6372945,-0.56432384,-0.2545982
10,99604175381673,-1.086543,-1.7527657,-0.14153242
4,99604180150371,-0.39468047,-0.73609775,-0.45886266
10,99604186225059,-0.3490491,-1.2387414,-0.5078845
4,99604189451621,0.10652645,-0.6306366,-0.4676511
10,99604192286465,-0.05935073,-0.32176256,-1.0106668
2,99604199776777,-29.0,-1.0,30.0
10,99604207411882,-0.003199339,0.85832024,-0.7873049
4,99604210676309,0.3339604,-0.2972088,-0.35313517
10,99604215440423,-0.044418454,0.8254614,-0.80468607
4,99604220360163,0.1107875,-0.3291667,-0.29854035
10,99604226512455,-1.3196309,2.7562966,-1.2799764
4,99604229745840,-0.18642128,-0.33449304,-0.15286545
10,99604232561048,-0.9485296,2.1361985,-1.3374372
4,99604239682715,-0.4910869,-0.27537087,-0.087618
10,99604246041725,-0.47731578,1.3757758,-0.6094117
4,99604250330059,-0.5339638,-0.18109496,-0.08495484
10,99604254037350,-0.57330847,0.5101056,-0.08756256
4,99604258857923,-0.45833004,-0.08894958,-0.044208474
10,99604264992767,-0.8691108,-0.014288425,0.2515273
4,99604268215423,-0.30040458,-0.083090626,-0.010918961
10,99604271028652,-1.0510702,0.007259369,0.38560247
4,99604278846882,-0.13448964,-0.15339808,-0.004527374
10,99604286406413,-1.034637,0.25624657,0.25801706
4,99604289682142,-0.05006743,-0.216515,-0.013582122
10,99604292465840,-0.7545153,0.471725,0.028173923
4,99604298351986,-0.04474111,-0.22849922,-0.016511599
10,99604304646257,-0.45576847,0.6585417,-0.096968174
4,99604307879955,-0.0958738,-0.17257284,0.008522116
10,99604313023600,-0.30710876,0.6233597,-0.18507433
4,99604317810527,-0.14114754,-0.12916331,0.026631612
10,99604324384590,-0.35822773,0.54787636,-0.0763545
4,99604327594434,-0.294013,-0.037284255,0.06364955
10,99604332724434,-0.47184598,0.48026133,0.21869373
4,99604337539746,-0.31691617,-0.0314253,0.06231797
10,99604342759382,-0.6068547,0.19781208,0.3305192
4,99604345933600,-0.34274885,-0.076965354,0.06578008
10,99604352402611,-0.67268896,0.08437157,0.38138247
4,99604357227350,-0.34514567,-0.15233281,0.07137272
10,99604363915423,-0.74001133,0.029244423,0.39126348
4,99604367157298,-0.30972564,-0.2231729,0.06178534
10,99604372326934,-0.69341636,0.18958616,0.44632387
2,99604377111934,-27.0,1.0,26.0
10,99604383738496,-0.7079823,0.23031616,0.43676853
4,99604386961621,-0.2428803,-0.36991307,0.021038974
10,99604392130475,-0.47183156,0.4190669,0.41036177
4,99604396931309,-0.2545982,-0.4362258,0.0026631611
10,99604403471777,-0.40122938,0.41059208,0.4622283
4,99604406723288,-0.31185618,-0.46019423,-0.0026631611
10,99604411887715,-0.25082326,0.14253569,0.32525635
4,99604415884069,-0.40746364,-0.43116578,0.026631612
10,99604423279173,-0.27017283,0.14973164,0.3573761
4,99604426528079,-0.43249738,-0.3834952,0.072171666
10,99604431643913,-0.34723067,0.12503386,0.4321928
4,99604436445111,-0.40080574,-0.36778256,0.09986854
10,99604441569486,-0.3695824,0.14253712,0.4116931
4,99604444830996,-0.3752394,-0.4032026,0.09134643
10,99604450237454,-0.28172135,0.26732922,0.45175505
4,99604456911413,-0.3502057,-0.47297743,0.056991648
10,99604463235007,-0.13677287,0.41510773,0.4315443
4,99604468055007,-0.32969934,-0.5041364,0.049002163
10,99604471746986,4.439354E-4,0.4479723,0.43748665
4,99604476574694,-0.35073832,-0.46046057,0.09827065
10,99604482898132,0.0027968884,0.30643845,0.20577908
4,99604486106257,-0.40959418,-0.38296258,0.17736652
10,99604491030736,-0.09216881,0.24392939,-0.098567486
4,99604495950215,-0.39760995,-0.32996565,0.23515713
10,99604502435059,-0.09935856,0.22234488,-0.19471121
4,99604505663548,-0.3320962,-0.32144356,0.22903186
10,99604510587767,-0.04208088,0.25866032,-0.053997517
4,99604515485684,-0.26764768,-0.36565202,0.16405073
10,99604522182559,0.009139061,0.324265,0.024845123
4,99604525422038,-0.2428803,-0.43409526,0.09534117
10,99604530574434,-0.0750072,0.35481882,-0.026358604
4,99604535489069,-0.283893,-0.4628574,0.07563378
10,99604540589850,6.4206123E-4,0.2523284,-0.004719734
4,99604543720215,-0.35313517,-0.41731736,0.09374327
10,99604550154434,0.1452043,0.09668112,0.11692333
2,99604555063027,-28.0,8.0,23.0
10,99604561746361,0.25197268,-0.030865192,0.2820778
4,99604564971882,-0.3997405,-0.30919302,0.11771172
10,99604570136673,0.2553997,-0.19326115,0.3177867
4,99604574990944,-0.3749731,-0.2809635,0.10652645
10,99604581503236,0.30338764,-0.30943346,0.38257885
4,99604584749277,-0.3422162,-0.2695119,0.08335695
10,99604589876569,0.45971823,-0.2685094,0.4639058
4,99604594829538,-0.28176245,-0.2548645,0.060453758
10,99604601250423,0.55204463,-0.12947416,0.46659517
4,99604604516986,-0.20240025,-0.21598236,0.06578008
10,99604609651465,0.58811474,-0.0146484375,0.36272144
4,99604614620892,-0.11664646,-0.16058862,0.11318435
10,99604621042454,0.6506283,0.070381165,0.044718742
4,99604624343704,-0.0396811,-0.087884314,0.16325177
10,99604629475788,0.7438376,0.21355534,-0.055686474
4,99604634391621,0.007456851,0.0055926386,0.2000034
10,99604639503236,0.7683642,0.33217478,-0.012016296
4,99604642637871,0.03355583,0.11371698,0.24021713
10,99604649085319,0.576488,0.31355715,0.011786461
4,99604653891986,0.018908445,0.20985709,0.2894856
10,99604660516725,0.29146695,0.3583517,0.18511677
4,99604663766725,0.017044231,0.25220135,0.330232
10,99604668886256,0.027432442,0.4238286,0.21775341
4,99604673741934,0.010918961,0.22210763,0.3358246
10,99604680397038,-0.07493925,0.39209652,0.14825249
4,99604683944486,-0.010652645,0.17097494,0.30519825
10,99604688636777,-0.0145154,0.3011818,0.17980719
4,99604693611361,-0.04234426,0.13448964,0.26525086
10,99604700146673,0.01655507,0.12525654,0.2772498
4,99604703381829,-0.045007423,0.128897,0.25513083
10,99604708346621,0.0075616837,-0.03601551,0.4332757
4,99604713213704,-0.0053263223,0.1571265,0.27137613
10,99604719918861,-0.01273489,-0.35657454,0.6490383
4,99604723166309,0.03834952,0.18748654,0.2790993
10,99604728127142,-0.14805174,-0.6214509,0.7749238
2,99604733932090,-30.0,13.0,22.0
10,99604739095944,-0.31585288,-0.68802166,0.8973937
4,99604742322090,0.10945592,0.11531488,0.22050974
10,99604747600944,-0.4927584,-0.72810316,0.7868304
4,99604752387090,0.11158645,0.07163903,0.20240025
10,99604759492090,-0.4435166,-0.64280367,0.6729927
4,99604762726152,0.12170646,-0.048203215,0.13928333
10,99604767904329,-0.14911294,-0.4116521,0.6129098
4,99604772816986,0.13022858,-0.079095885,0.11318435
10,99604779244590,0.08750653,-0.23326635,0.4745884
4,99604782492402,0.12170646,-0.099069595,0.05539375
10,99604787716829,0.18991137,-0.06304836,0.35369444
4,99604792547715,0.10705908,-0.08522116,0.049801115
10,99604799023184,0.14016056,0.10835123,0.28644657
4,99604802241413,0.076166406,-0.022903185,0.06844324
10,99604807221777,0.07281685,0.14953041,0.34152603
4,99604812027350,0.082558,-0.008788432,0.081226416
10,99604818816673,0.01992035,0.076259136,0.32597065
4,99604822048079,0.09347696,0.021038974,0.0892159
10,99604827045475,-0.1384747,-0.047583103,0.35955954
4,99604832812923,0.11531488,0.015978966,0.06684534
10,99604837965840,-0.19824696,-0.039947033,0.41487694
4,99604841073600,0.14913702,-0.023702133,0.044208474
10,99604847000423,-0.26480246,0.07071018,0.3087635
4,99604850942663,0.18295917,-0.07243799,0.038615838
10,99604858362402,-0.14286327,0.21055174,0.07077932
4,99604861617558,0.19254655,-0.09427591,0.032490566
10,99604866792298,0.21257353,0.43978405,-0.033606052
4,99604871580683,0.20240025,-0.060720075,0.01571265
10,99604878129329,0.27444172,0.49507856,-0.044225693
4,99604881373652,0.20692763,0.0039947415,0.020240024
10,99604886598027,0.25149465,0.52711916,-0.070590496
4,99604891521465,0.16911073,0.06950851,0.06364955
10,99604897937558,0.13879299,0.5268502,-0.007335663
4,99604901173808,0.14221281,0.11611383,0.11797804
10,99604906229694,0.061516047,0.5002589,0.037096977
2,99604911005371,-29.0,17.0,22.0
10,99604917694329,0.05994749,0.31265354,0.12767696
4,99604920931517,0.14674018,0.16591494,0.1717739
10,99604926125892,0.09042835,0.03209257,0.12187481
4,99604930902194,0.1486044,0.21598236,0.18109496
10,99604936082767,0.052140236,-0.18533087,0.29723692
4,99604939264381,0.15419704,0.25326663,0.18935075
10,99604945715631,-0.118728876,-0.23039389,0.21044683
4,99604950571308,0.17470337,0.2479403,0.18908444
10,99604957252194,-0.2926525,-0.21632099,0.0682044
4,99604960498548,0.17816548,0.21891184,0.16724652
10,99604965689954,-0.32481587,-0.15512705,0.020079136
4,99604970498652,0.17097494,0.17576863,0.12756541
10,99604977031986,-0.29751217,-0.17593431,0.037754536
4,99604980278183,0.14487597,0.15606125,0.088150635
10,99604985238131,-0.3254087,-0.19086838,0.14368582
4,99604990044173,0.10626013,0.16165388,0.06471482
10,99604996793340,-0.4654609,-0.19879436,0.21843195
4,99605000038444,0.061252706,0.15233281,0.047670584
10,99605005071933,-0.6448723,-0.1760335,0.27171135
4,99605009985892,0.02876214,0.108124346,0.020772656
10,99605016551100,-0.75492144,-0.19771194,0.45457125
4,99605019793652,0.017576864,0.036751624,-0.017310547
10,99605024924590,-0.75152874,-0.21750021,0.45523024
4,99605029694381,0.020506341,-0.05273059,-0.06870956
10,99605034912767,-0.6629826,-0.11744547,0.40888405
4,99605038167402,0.05566007,-0.122771725,-0.11318435
10,99605042780319,-0.5145421,0.11479235,0.34184647
4,99605050166881,0.07669904,-0.16165388,-0.13182648
10,99605057719381,-0.40154767,0.3600173,0.20209026
4,99605060994069,0.05832323,-0.16378441,-0.12250541
10,99605065468860,-0.26830947,0.5898266,0.104988575
4,99605070246465,0.017310547,-0.14141385,-0.09267801
10,99605076536777,-0.14306259,0.51297,0.07379198
4,99605079749850,-0.02609898,-0.087884314,-0.04234426
10,99605082561569,-0.06405401,0.24960756,0.030695915
2,99605089738808,-29.0,18.0,22.0
10,99605097354694,-0.029718876,0.15719414,0.10489607
4,99605100597975,0.014647386,0.04181163,-0.008788432
10,99605105020788,-0.027882338,0.15492678,0.10188961
4,99605109827923,0.06950851,0.061519023,-0.0127831735
10,99605116114225,-0.26350152,0.145051,0.19102001
4,99605119361204,0.092944324,0.05566007,-0.010652645
10,99605122242715,-0.34011602,0.145051,0.13355923
4,99605129661517,0.073236935,0.039414786,-0.006657903
10,99605136027610,-0.29696286,0.15763426,0.05306244
4,99605140370319,0.051931642,0.03834952,-0.011185277
10,99605144098704,-0.23376954,0.17163992,0.042663097
4,99605148882610,0.039414786,0.047670584,-0.007190535
10,99605155195631,-0.18384433,0.11254215,0.06900406
4,99605158441621,0.036218993,0.055926383,0.002396845
10,99605161246933,-0.16947913,0.14606094,0.06900406
4,99605168827767,0.03834952,0.05752428,-0.0018642128
10,99605176419954,-0.16639209,0.18770742,0.08234453
4,99605179669746,0.020240024,0.057790596,-0.012516857
10,99605182534173,-0.16878629,0.05602646,0.14219952
4,99605188310371,0.0,0.06258429,-0.014114754
10,99605194460631,-0.21898353,-0.0066246986,0.2367506
4,99605197712298,0.011185277,0.06018744,-0.008788432
10,99605203019902,-0.2707187,-0.08506298,0.23629475
4,99605207791829,0.019973708,0.05566007,-0.008255799
10,99605214181881,-0.22893846,-0.06608963,0.23500013
4,99605217430840,0.033023197,0.03089267,-0.041012682
10,99605222817142,-0.3134358,-0.005507469,0.22791815
4,99605227657038,0.026631612,0.021571605,-0.051132694
10,99605232570996,-0.36673665,0.013865471,0.1683588
4,99605235934902,-0.010918961,0.0039947415,-0.05486112
10,99605242565683,-0.38316655,-0.0149383545,0.18090439
4,99605247360944,-0.041545313,-0.0029294773,-0.045540057
10,99605253721412,-0.33292818,-0.03420973,0.23196745
4,99605256965996,-0.049801115,-0.00958738,-0.041279
10,99605262339850,-0.32809258,-0.011693478,0.2578106
2,99605267181777,-31.0,16.0,23.0
10,99605273515475,-0.3245058,-0.013459682,0.22145224
4,99605276736881,-0.033822145,-0.030360037,-0.05912218
10,99605282126829,-0.32247508,0.096776485,0.07969761
4,99605286920892,-0.02609898,-0.03781689,-0.06737798
10,99605293288808,-0.32190168,0.18387985,0.10673046
4,99605296515215,-0.007456851,-0.03834952,-0.06950851
10,99605301909642,-0.27195203,0.31959105,0.16580391
4,99605306704121,0.010386328,-0.030360037,-0.061252706
10,99605313069329,-0.2406286,0.3478675,0.24884176
4,99605316279642,0.011717909,-0.008788432,-0.04580637
10,99605321684746,-0.2713257,0.17060661,0.33621264
4,99605326529173,-0.024234766,0.027963191,-0.006924219
10,99605331431725,-0.37532735,-0.038827896,0.27964115
4,99605334825735,-0.046072688,0.05139901,0.02609898
10,99605341448808,-0.4406743,-0.054210186,0.3892784
4,99605346244902,-0.015446335,0.041545313,0.03222425
10,99605352601933,-0.42639995,-0.022568703,0.31584978
4,99605355821569,0.02956109,0.016777916,0.022104237
10,99605361228235,-0.32416618,0.11547041,0.33043146
4,99605366076621,0.05006743,0.004527374,0.0039947415
10,99605372405006,-0.24905145,0.20522594,0.33349323
4,99605375649433,0.026631612,0.018375812,0.0
10,99605381006204,-0.26497233,0.23826408,0.25835228
4,99605385917819,-0.020240024,0.04314321,0.017576864
10,99605392157090,-0.29728448,0.2311635,0.32432604
4,99605395371308,-0.046871636,0.05139901,0.04527374
10,99605400771308,-0.34774184,0.033856392,0.3189292
4,99605405661465,-0.043942157,0.04660532,0.06231797
10,99605411934173,-0.287032,-0.09769583,0.3479128
4,99605415185215,-0.018642128,0.03888215,0.052464273
10,99605420560475,-0.27016985,-0.05862093,0.40880203
4,99605425461204,0.016511599,0.027696876,0.025033714
10,99605430503287,-0.29151452,0.018048763,0.3953066
4,99605433704173,0.025566347,0.0127831735,0.0063915867
10,99605440339590,-0.34617543,0.09534979,0.3519168
2,99605445205683,-31.0,15.0,24.0
10,99605451556881,-0.307415,0.15623617,0.31680775
4,99605454767975,-0.009853696,-0.022903185,7.9894834E-4
10,99605460116100,-0.23225987,0.16814423,0.28607893
4,99605464961829,-0.029827405,-0.01917476,0.009054748
10,99605471300475,-0.24275482,0.08394098,0.23818731
4,99605474567350,-0.047404267,-0.0061252704,0.011717909
10,99605479836777,-0.24732006,0.0777235,0.2560544
4,99605484810996,-0.036485307,-0.0077231675,0.0053263223
10,99605491026412,-0.2827512,0.080379486,0.3544855
4,99605494323756,-0.006924219,-0.021038974,2.663161E-4
10,99605499660006,-0.33288312,-0.026162624,0.3796563
4,99605504550162,0.016777916,-0.03701794,-0.008522116
10,99605510798704,-0.32250357,-0.028937817,0.3103161
4,99605514104485,0.025832662,-0.049002163,-0.020240024
10,99605519436621,-0.24059188,0.053352833,0.22627783
4,99605524293964,0.027696876,-0.041545313,-0.026897928
10,99605529251621,-0.20262349,0.04644251,0.25917864
4,99605532604589,0.0039947415,-0.019441076,-0.019707393
10,99605539024225,-0.2416116,0.06462526,0.26390886
4,99605543939277,-0.023169503,0.009321064,-0.020506341
10,99605550369954,-0.29253924,0.03688574,0.29389715
4,99605553604069,-0.02743056,0.02130529,-0.028495824
10,99605559002350,-0.35160542,-0.059523106,0.37212467
4,99605563882819,-0.019707393,0.012516857,-0.040213734
10,99605570137506,-0.38490796,-0.108751774,0.46174955
4,99605573374277,0.0077231675,-2.663161E-4,-0.056991648
10,99605578779902,-0.4009297,-0.0025367737,0.5396671
4,99605583719069,0.04527374,-0.025566347,-0.071106404
10,99605589924173,-0.4267249,0.20333672,0.45451593
4,99605593164746,0.055127434,-0.0561927,-0.07243799
10,99605598558131,-0.4122033,0.3404131,0.41627455
4,99605603420631,0.036218993,-0.07563378,-0.066046394
10,99605609690996,-0.33496797,0.3851447,0.3199029
4,99605612896829,0.010918961,-0.06844324,-0.05566007
10,99605618308964,-0.23852432,0.29516363,0.3953762
9633,0.0
10,99605628051464,-0.2633611,0.1900115,0.47629356
4,99605631481100,0.008522116,-0.022104237,-0.024767399
10,99605637902194,-0.3767867,0.077778816,0.49112988
4,99605642611256,0.047137953,-0.012250541,0.0013315806
10,99605648995214,-0.43802404,0.089319706,0.3609233
4,99605652082662,0.050866377,-0.03701794,-0.013582122
10,99605657632923,-0.4651034,0.1550436,0.32373905
4,99605662237037,0.047137953,-0.05006743,-0.025300032
10,99605668452402,-0.44301677,0.16643763,0.17353773
4,99605671549642,0.021571605,-0.072171666,-0.041545313
10,99605677400214,-0.38552666,0.14144039,0.10052776
4,99605682054173,-0.010386328,-0.08042747,-0.057257965
10,99605688570579,-0.31072915,0.013337135,0.04724264
4,99605691668287,-0.024767399,-0.0743022,-0.06764429
10,99605697185996,-0.24830914,-0.10199785,0.06677961
4,99605701914850,-0.026365295,-0.058056913,-0.079095885
10,99605708350475,-0.26263475,-0.103135586,0.020959377
4,99605711423860,-0.010652645,-0.04234426,-0.10466223
10,99605716963235,-0.26383042,0.09003115,0.023714066
4,99605722583912,-0.009321064,-0.042876896,-0.13901702
10,99605727398131,-0.3031515,0.12218046,-0.016511917
4,99605730389016,-0.036485307,-0.04314321,-0.16192019
10,99605735854850,-0.27691174,0.14365149,0.09838152
4,99605742213496,-0.08442221,-0.028229509,-0.18562233
10,99605748004225,-0.21599889,0.13132763,0.21357965
4,99605751083548,-0.13502227,-0.010386328,-0.22663501
10,99605756509902,-0.22441721,0.1858468,0.20983934
4,99605761124641,-0.17230652,-0.0039947415,-0.28549087
10,99605767677662,-0.21445775,0.18710423,0.25945473
4,99605770773339,-0.28149614,0.0061252704,-0.33422673
10,99605776297714,-0.26357007,0.24622107,0.17880964
4,99605780937506,-0.3637878,0.018109497,-0.33768883
10,99605787510579,-0.29757667,0.3847928,0.23057842
4,99605790588912,-0.4263721,0.029294772,-0.304133
10,99605796064694,-0.19365335,0.29922152,0.09907913
2,99605800659485,-27.0,16.0,20.0
10,99605807244329,-0.05992651,0.09430647,-0.06302261
4,99605810336881,-0.43329632,0.041279,-0.26019084
10,99605815831621,0.0495224,-0.27058887,-0.0074419975
4,99605820735475,-0.34194988,0.050333746,-0.23009712
10,99605825849641,0.049981594,-0.2922163,0.24575901
4,99605829256985,-0.1571265,0.051132694,-0.19254655
10,99605836211516,-0.055714607,-0.18182135,0.49183607
4,99605841105631,0.006924219,0.04261058,-0.14913702
10,99605847273235,-0.19250417,-0.07056236,0.50469446
4,99605850521829,0.105727494,0.0013315806,-0.11664646
10,99605855793183,-0.1860857,0.1859498,0.37359667
4,99605860572610,0.14221281,-0.051931642,-0.11797804
10,99605866836725,-0.067745686,0.47856522,0.19428396
4,99605870083860,0.13102753,-0.09187906,-0.12543489
10,99605875441412,0.07545519,0.6815114,0.008394241
4,99605880272298,0.07536746,-0.087618,-0.10839066
10,99605886611308,0.23436356,0.794672,-0.11413765
4,99605889849225,0.0061252704,-0.037284255,-0.08175905
10,99605895220944,0.33856487,0.8692608,-0.073225975
4,99605900057766,-0.042077947,0.032756884,-0.05219796
10,99605906391725,0.2717166,0.77821255,-0.026031017
4,99605909632350,-0.071106404,0.095074855,-0.007456851
10,99605915051673,0.11269975,0.534533,0.1121788
4,99605919845579,-0.05539375,0.12756541,0.02956109
10,99605924801673,-0.029011965,0.4124155,0.25731707
4,99605928156256,-2.663161E-4,0.12809806,0.04261058
10,99605934786464,-0.12651467,0.22622156,0.25158834
4,99605939566464,0.02876214,0.11052119,0.035952676
10,99605945941673,-0.24949408,0.16217661,0.16488886
4,99605949194121,0.07190535,0.08548747,0.01917476
10,99605953003183,-0.28301287,0.2124548,0.18883085
4,99605959883860,0.13768543,0.05885586,0.016245283
10,99605967488027,-0.23490381,0.19087267,0.085570335
4,99605970769016,0.18855181,0.058056913,0.015446335
10,99605975577246,-0.07655048,0.22545052,0.12034178
2,99605980404121,-27.0,15.0,19.0
10,99605986765058,0.021115065,0.27338314,0.21077108
4,99605990035110,0.25353295,0.16271915,0.0026631611
10,99605994834016,0.08465886,0.15604496,0.5954714
4,99605999663079,0.2692456,0.27510455,0.02396845
10,99606005780527,0.0040073395,-0.024098396,0.9659605
4,99606009029225,0.30306774,0.3797668,0.09081379
10,99606011865058,-0.14682746,-0.22760582,1.1886215
4,99606019665891,0.41172472,0.4775048,0.19947077
10,99606026114433,-0.18240929,-0.62963104,1.0165353
4,99606029544641,0.5683186,0.5406217,0.3552657
10,99606031499693,-0.10100651,-0.7062454,0.79626846
4,99606039057246,0.7797736,0.5334312,0.49454904
10,99606046669433,0.32263565,-0.23056316,0.3657484
4,99606049923131,1.0029465,0.5070659,0.5225122
10,99606052802975,0.32265186,-0.23055506,0.3657508
4,99606058570162,1.0378339,0.49694586,0.3043993
10,99606066189537,0.9603462,0.51514244,0.25251436
4,99606069463704,0.8785769,0.45327002,0.038615838
10,99606071721516,-0.36125302,-0.6699872,0.8271227
4,99606078618912,0.5632586,0.34408042,-0.025300032
10,99606086175996,-1.4602687,-1.5378757,1.9727025
4,99606089432402,0.6079997,0.09374327,-0.09960223
10,99606092277089,-1.4602687,-1.5378757,1.9727025
4,99606096970891,0.716923,-0.3006709,-0.34194988
10,99606103208860,-1.2400699,-2.5563602,1.3926158
4,99606106479954,0.7392935,-0.5089301,-0.51319116
10,99606111484954,-0.8805351,-2.0344033,0.75381374
4,99606118371204,0.7717841,-0.78962725,-0.7952199
10,99606124757298,-0.037893057,0.42580318,-1.1139007
4,99606128702766,0.5222459,-0.73343456,-0.86606
10,99606130675579,0.88148046,1.7761331,-1.4155698
4,99606130675579,0.5222459,-0.73343456,-0.86606
4,99606137697089,0.3110572,-0.6543387,-0.8410263
10,99606143678964,0.9797287,2.1916862,-1.656569
4,99606146750943,-0.13289174,-0.48176584,-0.7305051
10,99606151883443,0.65656376,1.9945784,-1.1438622
2,99606157268339,-27.0,16.0,19.0
10,99606163472245,0.46647882,1.5331078,-0.7942085
4,99606166547089,-0.55127436,-0.02263687,-0.35766253
10,99606171660735,0.0014073849,-0.31264877,0.6211548
4,99606177031985,-0.43409526,0.072171666,-0.29028457
10,99606183218808,-0.30065894,-0.72612953,0.9734731
4,99606186303808,-0.13102753,0.061519023,-0.23515713
10,99606191166256,-0.77510536,-1.0506387,1.3888679
4,99606196208652,0.21678132,-0.021837922,-0.19361182
10,99606202645370,-0.8777101,-0.7783661,1.1395941
4,99606205781829,0.4348942,-0.12836437,-0.18695392
10,99606211249173,-0.5107658,-0.16346788,0.5089297
4,99606217173912,0.47537425,-0.1454086,-0.17816548
10,99606222182818,3.3473969E-4,0.5698781,0.003660202
4,99606225147975,0.3752394,-0.06524745,-0.13981596
10,99606230994068,0.28832865,1.2487354,-0.35803747
4,99606235738287,0.2181129,0.07563378,-0.058589544
10,99606242578756,0.30386043,1.4678845,-0.63223314
4,99606245654693,0.018908445,0.22770028,0.046339005
10,99606250761152,0.23896885,1.2646666,-0.81807995
4,99606255546933,-0.13448964,0.34194988,0.09986854
10,99606262327662,0.172261,0.87564945,-0.579514
4,99606265411881,-0.18535602,0.40080574,0.101200126
10,99606270547558,0.029902935,0.44148588,-0.40191317
4,99606275245110,-0.15686019,0.4181163,0.09560748
10,99606282101256,-0.13791847,0.17789364,-0.34932232
4,99606285207714,-0.06524745,0.43436158,0.103863284
10,99606290467089,-0.19340396,-0.1301713,-0.3461709
4,99606295107245,0.025300032,0.4711132,0.11611383
10,99606301638287,-0.12866688,-0.17928791,-0.19425249
4,99606305574277,0.11318435,0.48469532,0.09134643
10,99606310041620,-0.15618944,-0.021177769,0.0076651573
4,99606315970058,0.16218652,0.47217846,0.05486112
10,99606321084329,-0.29064965,0.054809093,-0.038670063
4,99606324216829,0.12942964,0.43649212,0.014647386
10,99606330075266,-0.3671987,0.22626495,-0.1649499
2,99606334941829,-26.0,10.0,21.0
10,99606341680370,-0.32827735,0.28500175,-0.04346466
4,99606344929225,0.007190535,0.39894155,-0.029827405
10,99606350085631,-0.3059752,0.15693283,-0.015136242
4,99606354998547,-0.03914847,0.39574575,-0.024501082
10,99606361464589,-0.33127618,0.0016932487,0.14355993
4,99606364710318,-0.024234766,0.38482678,-0.026365295
10,99606369647454,-0.36111283,-0.019727707,0.28529978
4,99606374504485,0.032490566,0.34594464,-0.0479369
10,99606381198027,-0.38184226,0.049423695,0.47860384
4,99606384510787,0.07989483,0.28575718,-0.06924219
10,99606389630631,-0.4032632,0.20206785,0.51846933
4,99606394536568,0.107858025,0.2412824,-0.06524745
10,99606401020422,-0.3739308,0.30878782,0.42084837
4,99606404388912,0.10652645,0.22503711,-0.050333746
10,99606409292037,-0.29606247,0.45541763,0.40695095
4,99606414190787,0.10865697,0.23915187,-0.022370555
10,99606419319485,-0.31644905,0.34240532,0.32651424
4,99606422580735,0.0958738,0.26844665,0.020240024
10,99606429017402,-0.39860976,0.28856087,0.4184022
4,99606433872193,0.11132014,0.29321405,0.051132694
10,99606440540995,-0.49431777,0.120290756,0.5737772
4,99606445400266,0.12463594,0.27350664,0.05752428
10,99606449107662,-0.6433549,0.009300232,0.60652494
4,99606454080475,0.14487597,0.2146508,0.04261058
10,99606460357922,-0.719272,0.021249294,0.62713337
4,99606463600631,0.17496969,0.1323591,0.022104237
10,99606468771516,-0.65467477,0.14537287,0.48262215
4,99606473654641,0.19041602,0.06258429,0.011451593
10,99606480137193,-0.42909884,0.32715416,0.27427244
4,99606483358547,0.18562233,0.041545313,0.02263687
4,99606493358547,0.17257284,0.10066749,0.06870956
4,99606500407558,0.1717739,0.16431704,0.11558119
10,99606508091985,0.040877104,0.34097958,0.33628893
4,99606510607922,0.1736381,0.37044573,0.2330266
2,99606516554954,-31.0,1.0,26.0
4,99606518798443,0.15659387,0.57763964,0.33955306
10,99606526883183,-0.33527386,-0.53572464,1.662426
4,99606526883183,0.14354439,0.6668556,0.39254996
4,99606528850995,0.1323591,0.7518104,0.48043427
10,99606536795995,-1.1243968,-1.4237456,2.0524216
4,99606536795995,0.12463594,0.8269115,0.61891866
4,99606538737714,0.14434333,0.88044107,0.7976168
10,99606547196672,-1.3514967,-1.8140674,1.9785247
4,99606547196672,0.20586236,0.8969527,0.98377174
4,99606549195631,0.31691617,0.89855057,1.1302456
10,99606557142193,-0.45265293,-0.85577345,0.712625
4,99606557142193,0.45673212,0.80773675,1.1733888
4,99606559112297,0.6599313,0.73822826,0.994158
10,99606567581724,-0.054299355,-0.28178406,0.75088453
4,99606572475006,0.6873619,0.5856291,0.12623383
10,99606578164329,-2.0150971,-1.1191897,0.6964636
4,99606583005006,-0.67724186,0.18615496,-0.49348375
10,99606589085683,-3.77039,-0.42328072,1.9584098
4,99606592332818,-0.8202536,-0.22929817,-0.26045716
10,99606597500891,-3.8081918,-1.5298505,1.8731623
4,99606602272506,-0.7699199,-0.46046057,-0.15659387
10,99606608464589,-1.704561,-2.3880663,0.9121728
4,99606611717454,-0.47271112,-0.8346347,-0.267914
10,99606617135891,0.19692159,-1.9891381,0.044355392
4,99606621908808,0.06870956,-0.83543366,-0.5563344
10,99606626885787,0.5877688,-1.395906,-0.3341508
4,99606630255162,0.47990164,-0.54834485,-0.64182186
10,99606636919954,0.355039,0.5276041,-0.7932601
4,99606641693704,0.4002731,-0.3502057,-0.6125271
10,99606648020683,-0.60987246,2.085692,-2.2534728
4,99606651318339,-0.12144015,-0.28708878,-0.58243334
10,99606656698599,-0.836117,2.3623722,-2.2378473
4,99606661505891,-0.63436496,-0.26045716,-0.50173956
10,99606667804537,-0.64351654,1.6856985,-1.5715365
4,99606671057766,-0.7765778,-0.19574234,-0.4415521
10,99606676450683,-0.41813684,0.6439543,-1.0622616
4,99606681231256,-0.6676545,-0.122771725,-0.45380265
10,99606687570527,-0.59226954,-0.04598093,-0.5476284
2,99606690840527,-24.0,2.0,24.0
10,99606696260787,-1.0582378,-0.02667427,-0.28351307
4,99606700357193,-0.16138756,-0.18562233,-0.41918156
10,99606707350735,-1.3165455,0.4054327,-0.2615223
4,99606710590631,-0.034088463,-0.2580603,-0.37923414
10,99606715988027,-1.205241,0.85657597,-0.23502064
4,99606720730891,-0.05566007,-0.2761698,-0.3289004
10,99606725718235,-0.9730741,0.93415403,-0.43919468
4,99606729133391,-0.16964336,-0.23861924,-0.27004454
10,99606735754172,-0.8069544,1.0706205,-0.43626785
4,99606740523756,-0.2559298,-0.18242654,-0.20559604
10,99606746950579,-0.7210375,1.050952,-0.3771386
4,99606750190631,-0.31718248,-0.13981596,-0.13582122
10,99606755542818,-0.7152579,1.1163459,-0.2565999
4,99606760295787,-0.35473305,-0.13981596,-0.09241169
10,99606766679381,-0.7213986,1.2397871,-0.124454975
4,99606769914745,-0.38296258,-0.15100123,-0.0396811
10,99606775320474,-0.69780993,1.0049286,-0.06239605
4,99606780101204,-0.41199103,-0.165116,0.042876896
10,99606786463547,-0.6533196,0.7063389,-0.034335613
4,99606789697766,-0.37470677,-0.17070863,0.101200126
10,99606795153547,-0.58955157,0.49020863,-0.003230095
4,99606799975579,-0.33156356,-0.18109496,0.11584751
10,99606806237089,-0.622507,0.5791435,-0.14745665
4,99606809448495,-0.31824777,-0.22024342,0.09081379
10,99606814897922,-0.71252203,0.98896265,-0.11513662
4,99606819674016,-0.34141725,-0.304133,0.07084008
10,99606824613183,-0.8738204,1.1421547,-0.08357906
4,99606828038808,-0.39814258,-0.4098605,0.07483483
10,99606834481672,-0.80546534,0.9284396,-0.13191795
4,99606839246256,-0.479369,-0.48869008,0.09134643
10,99606845807089,-0.62124264,0.40915918,-0.07762146
4,99606849039329,-0.55074173,-0.5137238,0.10918961
10,99606852818964,-0.4656179,-0.062491417,-0.056073666
4,99606859903079,-0.5653891,-0.5203817,0.1041296
10,99606867468235,-0.55502033,0.080497265,-0.006754875
2,99606870744485,-25.0,3.0,18.0
10,99606875104954,-0.584625,0.12116861,0.043075085
4,99606879851412,-0.5707154,-0.5816344,0.047670584
10,99606885991881,-0.8553903,0.38966608,-0.364223
4,99606889250214,-0.6564692,-0.6178534,0.032490566
10,99606892035579,-0.7428628,0.3058691,-0.3714056
4,99606899399381,-0.74461985,-0.6314355,0.023169503
10,99606907023808,-0.7399466,0.22991848,-0.31138182
4,99606910287245,-0.8250473,-0.6151902,0.038615838
10,99606915099901,-0.7736988,0.2901392,-0.23582363
4,99606920684433,-0.8857674,-0.5840312,0.06578008
10,99606925585214,-0.90805304,0.563848,-0.70572376
4,99606928681204,-0.9243832,-0.540888,0.07163903
10,99606930816360,-1.0852321,0.8990383,-1.2180829
4,99606938943183,-1.019458,-0.48655954,0.06657903
10,99606946547558,-1.2929413,1.1276555,-1.3712544
4,99606949771412,-1.1632688,-0.39920786,0.06897587
10,99606952581151,-1.2929413,1.1276555,-1.3712544
4,99606958385162,-1.2905679,-0.28682247,0.08468852
10,99606965957037,-1.192758,0.2640667,-0.79783726
4,99606969230474,-1.3486248,-0.18056233,0.12010857
10,99606972178391,-1.1089609,-0.3560319,-0.5248985
4,99606978389329,-1.3148026,-0.128897,0.13981596
10,99606985995266,-1.0203626,-0.034827232,0.054745674
4,99606989238808,-1.1611383,-0.1454086,0.09534117
10,99606992057506,-0.88868153,0.2117753,0.06911087
4,99606998086099,-1.0471549,-0.19734024,0.016245283
10,99607004446933,-0.7107161,0.19894361,-0.029986858
4,99607007658651,-1.0069412,-0.24820662,-0.027164243
10,99607012511724,-0.3970592,-0.06536245,-0.03378153
4,99607017290943,-0.9824402,-0.262854,-0.024767399
10,99607022595266,0.034247875,-0.40555906,0.17029
4,99607025810422,-0.8924253,-0.2692456,0.018375812
10,99607031713912,0.27023983,-0.49465418,0.35789394
4,99607037578391,-0.742223,-0.24501082,0.08522116
10,99607042820318,0.9038968,-0.54423094,0.65863943
2,99607046048860,-30.0,11.0,11.0
10,99607052022818,1.0325916,-0.39710903,0.7031994
4,99607056792349,-0.47351006,-0.10759171,0.20453078
10,99607063562558,1.151856,0.20294428,0.6896596
4,99607066809172,-0.4644553,0.009853696,0.29161614
10,99607071929224,1.0948124,0.5704293,0.6590805
4,99607076715162,-0.49401638,0.03542004,0.32756883
10,99607083383131,1.1154349,0.6600313,0.7095356
4,99607086620422,-0.5603291,0.06684534,0.39601207
10,99607091793443,1.3413985,0.5762229,1.153008
4,99607096658235,-0.5901565,0.09054748,0.4564658
10,99607103120683,1.4483097,0.5068793,1.2940531
4,99607106329172,-0.50653327,0.09427591,0.51452273
10,99607111503703,1.7395055,-0.2150588,1.5175171
4,99607116316256,-0.37763625,0.06897587,0.5382249
10,99607121433964,1.8807268,-0.43448782,1.5777588
4,99607124694641,-0.2396845,-0.018109497,0.5028048
10,99607130105266,2.1088853,-0.7023139,1.7037959
4,99607136774328,-0.06764429,-0.15952335,0.43223104
10,99607143096047,2.233673,-0.98212767,1.7372355
4,99607146337558,0.06178534,-0.28122982,0.35233623
10,99607151020787,2.24993,-1.1197548,1.598146
4,99607155883547,0.03355583,-0.32304144,0.257794
10,99607162449901,2.1483948,-0.9377532,1.6665745
4,99607165693183,-0.098004326,-0.32650355,0.18562233
10,99607170824172,1.9268372,-0.66477966,1.927938
4,99607175728287,-0.2282329,-0.3257046,0.15978967
10,99607182231203,1.7194252,-0.8938718,2.3800287
4,99607185465995,-0.2428803,-0.3289004,0.13582122
10,99607190621620,1.5444465,-1.4840126,2.666129
4,99607195469901,-0.1454086,-0.3581952,0.06551377
10,99607202001308,1.4305084,-1.9264965,2.5684414
4,99607205241933,0.00958738,-0.44235107,-0.082025364
10,99607210362505,1.3105917,-1.9231558,2.2189474
4,99607215255162,0.14674018,-0.5563344,-0.2428803
10,99607220381412,1.1268513,-1.5233827,1.749793
2,99607223603078,-28.0,22.0,6.0
10,99607230093078,1.0462596,-0.98490095,1.3297482
4,99607234939745,0.19041602,-0.633566,-0.33289513
10,99607241548808,1.028923,-0.49295044,1.0067773
4,99607244797141,0.101200126,-0.5632586,-0.29321405
10,99607249897974,0.9781027,-0.18773794,0.68007946
4,99607254743755,0.01571265,-0.4777711,-0.26072347
10,99607261326620,0.8990934,-0.049202442,0.55274725
4,99607264577349,-0.026365295,-0.39414784,-0.25699505
10,99607269715578,0.74540186,-0.13246107,0.61166096
4,99607274743651,-0.027696876,-0.32650355,-0.27483824
10,99607281095839,0.46257496,-0.12874794,0.576046
4,99607284407245,0.034088463,-0.27776772,-0.29880667
10,99607289537089,0.15881753,0.027879715,0.5156355
4,99607294469433,0.13981596,-0.24847293,-0.33822146
10,99607300876933,0.010419607,0.23336744,0.4435954
4,99607304180735,0.23915187,-0.22876555,-0.38748994
10,99607309310422,-0.11608362,0.35836506,0.29634237
4,99607314154901,0.32783514,-0.20879184,-0.41252366
10,99607319276724,-0.28172565,0.36654615,-0.026539803
4,99607322451568,0.38402784,-0.1669802,-0.40240365
10,99607328893703,-0.41329002,0.29346657,-0.19854403
4,99607333739120,0.39734364,-0.10652645,-0.37470677
10,99607340422818,-0.5175345,0.32980442,-0.1520114
4,99607343646516,0.39494678,-0.06018744,-0.34514567
10,99607348827766,-0.67059374,0.4593091,0.060820103
4,99607353742141,0.38402784,-0.025832662,-0.30519825
10,99607360205110,-0.85809064,0.4660554,0.06211281
4,99607363446724,0.35340148,0.011185277,-0.23036344
10,99607368621672,-1.0012369,0.35407972,0.23831797
4,99607373632349,0.3334278,0.05566007,-0.12357068
10,99607379969433,-1.0855165,0.23020744,0.3073783
4,99607383219589,0.32783514,0.112119086,-0.013582122
10,99607388439901,-1.1525316,0.0058922768,0.26597548
4,99607393330266,0.29640985,0.16112125,0.09374327
10,99607399827401,-1.1964514,0.035738945,0.15120602
2,99607403048703,-28.0,15.0,12.0
10,99607407878808,-1.2190118,0.40890026,0.07558441
4,99607413720474,0.2908172,0.12916331,0.22104238
10,99607418799016,-1.2351882,0.81163836,-0.2221365
4,99607421899172,0.29374668,0.073236935,0.22077605
10,99607427955787,-1.2160847,0.9871764,-0.58204794
4,99607432798651,0.27084348,0.015978966,0.19068234
10,99607439327766,-1.1285114,1.0071111,-0.6414623
4,99607442539172,0.2559298,-0.031158986,0.15606125
10,99607447505474,-1.0633814,0.90990686,-0.6612754
4,99607452281047,0.24607609,-0.058056913,0.12916331
10,99607459159693,-0.9406743,0.7833433,-0.59777594
4,99607462398860,0.23089607,-0.050333746,0.1107875
10,99607467305995,-0.7864723,0.6202049,-0.3209076
4,99607472080943,0.22184132,-0.038615838,0.104928546
10,99607478863807,-0.75827503,0.50738525,-0.12102413
4,99607482107974,0.22743396,0.027696876,0.12703279
10,99607487142714,-0.7571738,0.43522835,0.023937702
4,99607491904432,0.23515713,0.052464273,0.14434333
10,99607498656151,-0.68377185,0.22432661,0.17818594
4,99607501897818,0.25406557,0.1041296,0.20639499
10,99607507095682,-0.5771873,0.04314232,0.13755655
4,99607511946255,0.2543319,0.11797804,0.22929817
10,99607517056360,-0.480932,-0.036434174,0.10113859
4,99607520211932,0.29188246,0.1222391,0.27989823
10,99607526669537,-0.36597323,-0.022070885,0.10211563
4,99607531482297,0.3584615,0.12623383,0.32463935
10,99607538246307,-0.088133335,0.0871892,-0.087841034
4,99607541484328,0.41092578,0.15472966,0.3289004
10,99607545306255,0.18950844,0.41088486,-0.25086927
4,99607552163651,0.43329632,0.20133498,0.3121225
10,99607558417089,0.19653487,0.39634752,-0.36528158
4,99607561651516,0.35659727,0.31798145,0.30360037
10,99607566199224,-0.05129242,0.17445564,-0.22894096
4,99607570943495,0.32037827,0.34834146,0.30652985
10,99607577766360,-0.13491106,0.07124853,-0.15728664
2,99607581006047,-28.0,15.0,16.0
10,99607585929745,-0.34468317,-0.14468479,0.04189062
4,99607590729745,0.25726137,0.31691617,0.24421188
10,99607597528130,-0.48515368,-0.41774893,0.1352787
4,99607600739537,0.25885928,0.19760656,0.1555286
10,99607605934901,-0.55830836,-0.53836155,0.16205549
4,99607610743703,0.2727077,0.05752428,0.05139901
10,99607615942766,-0.5161159,-0.5750313,0.1475048
4,99607619103547,0.31132352,-0.049002163,-0.033289514
10,99607625556360,-0.30933738,-0.48832512,0.37552357
4,99607630377557,0.36751625,-0.08229168,-0.076965354
10,99607637096151,-0.07569003,-0.4121456,0.5074029
4,99607640345891,0.43702474,-0.045007423,-0.068176925
10,99607645328391,-0.008141756,-0.45360422,0.5409112
4,99607650143287,0.46365637,0.025566347,-0.026365295
10,99607656865057,-0.03390336,-0.37348604,0.48453188
4,99607660092557,0.46179214,0.070307456,0.007989483
10,99607665323287,-0.060943365,-0.09968853,0.42658758
4,99607670111724,0.4596616,0.064182185,0.019973708
10,99607676652089,-0.07236838,0.18155146,0.34109592
4,99607679895214,0.42290998,0.0396811,0.031158986
10,99607684841568,0.00488019,0.44419527,0.06900072
4,99607689635474,0.37550572,0.027963191,0.049002163
10,99607696436932,0.09876156,0.6612587,-0.33358717
4,99607699649537,0.3057309,0.049801115,0.09187906
10,99607704788130,0.17808938,0.7427306,-0.6451187
4,99607709586984,0.23915187,0.12436963,0.16271915
10,99607714838182,0.28239846,0.73348665,-0.59849787
4,99607717991412,0.18855181,0.23702134,0.24367924
10,99607723049745,0.2685511,0.7758212,-0.40965843
4,99607730135474,0.18162759,0.33635727,0.31505197
10,99607736430578,0.032960176,0.9146247,-0.22290611
4,99607739686984,0.22530343,0.40373522,0.36485308
10,99607744323026,-0.21946263,0.85744953,0.03206396
4,99607749315787,0.28122982,0.42344263,0.3800331
10,99607755764589,-0.4586799,0.65649843,0.19222355
2,99607759008130,-27.0,16.0,19.0
10,99607762373130,-0.79147387,0.40271282,0.09884977
4,99607769592193,0.36458677,0.3123888,0.30919302
10,99607777161099,-0.8317338,0.24222374,-0.010527611
4,99607780411412,0.36298886,0.22423817,0.24740767
10,99607784874484,-0.763486,0.38854265,-0.087272644
4,99607789671099,0.3720436,0.14327806,0.20746025
10,99607795970162,-0.612473,0.58295345,-0.12953854
4,99607799217609,0.37550572,0.13768543,0.21092236
10,99607802054120,-0.37544703,0.53028107,-0.11277914
4,99607809541568,0.32676986,0.22556975,0.24314661
10,99607815944484,-0.18198323,0.053533554,-0.04754162
4,99607820278964,0.24740767,0.42024684,0.30173615
10,99607824066672,-0.12683916,-0.8610778,0.80051804
4,99607828836724,0.20692763,0.67271453,0.40586576
10,99607835114589,-0.48199368,-1.6476545,1.41785
4,99607838340214,0.26551718,0.861,0.5707154
10,99607841142245,-1.1475818,-1.8152485,1.8966904
4,99607848705162,0.44448158,0.8591358,0.7281082
10,99607856300162,-1.4614568,-1.7648025,1.385994
4,99607859552557,0.62744075,0.65460503,0.79255676
10,99607861630630,-1.4614568,-1.7648025,1.385994
4,99607868480109,0.73636407,0.40426785,0.60080916
10,99607876067297,-0.48895,0.12327862,-0.3847022
4,99607879325995,0.5861618,0.23728766,0.16911073
10,99607882201307,-0.48895,0.12327862,-0.3847022
4,99607887980266,0.14354439,0.15845808,-0.11132014
10,99607894057974,-0.9398274,0.98016644,-0.79191256
4,99607897303755,-0.23355924,0.10226539,-0.08894958
10,99607902692297,-1.2387422,0.6218729,-0.07259512
4,99607907450630,-0.40187103,0.01784318,-0.038083203
10,99607912341776,-1.1147354,-0.7446561,0.45100307
4,99607915783078,-0.4314321,-0.022370555,-0.05486112
10,99607922424901,-0.868438,-1.369637,0.9424691
4,99607927190943,-0.35233623,-0.103863284,-0.18402444
10,99607933554797,-0.73832476,-2.089652,1.5985341
2,99607936794641,-31.0,17.0,20.0
10,99607942241464,-1.1455108,-1.167551,1.2201066
4,99607946999016,0.023702133,-0.33848777,-0.30519825
10,99607953341568,-0.99625605,0.34767723,0.16057205
4,99607956591932,0.03568636,-0.52357745,-0.29933932
10,99607961984953,-0.39661765,1.6487961,-1.0354238
4,99607966763703,-0.084155895,-0.5387575,-0.34301516
10,99607973145057,-0.07443416,2.0759897,-1.3449264
4,99607976392297,-0.42557314,-0.49854377,-0.4631237
10,99607981801672,-0.007838607,1.83882,-1.6004472
4,99607986641203,-0.87777793,-0.39947417,-0.4575311
10,99607992927349,-0.15446723,1.5670953,-1.0749321
4,99607996176776,-0.984837,-0.3110572,-0.35446674
10,99608001537609,-0.2540964,-0.5511441,0.2097354
4,99608006362089,-0.88496846,-0.26684874,-0.31691617
10,99608011341203,-0.41522002,-1.1468272,0.5149436
4,99608014671672,-0.6263755,-0.34408042,-0.34115094
10,99608021108339,-0.7320807,-1.3432031,0.993536
4,99608025919276,-0.19387813,-0.5203817,-0.381631
10,99608031700214,-0.84827316,-0.8675375,0.7561197
4,99608034979797,0.09187906,-0.680704,-0.41278997
10,99608041111828,-0.5416472,-0.0010008812,0.0888443
4,99608046022193,0.11984225,-0.7637946,-0.45806372
10,99608052256047,-0.14675498,0.89224625,-0.32435465
4,99608055501151,0.00479369,-0.7352988,-0.4775048
10,99608060849224,0.14925408,1.2639837,-0.45797157
4,99608065766411,-0.18056233,-0.6037386,-0.4327637
10,99608072078130,0.38332582,1.0760374,-0.23426104
4,99608075318026,-0.36911413,-0.43888897,-0.37310886
10,99608080628078,0.3693061,0.81029415,-0.009829521
4,99608085460786,-0.47377637,-0.2958772,-0.3153183
10,99608091813547,0.115905285,0.5151315,0.415143
4,99608095030682,-0.46951532,-0.22796659,-0.23515713
10,99608100436151,-0.2092874,0.283,0.7616501
4,99608105259276,-0.3635215,-0.21598236,-0.1685781
10,99608110258078,-0.3437531,0.022049427,0.8933778
2,99608113572713,-27.0,16.0,19.0
10,99608120240526,-0.304013,-0.1305418,0.9088135
4,99608125088547,-0.11504856,-0.2793656,-0.16005598
10,99608131374745,-0.30822372,-0.0624094,0.6614704
4,99608134610943,-0.04234426,-0.3187804,-0.16937704
10,99608139966047,-0.22869086,0.046215057,0.36012125
4,99608144837401,-0.04474111,-0.3339604,-0.15339808
10,99608151137401,-0.108377695,0.32593727,0.18536043
4,99608154439536,-0.07829694,-0.31931302,-0.13289174
10,99608159744849,0.0027816296,0.58301353,0.09120703
4,99608163684693,-0.13129385,-0.27776772,-0.11424961
10,99608170910734,0.07610011,0.52523947,0.04579258
4,99608174207922,-0.20852552,-0.22849922,-0.092145376
10,99608179521828,0.025573254,0.29591894,0.11025429
4,99608184386151,-0.25033715,-0.18429075,-0.07057377
10,99608190703807,-0.019378662,0.06584263,0.29927254
4,99608193964693,-0.23435818,-0.16644756,-0.06977482
10,99608199301099,-0.11874509,-0.022663593,0.35566998
4,99608204125891,-0.18695392,-0.17417073,-0.086020105
10,99608209095213,-0.16128826,-0.037242413,0.33731556
4,99608212458547,-0.14940333,-0.17576863,-0.10466223
10,99608218006984,-0.079304695,-0.033489704,0.33776045
4,99608224382713,-0.15472966,-0.1603223,-0.09347696
10,99608230471984,-0.04458928,-0.154109,0.29986
4,99608233711099,-0.16644756,-0.11318435,-0.051665325
10,99608238888078,0.011155605,-0.06964159,0.25230503
4,99608243805370,-0.14061491,-0.06950851,-0.015180019
10,99608250026984,-0.004859209,0.111611366,-0.110023975
4,99608253260838,-0.13502227,-0.037284255,-0.014647386
10,99608258622818,0.014658213,0.27061033,-0.26354933
4,99608263569068,-0.15180019,-0.010918961,-0.034088463
10,99608269797193,0.053323507,0.31439924,-0.12530613
4,99608273029328,-0.15313177,0.03568636,-0.029827405
10,99608278400161,-0.024482489,0.12198162,-0.1361022
4,99608283245213,-0.16085494,0.092944324,-0.0018642128
10,99608289587974,-0.105834484,0.062259674,0.042822838
2,99608292851411,-25.0,16.0,19.0
10,99608298360526,-0.25117326,0.024894238,0.29584217
4,99608303208495,-0.09534117,0.09960223,0.00479369
10,99608308116568,-0.40322733,-0.014076233,0.31671
4,99608311376568,-0.09347696,0.071106404,-0.004527374
10,99608317966151,-0.4513588,0.062653065,0.4141159
4,99608322815213,-0.10466223,-0.007456851,-0.040480047
10,99608329140578,-0.40692234,0.14642048,0.26767397
4,99608332387609,-0.11930962,-0.05139901,-0.056991648
10,99608337744380,-0.2984264,0.28773642,0.172081
4,99608342511463,-0.1272991,-0.06524745,-0.0644485
10,99608348914380,-0.19272614,0.2639494,0.12841654
4,99608352167140,-0.13848437,-0.03834952,-0.049002163
10,99608357521151,-0.119063616,0.11913061,0.20989609
4,99608362360265,-0.14407702,-0.01571265,-0.032756884
10,99608368700057,-0.21503139,-0.013314247,0.03381443
4,99608371948703,-0.13342437,0.014647386,0.014913702
10,99608377299797,-0.23542213,-0.020782948,0.081456184
4,99608382101411,-0.11744541,0.016511599,0.018642128
10,99608388477609,-0.20007205,-0.027360916,0.08366537
4,99608391687036,-0.07350325,0.006924219,0.002130529
10,99608397075890,-0.116197586,0.008559704,0.25522614
4,99608402816203,-0.06737798,0.0077231675,-0.0013315806
10,99608407803182,-0.1266191,0.10573149,0.15780878
4,99608410908963,-0.056991648,0.0039947415,0.0031957934
10,99608416529120,-0.115537405,0.12822914,0.13643742
4,99608421390213,-0.05965481,0.016511599,0.01784318
10,99608428024276,-0.048240423,0.2091384,0.036708355
4,99608431337870,-0.071106404,0.03834952,0.023435818
10,99608436629484,0.039330244,0.17809391,0.054480076
4,99608441389484,-0.08628642,0.061519023,0.027696876
10,99608447797453,0.042464018,0.12711716,0.013636112
4,99608451032140,-0.10040118,0.08841695,0.03568636
10,99608456404693,0.0901165,0.15071678,-0.01311636
4,99608461316932,-0.09161274,0.11345066,0.03009372
10,99608467577922,0.1168232,0.15654325,-0.039156437
2,99608470815109,-27.0,16.0,18.0
10,99608476261724,0.16424656,0.16272879,-0.008916378
4,99608481101411,-0.057790596,0.20186761,0.031158986
10,99608487373547,0.19728231,0.15121746,0.20664692
4,99608490583338,-0.028495824,0.25992453,0.06178534
10,99608495962036,0.14112997,0.07888842,0.3384099
4,99608500737557,0.02396845,0.30040458,0.10146644
10,99608505777557,0.042325735,0.0953784,0.4669652
4,99608509118807,0.07376956,0.31771514,0.11611383
10,99608515739120,0.009802818,0.086295605,0.4321761
4,99608520560474,0.08016115,0.3073288,0.11025487
10,99608526911567,-0.03768468,-0.02764988,0.40568686
4,99608530129797,0.043409526,0.30013826,0.1041296
10,99608535518234,-0.070990324,-0.027629375,0.56571627
4,99608540305942,0.02130529,0.29348037,0.112119086
10,99608546688859,-0.12268257,-0.056738853,0.5509877
4,99608549924432,0.0063915867,0.27084348,0.11744541
10,99608555295786,-0.21660995,-0.08099413,0.29143095
4,99608560074015,-0.034088463,0.22903186,0.09720538
10,99608566465942,-0.20300317,-0.03452587,0.10322094
4,99608569704172,-0.06018744,0.20532973,0.056991648
10,99608575083599,-0.109861374,-0.084591866,0.2226224
4,99608579946047,-0.055127434,0.2034655,0.025033714
10,99608586246307,-0.08382392,-0.24910498,0.5741544
4,99608589454172,-0.015446335,0.22530343,0.021571605
10,99608594851984,-0.19784069,-0.48751736,0.8158512
4,99608599613078,0.019973708,0.23782028,0.02609898
10,99608604580265,-0.42411947,-0.59342957,0.97282076
4,99608608006047,0.020506341,0.21225394,0.015446335
10,99608614295890,-0.7018907,-0.5276542,1.1271558
4,99608619117401,0.009853696,0.14780544,-0.002396845
10,99608625777088,-0.85498345,-0.40748692,1.2828641
4,99608628996151,0.008522116,0.05486112,-0.015978966
10,99608634460474,-0.9477806,-0.2473321,1.2684851
4,99608639270370,0.0015978967,-0.047670584,-0.036218993
10,99608645554120,-0.9388082,0.037142754,1.1189861
2,99608648790526,-29.0,14.0,17.0
10,99608652175682,-0.9196546,0.42739773,0.73112535
4,99608659563755,-0.03355583,-0.19068234,-0.100933805
10,99608667126255,-0.8670417,0.661242,0.48614883
4,99608670393599,-0.06657903,-0.20879184,-0.10333065
10,99608675177088,-0.8319262,0.7506981,0.58716154
4,99608679953963,-0.06338324,-0.20586236,-0.061252706
10,99608686048078,-0.7150161,0.67554426,0.66611814
4,99608689292557,-0.033289514,-0.19201392,-0.041279
10,99608692151984,-0.6120646,0.5271125,0.60865736
4,99608699511099,-0.024234766,-0.18588865,-0.07962852
10,99608705898286,-0.6589484,0.4127183,0.6296873
4,99608710203078,-0.019441076,-0.2050634,-0.11531488
10,99608714021255,-0.7823181,0.41369724,0.6251087
4,99608718882349,0.0058589545,-0.22184132,-0.09933591
10,99608724986203,-0.8476081,0.4524393,0.5620866
4,99608728220161,0.045007423,-0.22104238,-0.050333746
10,99608731070942,-0.7302923,0.5003233,0.38252115
4,99608738657765,0.072171666,-0.20293288,-0.009321064
10,99608746357765,-0.517575,0.5862665,0.16129208
4,99608749593755,0.08362326,-0.17443706,0.00958738
10,99608754442036,-0.5280304,0.5818596,0.16068125
4,99608759258234,0.09134643,-0.14407702,0.023435818
10,99608765097922,-0.19229889,0.68342066,-0.38328266
4,99608768513026,0.094808534,-0.09720538,0.046072688
10,99608771341619,-0.051041126,0.66187286,-0.66579866
4,99608777990317,0.080960095,-0.036218993,0.077231675
10,99608785624797,0.09571791,0.66397715,-0.8336911
4,99608788902869,0.079095885,0.03355583,0.099069595
10,99608791689484,0.26810145,0.6544094,-0.8241143
4,99608798507765,0.08149273,0.09534117,0.10279802
10,99608804907297,0.38970566,0.46738625,-0.75480413
4,99608809207244,0.07456851,0.14514229,0.098004326
10,99608811367974,0.47110844,0.18726444,-0.69016075
4,99608811367974,0.06391586,0.175236,0.09614012
4,99608817780942,0.06391586,0.175236,0.09614012
10,99608824095994,0.42527866,-0.034419537,-0.54744244
2,99608827335734,-25.0,16.0,17.0
10,99608831653234,0.37845182,-0.13779879,-0.4172573
4,99608836448755,0.068176925,0.24980451,0.09640643
10,99608843556047,0.35557818,-0.20086432,-0.41322708
4,99608846777505,0.06977482,0.26764768,0.081226416
10,99608851950317,0.3643868,-0.2691512,-0.40999937
4,99608856799224,0.056459017,0.27164245,0.072970614
10,99608863323703,0.36808276,-0.32044363,-0.32724524
4,99608866581411,-0.010386328,0.2908172,0.04181163
10,99608871707349,0.33071303,-0.36762667,-0.28749943
4,99608876570161,-0.036485307,0.29161614,0.031158986
10,99608883095317,0.35005426,-0.38413095,-0.2256279
4,99608886323130,-0.070307456,0.29454562,0.011717909
10,99608891446776,0.29925346,-0.4423437,-0.02268076
4,99608896229119,-0.08042747,0.29481193,-0.0029294773
10,99608901449328,0.28604364,-0.5121083,0.030365467
4,99608904674901,-0.0777643,0.30626354,-0.021038974
10,99608911103807,0.28481245,-0.7498236,0.20509243
4,99608915990474,-0.07137272,0.33182988,-0.04474111
10,99608922650369,0.23158407,-0.9762459,0.37623549
4,99608925889692,-0.05219796,0.35633096,-0.072171666
10,99608931000474,-0.017116547,-0.85742235,0.58758116
4,99608935844640,-0.009054748,0.36298886,-0.09640643
10,99608942436411,-0.10054016,-0.7658162,0.55996275
4,99608945677661,0.027164243,0.34834146,-0.12010857
10,99608950627869,-0.25254726,-0.59584093,0.48362303
4,99608955548182,0.03089267,0.31638354,-0.15446335
10,99608962226567,-0.28419065,-0.32778978,0.50411415
4,99608965465578,0.02609898,0.27190876,-0.18695392
10,99608970633859,-0.27320457,-0.16643524,0.513309
4,99608975514328,0.023169503,0.23888555,-0.21731395
10,99608982021411,-0.22401333,-0.018621445,0.61131
4,99608985235526,0.035153728,0.221575,-0.23702134
10,99608990208651,-0.18777323,0.101076126,0.6798153
4,99608995053078,0.04873585,0.22530343,-0.24873926
10,99609000320161,-0.21459699,0.1641221,0.7035885
2,99609003575057,-27.0,14.0,16.0
10,99609010186880,-0.25095797,0.15026426,0.71504784
4,99609014169015,0.056459017,0.23249397,-0.26684874
10,99609021656046,-0.30423594,0.16951132,0.66145325
4,99609024896203,0.072171666,0.21518342,-0.26684874
10,99609029726515,-0.27976346,0.22133303,0.62164545
4,99609033916984,0.09534117,0.20213392,-0.2615224
11,99609040474380,-0.445865,0.070996,-0.429331,0.7822,0.0
4,99609040474380,0.105993815,0.20133498,-0.25832662
4,99609044541984,0.11531488,0.20453078,-0.2561961
10,99609048135682,-0.088364124,0.3456111,0.43911123
4,99609053738807,0.13662016,0.22264028,-0.2479403
10,99609059718755,0.0038912296,0.40568876,0.4051385
4,99609062950005,0.1520665,0.25033715,-0.23062976
10,99609067941255,3.8194656E-4,0.36770344,0.22426462
4,99609075018494,0.1419465,0.2876214,-0.20639499
10,99609081306046,0.0079500675,0.34032774,0.20579863
4,99609084559692,0.14674018,0.314253,-0.1882855
10,99609089104796,-0.026494265,0.4022174,0.16275692
4,99609093955005,0.16431704,0.33449304,-0.17816548
10,99609099220474,-0.041738033,0.2820201,0.120949745
4,99609102434953,0.16564862,0.34514567,-0.16058862
10,99609108867869,-0.12800503,0.01732397,0.079711914
4,99609113735526,0.17496969,0.3520699,-0.12969595
10,99609120419276,-0.16536069,-0.2389102,0.088896275
4,99609123653546,0.21598236,0.36911413,-0.09667275
10,99609128824796,0.015640974,-0.42337322,0.63261366
4,99609133708911,0.33529198,0.37790257,-0.087085366
10,99609140250109,-0.02322054,-0.46837044,0.87039614
4,99609143486359,0.46152583,0.3683152,-0.07403588
10,99609148413286,-0.07065749,-0.27106714,1.0731931
4,99609153376932,0.5526059,0.36485308,-0.098004326
10,99609159973494,0.07119703,0.12456179,1.4236822
4,99609163182505,0.660464,0.39148468,-0.16777915
10,99609168376984,-0.05503106,0.552063,1.8035903
4,99609173254171,0.7214503,0.45353633,-0.23169503
10,99609179801307,-0.25718617,0.7887378,2.0425797
2,99609183065317,-27.0,8.0,14.0
10,99609187618494,-0.5326781,0.98903227,2.1909194
4,99609193916619,0.664725,0.46578687,-0.38802257
10,99609199001151,-0.8019793,0.87426186,2.017634
4,99609202099692,0.63889235,0.3568636,-0.45540056
10,99609207782244,-0.9130093,0.5036812,1.6752224
4,99609212554744,0.60080916,0.20719394,-0.50600064
10,99609219335578,-0.6506927,0.09773159,1.4241815
4,99609222537401,0.5680523,0.103064336,-0.5526059
10,99609227739848,-0.20586944,-0.068442345,1.5174961
4,99609232541359,0.6125271,0.06924219,-0.5656554
10,99609239088494,-0.03541088,-0.05092764,1.5799685
4,99609242300005,0.67963874,0.10066749,-0.5305017
10,99609247495630,-0.096294165,-0.024182796,1.1414013
4,99609252336463,0.71798825,0.12144015,-0.46498793
10,99609258863807,-0.39379096,-0.08446932,0.53961563
4,99609262098130,0.7030745,0.094808534,-0.37230992
10,99609267070578,-0.40864897,-0.37661886,0.08074999
4,99609271853598,0.68816084,0.076965354,-0.33156356
10,99609278675578,-0.16571712,-0.62381554,0.10735035
4,99609281890057,0.69694924,0.054062173,-0.27483824
10,99609287063807,-0.07815552,-0.5282159,-0.09011793
4,99609291848078,0.69508505,0.054594804,-0.2727077
10,99609297001255,-0.2507751,-0.10245037,-0.42870855
4,99609300221619,0.65487134,0.04660532,-0.2612561
10,99609306652661,-0.3490274,0.059173584,-0.6720505
4,99609311439432,0.55127436,0.015180019,-0.23276028
10,99609318183286,-0.37895083,0.29215097,-1.0426006
4,99609321420994,0.36618465,-0.037550572,-0.19201392
10,99609326467401,-0.14355183,0.1929245,-1.2157488
4,99609331216671,0.31664985,-0.038083203,-0.18935075
10,99609337970734,-0.03830433,0.11501694,-1.2001352
4,99609341207817,0.2591256,-0.0039947415,-0.18615496
10,99609346227765,-0.005333185,-0.093034744,-1.1491051
4,99609351012088,0.25726137,0.047670584,-0.15419704
10,99609357739953,-0.07561445,-0.14167929,-1.2072673
2,99609360973078,-21.0,9.0,16.0
10,99609365890734,-0.18154883,-0.13065243,-1.2939243
4,99609370656984,0.283893,0.11424961,-0.11611383
10,99609377540994,-0.23681712,-0.060119152,-1.4169054
4,99609380785786,0.28309402,0.0974717,-0.13315806
10,99609385718807,-0.31208777,0.2642684,-1.8185725
4,99609391496567,0.25033715,0.06524745,-0.1403486
10,99609396609328,-0.30466866,0.39199543,-1.9105053
4,99609399718025,0.18801917,0.07057377,-0.13209279
10,99609404454848,-0.14801526,0.5951276,-2.0187254
4,99609411310838,0.13129385,0.11531488,-0.09534117
10,99609417618025,-0.075966835,0.6916876,-1.8726039
4,99609420859432,0.12783173,0.18482338,-0.03435478
10,99609425400161,-0.07364011,0.54769325,-1.6190004
4,99609430195421,0.18908444,0.21784659,0.03169162
10,99609436841932,-0.07486749,0.49068022,-1.5747943
4,99609440084744,0.32996565,0.22770028,0.07137272
10,99609445259067,-0.07098818,0.2973194,-1.5134606
4,99609450068442,0.48203218,0.22849922,0.07749799
10,99609456655994,-0.16115236,0.3674326,-1.359889
4,99609459890838,0.6202502,0.21731395,0.09134643
10,99609464810890,-0.33268094,0.58117676,-1.307507
4,99609469560265,0.6924219,0.16218652,0.12463594
10,99609476394328,-0.32936645,0.87161684,-1.4746146
4,99609479650265,0.66871977,0.077231675,0.15339808
10,99609484748494,0.045222282,1.1695156,-1.2863297
4,99609489543598,0.57604176,0.06737798,0.17710021
10,99609494811098,0.43541098,0.9459472,-0.89485884
4,99609499129588,0.2790993,0.21518342,0.24421188
10,99609504052036,0.35932684,0.27492523,-0.63392687
4,99609508821567,-0.17283916,0.474309,0.3581952
10,99609516013650,0.09363723,-0.14032316,0.24147701
4,99609519218650,-0.50626695,0.71106404,0.4293016
10,99609524409953,-0.2118392,-0.4682603,1.2651348
4,99609529164953,-0.6245113,0.8061389,0.4000068
10,99609535709484,-0.5796695,-0.65646887,1.711865
2,99609538942921,-23.0,2.0,18.0
10,99609544002140,-0.9594357,-0.68646,1.6318364
4,99609548824692,-0.40559945,0.567786,0.22690132
10,99609555548078,-0.9039433,-0.63176966,1.4616346
4,99609558758338,-0.24074976,0.44341633,0.11558119
10,99609561617869,-0.54481304,-0.31094646,1.3515015
4,99609569355109,0.0031957934,0.38748994,-0.014114754
10,99609576928650,-0.37305498,0.15136147,1.1097994
4,99609580187661,0.19600865,0.3619236,-0.08548747
10,99609584505942,-0.35088325,0.12843657,1.0835252
4,99609589320942,0.2711098,0.34780884,-0.0892159
10,99609594360317,-0.36022556,0.49912214,0.8987818
4,99609597467400,0.2625877,0.36218992,-0.070041135
10,99609601245265,-0.35304296,0.23097134,1.2028456
4,99609608894119,0.2479403,0.39468047,-0.036751624
10,99609616428130,-0.4941547,-0.13972759,1.3653321
4,99609619699484,0.25859293,0.42557314,0.0015978967
10,99609624173546,-0.73446655,-0.43995667,1.4641061
4,99609628955786,0.25646242,0.39920786,0.025300032
10,99609635195057,-0.9347844,-0.45676756,1.418139
4,99609638448286,0.25220135,0.31718248,0.03701794
10,99609640710005,-1.0568887,-0.3107214,1.298428
4,99609648445213,0.22610238,0.23622239,0.04527374
10,99609656011932,-0.87624454,-0.27832127,1.1225419
4,99609659275057,0.17390442,0.18668759,0.04527374
10,99609662076255,-0.87624454,-0.27832127,1.1225419
4,99609667873546,0.1470065,0.15472966,0.04580637
10,99609675483963,-0.6598455,0.0032043457,0.9148717
4,99609678728702,0.13502227,0.1371528,0.043675844
10,99609681603755,-0.5042224,0.1803751,0.8334689
4,99609688403234,0.122771725,0.12436963,5.326322E-4
10,99609694794119,-0.37305486,0.3260479,0.68351793
4,99609699268286,0.0974717,0.10918961,-0.06178534
10,99609702965473,-0.41559708,0.43034172,0.55164766
4,99609707789171,0.052996907,0.095074855,-0.10040118
10,99609714077452,-0.5002024,0.33122206,0.4311738
2,99609717336984,-27.0,-12.0,21.0
10,99609720716098,-0.5839995,0.13489723,0.4072318
4,99609727575525,-0.04234426,0.08175905,-0.07962852
10,99609733673182,-0.6223941,0.077497005,0.5401244
4,99609736893130,-0.016245283,0.05352954,-0.042077947
10,99609742064119,-0.6932483,0.04567957,0.6405082
4,99609746937400,0.017310547,0.03781689,-0.030626353
10,99609753061150,-0.7445948,0.07063484,0.5372839
4,99609756277348,0.1073254,-0.023169503,-0.009321064
10,99609761714380,-0.6997794,0.20391512,0.42889404
4,99609766663077,0.12996227,-0.043409526,-0.014114754
10,99609772875109,-0.634717,0.37806082,0.33461523
4,99609776125057,0.1504686,-0.07190535,-0.020240024
10,99609781548807,-0.6259084,0.36028576,0.2175808
4,99609786588963,0.11851067,-0.06711166,-0.0013315806
10,99609791495161,-0.6431315,0.3499775,0.085817814
4,99609794638390,0.042876896,-0.04873585,0.022903185
10,99609801300994,-0.6741358,0.38119507,0.09411764
4,99609806120942,-0.0061252704,-0.027696876,0.03089267
10,99609812424171,-0.7593446,0.24769211,0.14875698
4,99609815665890,-0.04234426,-0.021837922,0.034621093
10,99609821057765,-0.8403573,0.010821819,0.16561556
4,99609825966098,-0.0727043,-0.03355583,0.033023197
10,99609832195734,-0.8092164,-0.012876034,0.17254019
4,99609835435421,-0.07163903,-0.057257965,0.018908445
10,99609840835421,-0.80207336,0.0022206306,0.10147381
4,99609845675786,-0.06231797,-0.076965354,0.011185277
10,99609851980525,-0.76429236,0.03792715,0.051977158
4,99609855219952,-0.046072688,-0.09161274,0.011451593
10,99609860613494,-0.67848766,0.12516356,-0.0792222
4,99609865455525,-0.045007423,-0.09427591,0.0026631611
10,99609871750369,-0.5945368,0.29958153,-0.15117502
4,99609874962557,-0.050600063,-0.09081379,-0.006657903
10,99609880381359,-0.4595871,0.41374588,-0.18469143
4,99609885377765,-0.061519023,-0.07456851,-0.012516857
10,99609890283338,-0.29679406,0.43426943,-0.08410597
2,99609893561150,-24.0,-14.0,23.0
10,99609899684067,-0.20817912,0.41840506,-0.04966879
4,99609904728702,-0.09986854,0.018109497,0.030360037
10,99609911023702,-0.21922743,0.2824087,0.104551315
4,99609914353702,-0.08016115,0.072171666,0.07856325
10,99609919934015,-0.27049875,0.008616924,0.15946722
4,99609924847504,-0.054594804,0.109988555,0.104928546
10,99609931056515,-0.27318537,-0.012670994,0.25027418
4,99609934481411,0.004261058,0.10839066,0.08894958
10,99609939701359,-0.29692984,0.05503273,0.29681826
4,99609944645734,0.051665325,0.09853696,0.0628506
10,99609949683390,-0.37994826,0.08972311,0.1680932
4,99609952917192,0.056991648,0.09161274,0.050333746
10,99609959480577,-0.35715532,0.15174007,0.06750059
4,99609964378598,0.043942157,0.092944324,0.03089267
10,99609970610525,-0.2738719,0.16125584,0.089612484
4,99609973937921,0.025566347,0.08149273,0.009321064
10,99609979257661,-0.24521697,0.19027472,0.21305418
4,99609984225786,0.022370555,0.07084008,-0.0015978967
10,99609989125942,-0.25392377,0.20931053,0.3197937
4,99609992424067,0.025832662,0.054062173,0.0010652645
10,99609997984379,-0.2565192,0.24674463,0.4046626
4,99610004343598,0.03222425,0.03888215,0.011185277
10,99610010420161,-0.26932597,0.30506086,0.4269247
4,99610013654744,0.04181163,0.025300032,0.02396845
10,99610018496202,-0.26826894,0.25818777,0.34409285
4,99610023322973,0.044208474,0.011717909,0.040213734
10,99610029961359,-0.30064166,0.28818178,0.25426435
4,99610033209223,0.05219796,-0.014114754,0.04474111
10,99610038605577,-0.26527035,0.34907722,0.109613895
4,99610043550057,0.036751624,-0.048469532,0.035153728
10,99610049743234,-0.20713782,0.42961645,-0.009826183
4,99610052963390,0.0031957934,-0.086020105,0.017310547
10,99610058388286,-0.09920943,0.6600466,-0.19864702
4,99610063304431,-0.0029294773,-0.123836994,-0.0026631611
10,99610069562348,-0.054018855,0.91969967,-0.47434378
2,99610072822348,-25.0,-14.0,23.0
10,99610078276879,0.01940751,0.7966976,-0.68911314
4,99610083252609,-0.05219796,-0.1073254,-0.040746365
10,99610088179952,0.02390027,0.5293689,-0.69006777
4,99610091361723,-0.109988555,-0.101999074,-0.070041135
10,99610096956463,-0.05973935,0.24048376,-0.35934877
4,99610103250577,-0.12756541,-0.104928546,-0.0958738
10,99610109336202,-0.022095084,-0.11947775,0.28107595
4,99610112583390,-0.123836994,-0.076965354,-0.1536644
10,99610117788754,0.008256674,-0.73320246,0.86174726
4,99610122590994,-0.079095885,0.008522116,-0.21331921
10,99610128849640,-0.09859753,-1.2143531,1.5891547
4,99610132099275,0.07084008,0.12650016,-0.15632756
10,99610137541202,-0.37761676,-1.3190866,1.9470897
4,99610142355265,0.31851408,0.35313517,0.113983296
10,99610148622504,-0.25400996,-1.3463783,1.9953179
4,99610151865629,0.51691955,0.60267335,0.45247108
10,99610157317192,0.25139976,-1.2540936,1.7449517
4,99610162105838,0.64741445,0.7384946,0.65673554
10,99610168410421,0.12714636,-0.7729397,0.8642726
4,99610171623442,0.74248934,0.7747136,0.83942837
10,99610177053025,-0.46750855,-0.13525105,-0.28283548
4,99610181829900,0.77897465,0.7736483,0.94994956
10,99610186813598,-0.35303605,0.84326696,-2.4511714
4,99610190195629,0.71772194,0.7547399,0.9869675
10,99610195665004,0.4539305,1.8800111,-2.066832
4,99610202396150,0.5344964,0.83010733,0.3054646
10,99610208522817,-0.89526236,0.8457799,-0.24213505
4,99610211757504,-1.0255834,0.67058396,-0.39814258
10,99610216666254,-3.5094848,0.18536997,1.471611
4,99610221556567,-1.3084111,0.49534798,-0.2591256
10,99610227812921,-4.257838,-0.94008064,2.5257258
4,99610231049327,-1.1819109,-0.056991648,0.1107875
10,99610236383129,-2.8919716,-2.4321055,2.0751352
4,99610241352296,-0.597347,-0.6785734,0.02876214
10,99610247546254,-1.9215806,-2.743012,1.5675197
2,99610250799484,-28.0,-16.0,23.0
10,99610256291775,-0.41947222,-0.8137288,0.5798197
4,99610261062348,0.17949706,-1.2178636,-0.9502159
10,99610267547244,-0.7685705,-0.097561836,-0.1466999
4,99610270790265,-0.070041135,-1.1883025,-0.97711384
10,99610276005994,-0.82914037,1.3548799,-0.07268953
4,99610280765213,-0.5219796,-1.092695,-0.7102651
10,99610285761983,-0.85437095,1.5156512,0.2968402
4,99610289078858,-0.7459514,-1.015197,-0.5001417
10,99610294606671,-0.8305657,0.63972664,0.61428547
4,99610301174015,-0.8708537,-0.9371664,-0.44821003
10,99610307302817,-0.7036058,-0.2729659,1.145371
4,99610310554536,-0.78323567,-0.9350359,-0.49428272
10,99610315485473,-0.93642306,-0.7603836,1.3611894
4,99610320233806,-0.54275227,-0.9864349,-0.47564057
10,99610326670265,-1.1047302,-0.6811576,1.1858087
4,99610329903598,-0.2908172,-1.0322412,-0.34887412
10,99610335296254,-1.0346341,-0.11818695,0.5999055
4,99610340116046,-0.1419465,-1.0351708,-0.24554345
10,99610346409067,-0.6723628,0.8299794,-0.04821539
4,99610349645265,-0.14354439,-1.0229203,-0.21491711
10,99610355051671,-0.3279071,1.7323594,-0.4100585
4,99610359893286,-0.24927188,-0.99069595,-0.180296
10,99610366207036,-0.097700834,2.1571064,-0.72732306
4,99610369463181,-0.41518682,-0.87138635,-0.06684534
10,99610374871671,-0.0709672,1.8469291,-1.0671601
4,99610380639223,-0.6016081,-0.67990506,0.08628642
10,99610385651306,-0.13673973,1.4087653,-0.9106288
4,99610388762713,-0.6716492,-0.5454154,0.16005598
10,99610394708390,-0.40821743,1.1847191,-0.5162587
4,99610399544588,-0.6399576,-0.5547365,0.1470065
10,99610405777088,-0.86030257,1.1760497,-0.23522615
4,99610408989588,-0.59388494,-0.7004114,0.11265171
10,99610414435473,-1.1063428,1.461154,-0.018402576
4,99610419235890,-0.5387575,-0.8253136,0.09933591
10,99610425563181,-0.9173744,1.0394163,0.04147196
2,99610428815161,-21.0,-4.0,18.0
10,99610434181098,-0.7488055,0.4910717,-0.028300762
4,99610439009588,-0.60080916,-0.76752305,0.16831179
10,99610445327921,-0.76793075,0.35484743,0.30568886
4,99610448566202,-0.43036684,-0.7052051,0.23995082
10,99610453992088,-0.9004476,0.12378597,0.35289955
4,99610458736983,-0.2974751,-0.6985472,0.2759035
10,99610465114588,-0.86608887,0.24862814,0.2158494
4,99610468347817,-0.25166872,-0.75580513,0.23409186
10,99610472193286,-0.7583499,0.57663393,0.045861244
4,99610479525421,-0.29188246,-0.8213189,0.19414444
10,99610485905161,-0.7445514,0.85971355,-0.1778636
4,99610490267452,-0.4167847,-0.8343684,0.22397186
10,99610494071150,-0.6206827,1.0315151,-0.33180094
4,99610498862244,-0.556867,-0.777643,0.29880667
10,99610504951463,-0.38494062,1.0570545,-0.37632227
4,99610508202035,-0.6689861,-0.6937535,0.38935417
10,99610510991515,-0.18622184,0.7314434,-0.5439162
4,99610518672348,-0.72437984,-0.6218481,0.45992792
10,99610526236671,-0.019493103,0.48346567,-0.40545654
4,99610529471358,-0.69029135,-0.58429754,0.4878911
10,99610534320317,0.10201216,0.3289547,-0.39461184
4,99610539269483,-0.6221144,-0.56006277,0.48149952
10,99610545375733,0.24049664,0.331923,-0.45321894
4,99610548580160,-0.54435015,-0.53929013,0.47217846
10,99610551443181,0.3314762,0.40614367,-0.62320757
4,99610558284483,-0.49614692,-0.5022722,0.47803742
10,99610565896202,0.4276564,0.50047636,-0.7003951
4,99610569142921,-0.48016796,-0.42051315,0.49694586
10,99610573991410,0.42923713,0.5455475,-0.6482048
4,99610578773702,-0.46685216,-0.32863408,0.5134575
10,99610583716619,0.6969869,0.35608244,-0.6542015
4,99610586826983,-0.43755737,-0.24714136,0.53289855
10,99610589667296,0.6419201,0.061595917,-0.6350479
4,99610597782348,-0.39068574,-0.17630127,0.55074173
10,99610605540994,0.6380997,-0.066666126,-0.41608334
2,99610608814588,-25.0,8.0,18.0
10,99610612158338,0.6380997,-0.066666126,-0.41608334
4,99610616932296,-0.2860235,-0.09773801,0.5153217
10,99610623500838,0.60295916,-0.17238426,-0.066673756
4,99610626748442,-0.27830034,-0.092145376,0.5025385
4,99610636533963,-0.26365295,-0.0743022,0.51319116
10,99610641850838,0.55687404,-0.2517619,-0.040751934
4,99610645889848,-0.26391926,-0.054062173,0.520648
10,99610651326202,0.5800116,-0.38927984,-0.08342934
4,99610655997869,-0.28229508,0.002396845,0.5291701
10,99610662828494,0.6505127,-0.6357322,0.14182234
4,99610665909535,-0.28362668,0.040480047,0.49428272
10,99610671033077,0.54996467,-0.6921077,0.37935495
4,99610677088702,-0.27776772,0.052464273,0.44368264
10,99610682050525,0.455904,-0.6885114,0.47587156
4,99610685020733,-0.28442562,0.06018744,0.41438788
10,99610690821879,0.32763696,-0.7031708,0.6645603
4,99610695604588,-0.28868666,0.0561927,0.40240365
10,99610702356463,0.2276187,-0.61507845,0.6285887
4,99610705437192,-0.2495382,0.026631612,0.38589206
10,99610710590577,0.12799811,-0.54977417,0.3864379
4,99610715293650,-0.18615496,0.0026631611,0.34408042
10,99610722137869,0.20576048,-0.56772995,0.280056
4,99610725219223,-0.13022858,-0.0314253,0.26418558
10,99610730409067,0.32121062,-0.45162296,0.6253271
4,99610735089796,-0.07456851,-0.045007423,0.1933455
10,99610741915994,0.18205762,-0.48220968,0.7338486
4,99610745011671,-0.0793622,-0.03781689,0.17816548
10,99610750162921,-0.017402649,-0.45918846,0.76882935
4,99610754932817,-0.10066749,-0.033023197,0.18375812
10,99610761683233,-0.08639336,-0.29668236,0.8519926
4,99610764760421,-0.103064336,-0.05752428,0.17896444
10,99610769921202,-0.10163784,-0.18663359,0.76138496
4,99610775673702,-0.10759171,-0.091080114,0.15765914
10,99610780662921,0.0055491924,-0.09363079,0.61996174
2,99610783635942,-27.0,17.0,16.0
10,99610789855629,0.123547316,-0.020433426,0.57995176
4,99610794578546,-0.1123854,-0.06764429,0.12357068
10,99610801222035,0.14052701,-2.1362305E-4,0.5254288
4,99610804444744,-0.116912775,-0.06364955,0.12916331
10,99610809471983,0.05551052,0.13596392,0.254035
4,99610814192087,-0.09640643,-0.06657903,0.13156016
10,99610821002869,0.08740878,0.23816681,0.07322979
4,99610824145785,-0.09560748,-0.06844324,0.12144015
10,99610828930681,0.21826673,0.13633442,0.08882904
4,99610833666775,-0.09614012,-0.05752428,0.0974717
10,99610841106462,0.27819443,0.12470913,0.13044882
4,99610844540265,-0.09933591,-0.05219796,0.07190535
10,99610849401983,0.2054584,0.19339085,0.23569345
4,99610854329223,-0.10679276,-0.05539375,0.050600063
10,99610860825837,0.21707869,0.31579256,0.39264965
4,99610864109796,-0.14247912,-0.054594804,0.015446335
10,99610869031723,0.19036841,0.43144274,0.3551216
4,99610874841879,-0.1685781,-0.06737798,-0.020772656
10,99610879989587,0.13660216,0.37860823,0.26145792
4,99610883071254,-0.1520665,-0.077231675,-0.013848438
10,99610889029223,0.20374417,0.020432949,0.09820938
4,99610893885890,-0.13156016,-0.06844324,0.004261058
10,99610900384275,0.3933699,-0.22446823,-0.12874222
4,99610903620317,-0.092944324,-0.062051654,-0.00958738
10,99610908647765,0.43399286,-0.38308907,-0.5275531
4,99610913515369,-0.070307456,-0.0479369,-0.025033714
10,99610920146150,0.39520264,-0.4855256,-0.6693506
4,99610923386358,-0.07350325,-0.014114754,-0.01784318
10,99610928346827,0.4866588,-0.3810954,-0.4185772
4,99610933216254,-0.061252706,0.047137953,-0.0053263223
10,99610939942764,0.4793527,-0.21903229,-0.055835247
4,99610943186671,-0.040746365,0.11451593,0.018375812
10,99610948364535,0.3541491,-0.15681505,0.32499218
4,99610953364692,2.663161E-4,0.16405073,0.06178534
10,99610959747087,0.19607377,-0.22747898,0.5659728
2,99610962994014,-27.0,22.0,16.0
10,99610967870681,0.052911043,-0.35195732,0.58946276
4,99610973599900,0.09374327,0.1504686,0.08229168
10,99610978739639,-0.03543091,-0.34422827,0.4787531
4,99610981838442,0.12996227,0.101200126,0.0644485
10,99610987795942,-0.022355556,-0.31722927,0.38357973
4,99610992612660,0.1206412,0.06178534,0.048469532
10,99610999271619,-0.020642996,-0.19977188,0.24191427
4,99611002493129,0.08069378,0.04447479,0.029827405
10,99611007529275,0.008823872,0.052675724,0.13682938
4,99611012314067,0.03435478,0.04261058,0.0015978967
10,99611019052660,-0.04992056,0.08918905,0.06664848
4,99611022308806,-0.036751624,0.053263225,-0.03488741
10,99611027458650,-0.055425406,0.032173634,0.21609163
4,99611031419014,-0.087884314,0.061519023,-0.08042747
10,99611038871827,-0.14599562,-0.17650223,0.5336232
4,99611042117608,-0.096939065,0.06498113,-0.11771172
10,99611047041202,-0.33292675,-0.3754363,0.76789474
4,99611051807712,-0.06231797,0.039414786,-0.124902256
10,99611058601202,-0.5082574,-0.45582438,0.785203
4,99611061814014,-0.005060006,-0.01571265,-0.12650016
10,99611066848910,-0.55460715,-0.29754305,0.7251487
4,99611072605317,0.04660532,-0.08628642,-0.14913702
10,99611077697608,-0.43770647,-0.09726858,0.5078769
4,99611080814587,0.05752428,-0.10439592,-0.16751283
10,99611086816983,-0.1893444,0.13746262,0.57621
4,99611091631723,0.057257965,-0.10705908,-0.22050974
4,99611099965525,0.07403588,-0.07403588,-0.24714136
10,99611105258546,-0.30854177,0.40819788,0.49602413
4,99611110838754,0.0628506,-0.05219796,-0.21172132
10,99611117745317,-0.53304887,0.32797003,0.21716785
4,99611120962504,0.011717909,-0.08548747,-0.13422333
10,99611125925056,-0.4654951,0.29895687,0.2100234
4,99611131339692,0.007456851,-0.09267801,-0.12596752
10,99611137457348,-0.377527,0.23717117,0.2332964
2,99611140566410,-28.0,20.0,18.0
10,99611145714275,-0.14709663,0.3217392,0.3093567
4,99611151076827,0.03195793,-0.039414786,-0.17283916
10,99611157235733,-0.21737981,0.40946627,0.29886293
4,99611160334275,0.05006743,-0.011451593,-0.16831179
10,99611165478337,-0.48196554,0.40563297,0.08032131
4,99611171468806,0.038083203,-0.007456851,-0.11371698
10,99611176468806,-0.55556273,0.1916995,-0.06201315
4,99611179432087,0.032490566,0.0034621095,-0.07350325
10,99611185248389,-0.3316543,0.06401777,0.0060830116
4,99611190616462,0.051132694,0.032756884,-0.10333065
10,99611196795889,-0.23084164,0.12326288,-0.019369125
4,99611199886566,0.061252706,0.06711166,-0.14008227
10,99611205037296,-0.31208897,0.2284708,-0.011554241
4,99611210452452,0.060453758,0.11345066,-0.14940333
10,99611216616775,-0.35474586,0.3357296,0.085347176
4,99611219693494,0.072171666,0.14807177,-0.14008227
10,99611224813025,-0.4632473,0.2956519,-0.012035847
4,99611230195837,0.06018744,0.15419704,-0.11584751
10,99611236346306,-0.47172952,0.15912056,0.009317398
4,99611239424848,0.04447479,0.14487597,-0.10839066
10,99611244591046,-0.4441905,0.03734684,0.07426262
4,99611249952608,0.05539375,0.13635385,-0.11105382
10,99611256123702,-0.48590827,-0.03719902,0.18609571
4,99611259208181,0.07137272,0.118776985,-0.10705908
10,99611264312816,-0.5208564,-0.083828926,0.28745842
4,99611270406462,0.05832323,0.087618,-0.09986854
10,99611275405004,-0.6066754,0.030177116,0.37271452
4,99611278358337,0.041545313,0.049534798,-0.09454222
10,99611284146723,-0.71998405,0.19583845,0.40782547
4,99611288793129,0.0029294773,0.0063915867,-0.07749799
10,99611295700733,-0.74105597,0.26591635,0.38248014
4,99611298793285,-0.046871636,-0.03914847,-0.05885586
10,99611302922712,-0.7205334,0.32710552,0.4196787
4,99611309430577,-0.08042747,-0.08042747,-0.037284255
10,99611315835160,-0.6294825,0.2877941,0.3460493
2,99611319093962,-29.0,17.0,17.0
10,99611323773702,-0.56232977,0.2211523,0.24562311
4,99611328589848,-0.09773801,-0.118776985,0.016777916
10,99611335512244,-0.45104027,0.18627214,0.31795216
4,99611338752869,-0.09827065,-0.10519487,0.04447479
10,99611343736566,-0.3425405,0.26654434,0.3057394
4,99611348565473,-0.07243799,-0.10013486,0.05965481
10,99611355281619,-0.35736966,0.41029692,0.16439056
4,99611358515473,-0.054328486,-0.09134643,0.073236935
10,99611363666879,-0.27377653,0.39138603,0.1284647
4,99611368481671,-0.06258429,-0.08282431,0.07989483
10,99611373628233,-0.16594577,0.30830622,0.10024595
4,99611376846931,-0.05352954,-0.070041135,0.08016115
10,99611381988025,-0.106090546,0.24845123,-0.0098872185
4,99611388810993,-0.042077947,-0.0628506,0.07829694
10,99611396412243,-0.022600174,0.26073027,0.030563354
4,99611399688754,-0.03834952,-0.06018744,0.07403588
10,99611404152921,0.0792079,0.25298166,-0.025086403
4,99611408938233,-0.03914847,-0.03568636,0.07749799
10,99611415245733,0.18468142,0.20470715,-0.004564762
4,99611418480004,-0.05139901,-0.0039947415,0.08868326
10,99611421357712,0.2253828,0.23104334,-0.09075594
4,99611428361514,-0.050333746,0.030626353,0.10226539
10,99611435918650,0.24548745,0.17080402,-0.06197548
4,99611439183650,-0.049801115,0.07137272,0.11584751
10,99611443605264,0.27138948,0.066973686,0.0042800903
4,99611448472868,-0.04873585,0.101999074,0.13156016
10,99611454802816,0.27359724,0.0032148361,0.13047314
4,99611458044900,-0.017576864,0.13448964,0.12703279
10,99611460858025,0.28317404,-0.003967762,0.23821211
4,99611468354639,0.016511599,0.16058862,0.11132014
10,99611474737764,0.23830199,-0.016178131,0.31638575
4,99611479117400,0.05352954,0.1768339,0.11318435
10,99611482827973,0.16535163,-0.05625868,0.222723
4,99611487607868,0.06524745,0.18881813,0.12996227
10,99611493920056,0.2351222,-0.2036891,0.20072508
2,99611497176931,-29.0,18.0,18.0
10,99611500514327,0.31652498,-0.40001392,0.25818634
4,99611507660212,0.035153728,0.27830034,0.15819177
10,99611515254171,0.36754036,-0.6590471,0.32255268
4,99611518513285,0.031158986,0.36804888,0.18295917
10,99611521361358,0.36754036,-0.6590471,0.32255268
4,99611526149014,0.04314321,0.4316984,0.19947077
10,99611533143077,0.097821,-0.869607,0.7116885
4,99611536355421,0.10546118,0.43995422,0.1882855
10,99611541699639,-0.05955434,-0.672904,0.7916622
4,99611546494691,0.13928333,0.41971418,0.17124127
10,99611552871931,-0.12455058,-0.4925542,0.73456717
4,99611556092660,0.20559604,0.33182988,0.08362326
10,99611561494118,-0.16515374,-0.285913,0.7150278
4,99611566269223,0.2181129,0.30173615,0.055926383
10,99611571198025,-0.220891,-0.13840199,0.61970997
4,99611574622764,0.23888555,0.2647182,0.022903185
10,99611581254795,-0.23161459,-0.10795355,0.55047846
4,99611586101462,0.24048345,0.25513083,0.01571265
10,99611590991618,-0.25363278,0.0027160645,0.59794855
4,99611590991618,0.24208134,0.25033715,0.010918961
4,99611594476150,0.24474451,0.23835292,0.004527374
10,99611599612295,-0.3198676,0.08448982,0.47596025
4,99611604998598,0.23116238,0.20639499,-0.019707393
10,99611610861202,-0.41728663,0.1400075,0.4128394
4,99611614189483,0.21758026,0.13662016,-0.05486112
10,99611619452243,-0.40380764,0.22661734,0.36236
4,99611624781202,0.20266657,0.0628506,-0.09134643
10,99611632057712,-0.29531693,0.19111633,0.23898697
4,99611635297816,0.20026971,0.03542004,-0.11957593
10,99611640577087,0.009769917,0.028456688,0.21665525
4,99611645417139,0.18855181,0.06870956,-0.15286545
10,99611651757608,0.22095704,-0.107993126,0.19077969
4,99611655007191,0.22050974,0.1438107,-0.17150758
10,99611660363754,0.22345471,-0.17115211,0.08145666
4,99611665216462,0.2660498,0.22716765,-0.17097494
10,99611670142556,0.22122002,-0.4246254,-0.13448048
2,99611673536202,-30.0,14.0,17.0
10,99611679505993,0.41056895,-0.62885284,-0.11573267
4,99611684400420,0.32357407,0.34887412,-0.2444782
10,99611691314223,0.66712785,-0.8548527,-0.18303919
4,99611694568858,0.3850931,0.39707732,-0.32623723
10,99611699919327,0.8141837,-1.0106659,-0.41629553
4,99611704757191,0.47324374,0.45912898,-0.38589206
10,99611711073285,0.90102553,-0.95435333,-0.73442745
4,99611714350941,0.55953014,0.5637912,-0.42290998
10,99611719729014,1.0080824,-0.76287127,-1.0603523
4,99611724626358,0.5850965,0.69748193,-0.47004795
10,99611730855056,0.9901576,-0.5303445,-1.1394553
4,99611734138441,0.535828,0.84555364,-0.5334312
10,99611739463441,0.8440323,-0.4228282,-1.0511351
4,99611744300785,0.44101948,0.98750013,-0.58429754
10,99611750681827,0.5053861,-0.5728731,-0.7319312
4,99611753965108,0.34194988,1.1366372,-0.5928197
10,99611759242087,0.15528393,-1.0728135,-0.43324852
4,99611764103129,0.2793656,1.2647352,-0.59095544
10,99611769050264,-0.19811344,-1.5548172,-0.08475685
4,99611772406098,0.3368899,1.33957,-0.6098639
10,99611779027712,-0.4547541,-1.7704525,0.25886536
4,99611783907868,0.49721217,1.3371732,-0.66658926
10,99611790240733,-0.5443821,-1.6494389,0.40462923
4,99611793485525,0.69668293,1.2785836,-0.7590009
10,99611798787556,-0.44231772,-1.1502757,0.48334932
4,99611803842660,0.84155893,1.2045478,-0.8474179
10,99611809942347,-0.3381369,-0.2699318,0.35394573
4,99611813182504,0.88896316,1.1531488,-0.8852348
10,99611818583077,-0.37551212,0.725019,0.0917716
4,99611823484587,0.84635264,1.1267835,-0.8498147
10,99611828843285,-0.43930936,1.5051894,-0.059711456
4,99611832088077,0.73636407,1.1214571,-0.763262
10,99611838362608,-0.5514711,1.9031711,-0.10257149
4,99611843230577,0.5944176,1.099353,-0.6737798
10,99611849538025,-0.6205654,2.1094098,0.054959774
2,99611852758962,-28.0,14.0,12.0
10,99611858229327,-0.74400747,2.0512142,0.28844547
4,99611863084379,0.4359595,0.8737832,-0.5486112
10,99611867993025,-0.7958324,1.8020387,0.6944728
4,99611871362191,0.44714475,0.71133035,-0.474309
10,99611877999222,-0.8091519,1.7025061,0.9174733
4,99611882876202,0.53263223,0.5680523,-0.38722363
10,99611889057764,-0.8784312,1.7523088,1.0909395
4,99611892273077,0.6010755,0.44235107,-0.27776772
10,99611897690733,-1.039154,1.7223825,1.0591664
4,99611902470941,0.6146576,0.30706248,-0.14993598
10,99611908847556,-1.1448292,1.8293352,1.0048828
4,99611912054379,0.61385864,0.15020229,-0.04474111
10,99611917460733,-1.1417502,2.0957155,0.7936282
4,99611922283233,0.58722705,-0.03222425,0.020506341
10,99611928604327,-0.94084454,2.4813156,0.4373355
4,99611931849014,0.5342301,-0.20266657,0.04580637
10,99611937301462,-0.5774306,2.8622632,0.10284996
4,99611942090160,0.47830373,-0.3054646,0.05832323
10,99611948393754,-0.1240015,3.1454983,-0.10008383
4,99611951615004,0.43356264,-0.26338664,0.09267801
10,99611957015056,0.27053618,3.101417,-0.009700298
4,99611961798858,0.41571945,0.007456851,0.22210763
10,99611966787764,0.4827354,2.3510406,0.710629
4,99611970167347,0.4066647,0.24367924,0.35979307
10,99611976803181,0.35284615,1.373395,0.7664056
4,99611981594535,0.24687503,0.8183894,0.75580513
10,99611987962920,-1.0034314,-0.964128,1.6909261
4,99611991201879,0.23835292,1.484446,1.3456954
10,99611996579170,-2.2771347,-2.8135166,1.4803286
4,99612001392660,0.2972088,1.5606124,1.5116103
10,99612007740681,-2.9384027,-3.7766328,-0.22732258
4,99612010980316,0.5566007,1.2732574,1.2660668
10,99612016354118,-2.2199106,-2.2898493,1.1905441
4,99612021227556,0.711863,1.0974888,0.7933557
10,99612026339743,-2.326538,-2.934135,0.1965642
2,99612029575264,-27.0,-12.0,15.0
10,99612036122452,-2.2448473,-2.504849,0.17786646
4,99612040422608,-0.63223445,0.32730252,-0.5685849
10,99612047294222,-3.1011367,-0.68489933,1.2776799
4,99612050503597,-0.9214538,0.13901702,-0.6423545
10,99612055904222,-3.8702555,-1.4173017,0.7265754
4,99612060661097,-1.1150656,-0.21891184,-0.5792375
10,99612065664899,-3.828642,-1.5933127,0.63095045
4,99612069064795,-0.87990844,-0.7392935,-0.5470133
10,99612075693337,-3.3932626,-1.3403568,0.49777174
4,99612080518129,-0.21917816,-1.1345067,-0.58456385
10,99612086854431,-1.7202085,-0.6535711,0.03402376
4,99612090101410,0.2479403,-1.186971,-0.69694924
10,99612095469691,-0.7768295,0.23730516,-0.92599773
4,99612100244014,0.28442562,-1.0559434,-0.721184
10,99612106580264,-0.7655978,1.8524246,-1.4245944
4,99612109791774,0.14221281,-0.87165266,-0.6085323
10,99612115301097,-0.91122526,2.4910088,-1.768765
4,99612120079639,-0.3616573,-0.6514092,-0.45513424
10,99612126363285,-0.8495654,2.287342,-1.7017651
4,99612129603545,-0.8956211,-0.48363006,-0.3502057
10,99612135067868,-0.93309546,1.7769866,-0.6550298
4,99612140009118,-1.042095,-0.3683152,-0.22663501
10,99612146168649,-1.2971783,0.7318616,0.34248638
4,99612149417295,-0.8692558,-0.30972564,-0.07376956
10,99612154843806,-1.4822707,-0.12382412,0.80002403
4,99612159609483,-0.5704491,-0.32170987,0.0031957934
10,99612164518181,-1.5319369,-0.2647605,0.80575943
4,99612167957452,-0.2977414,-0.40613207,0.008522116
10,99612174631254,-1.5821176,0.18784666,0.43193293
4,99612179407399,-0.11930962,-0.5320996,0.028495824
10,99612185701722,-1.5152357,0.9852176,0.05224037
4,99612188936462,-0.06684534,-0.61625546,0.094808534
10,99612194365837,-1.1092005,1.5342431,-0.45909643
4,99612199144795,-0.20080236,-0.61625546,0.16085494
10,99612205502035,-0.5085026,1.7217999,-0.70046806
2,99612208724431,-23.0,-7.0,14.0
10,99612214136879,-0.12376928,1.6007333,-0.70463467
4,99612218908285,-0.60267335,-0.45247108,0.23036344
10,99612225297712,-0.12998414,1.2176943,-0.58867645
4,99612228522608,-0.7094661,-0.35553202,0.3009372
10,99612233928077,-0.2868358,0.713511,-0.31049252
4,99612238725733,-0.71106404,-0.30120352,0.3800331
10,99612245047347,-0.54042447,0.3880291,0.040858746
4,99612248266358,-0.61891866,-0.32437304,0.42264366
10,99612253763806,-0.78783596,0.29515076,0.3713069
4,99612258542399,-0.5158543,-0.4263721,0.42370895
10,99612263447868,-0.93724275,0.3674655,0.4411559
4,99612266835368,-0.4673848,-0.5603291,0.40559945
10,99612272034639,-0.79359066,0.3650713,0.49382877
4,99612278831514,-0.4495416,-0.6641924,0.3850931
10,99612286389587,-0.56456316,0.3279109,0.38677454
4,99612289641826,-0.4644553,-0.7222493,0.36591834
10,99612294475941,-0.43628693,0.500649,-0.033821583
4,99612299270056,-0.49215218,-0.7347662,0.35473305
10,99612305322712,-0.35784376,0.8182578,-0.29852152
4,99612308562243,-0.5161206,-0.7286409,0.3584615
10,99612311374066,-0.18306708,0.68657684,-0.6959591
4,99612318508285,-0.61412495,-0.7022756,0.37417415
10,99612326089535,0.0045075417,0.43926382,-0.76820755
4,99612329346618,-0.7299725,-0.6713829,0.36938044
10,99612334186149,-0.018431187,0.4987316,-0.6924529
4,99612338967139,-0.81519365,-0.63649553,0.34088463
10,99612345066254,0.6169822,-0.16538239,-0.6810622
4,99612348310837,-0.9038769,-0.6135923,0.27670243
10,99612351143129,0.9090719,-0.18214989,-1.0425868
4,99612358671462,-1.0381002,-0.5837649,0.16405073
10,99612365135941,1.1977439,0.14773703,-1.2954054
4,99612369386097,-1.2535499,-0.5139901,0.02876214
10,99612373082712,1.481705,0.08997774,-1.3945403
4,99612377863649,-1.5387745,-0.3834952,-0.06870956
10,99612384018024,1.6514292,-0.34986687,-1.289257
2,99612387256826,-28.0,6.0,10.0
10,99612390677295,1.8286004,-1.1064343,-0.99477005
4,99612397549066,-1.7864485,0.016245283,-0.08868326
10,99612405292712,1.8791549,-1.4983664,-0.17104912
4,99612408545420,-1.5848472,0.2213087,-0.09347696
10,99612411385941,1.8791549,-1.4983664,-0.17104912
4,99612416166514,-1.2367721,0.3685815,-0.12543489
10,99612423251722,1.4303672,-1.8767881,0.9641285
4,99612426500368,-0.84874946,0.43809,-0.15100123
10,99612431656410,0.95162344,-1.5095415,1.4849463
4,99612436483545,-0.65380603,0.44235107,-0.15978967
10,99612443031618,0.5654175,-1.108635,1.7272501
4,99612446278858,-0.19201392,0.35633096,-0.16218652
10,99612451449170,0.27283025,-0.67983675,1.7116685
4,99612456233753,-0.10279802,0.30786142,-0.15819177
10,99612461386045,0.18026137,-0.11596537,1.6796002
4,99612464603597,0.043942157,0.20399815,-0.14993598
10,99612471051566,0.18046618,0.101191044,1.6313143
4,99612475905733,0.13848437,0.11025487,-0.12783173
10,99612482633649,0.20261931,0.29875422,1.4168272
4,99612485854170,0.111852765,0.03089267,-0.064182185
10,99612490974691,0.33305073,0.61039877,1.3840284
4,99612495786306,0.09054748,0.01571265,-0.04181163
10,99612502359222,0.29689193,0.67856884,1.2359223
4,99612505610108,0.034621093,-0.01438107,-0.0053263223
10,99612510283910,0.04745698,0.7751341,0.9067812
4,99612515243545,-0.02396845,-0.05352954,0.024501082
10,99612522141253,-0.018120289,0.704566,0.81209135
4,99612525388858,-0.0777643,-0.09880328,0.047404267
10,99612530488233,-0.14993596,0.5214906,0.66439867
4,99612535356826,-0.10626013,-0.16112125,0.054594804
10,99612541966826,-0.15417814,0.44661808,0.63195133
4,99612545209847,-0.08229168,-0.23782028,0.046072688
10,99612550322243,-0.15070105,0.2861266,0.41095114
4,99612555224691,-0.035952676,-0.3075951,0.028229509
10,99612560334274,-0.102808,0.28190374,0.18300867
2,99612563483962,-29.0,9.0,8.0
10,99612569998493,-0.025505066,0.2632885,-0.008218765
4,99612574941253,0.033822145,-0.32384038,0.0026631611
10,99612581506358,0.01944685,0.2954359,-0.02686739
4,99612584739691,0.0314253,-0.30200246,-2.663161E-4
10,99612589890889,-0.046779394,0.26988935,0.008608341
4,99612594735316,-0.006924219,-0.28122982,0.016245283
10,99612601249587,-0.14610362,0.31567144,-0.0022597313
4,99612604554951,-0.063116916,-0.26551718,0.03435478
10,99612609665368,-0.21866727,0.4573884,0.08756113
4,99612614787868,-0.10865697,-0.2615224,0.051132694
10,99612621063806,-0.22481942,0.46819592,0.03771639
4,99612624377243,-0.15739283,-0.2615224,0.07483483
10,99612629222399,-0.14109015,0.31476498,0.045120716
4,99612634081566,-0.17976338,-0.24607609,0.1025317
10,99612640855472,-0.05487752,0.1184845,0.0530262
4,99612644157347,-0.16618125,-0.22397186,0.12144015
10,99612649054378,0.045640707,-9.2220306E-4,0.09616089
4,99612653911306,-0.15632756,-0.1917476,0.11824436
10,99612659159483,0.101953745,-0.0033187866,-0.0053749084
4,99612662381826,-0.17070863,-0.17097494,0.0958738
10,99612668818545,0.107264996,0.21611977,0.016767979
4,99612673644951,-0.17390442,-0.16458336,0.07456851
10,99612680363701,0.06568265,0.3682618,-0.09231615
4,99612683604274,-0.19467708,-0.15499598,0.07084008
10,99612688578180,0.045835257,0.16531849,-0.2633891
4,99612693409743,-0.2711098,-0.119043306,0.06791061
10,99612700134535,0.15387917,0.010712624,-0.11429691
4,99612703366149,-0.31798145,-0.07829694,0.054594804
10,99612708554743,0.2296381,-0.18520355,0.21681118
4,99612713559535,-0.30652985,-0.0396811,0.052464273
10,99612719891097,0.15741181,-0.46014977,0.39570618
4,99612723135993,-0.257794,-0.0029294773,0.070307456
10,99612728335889,0.07267618,-0.5381298,0.56722975
4,99612733214535,-0.15499598,0.010918961,0.076166406
10,99612739688962,-0.009549379,-0.46280575,0.68903303
2,99612742950837,-30.0,9.0,11.0
10,99612747757191,-0.08792186,-0.4455204,0.6373639
4,99612753572972,0.017310547,-0.023169503,0.03568636
10,99612758685003,-0.099534035,-0.3968401,0.63237715
4,99612761789743,0.05219796,-0.0479369,0.018109497
10,99612767832399,-0.13084531,-0.21218967,0.6050806
4,99612772586201,0.09640643,-0.06364955,0.012250541
10,99612779293076,-0.123119354,-0.14774418,0.70561886
4,99612782538337,0.12596752,-0.06657903,0.026897928
10,99612787467555,-0.117221594,-0.21644592,0.7795057
4,99612792286983,0.15393071,-0.0628506,0.04660532
10,99612799023649,-0.11668825,-0.17866707,0.87431335
4,99612802256149,0.18562233,-0.06231797,0.05006743
10,99612807441670,-0.20341063,-0.10159397,0.8655925
4,99612812197191,0.18775286,-0.087085366,0.042077947
10,99612818792139,-0.35987806,0.010987282,0.7822375
4,99612822029847,0.175236,-0.13022858,0.045540057
10,99612827235003,-0.49838376,0.076452255,0.73435163
4,99612832020576,0.1818939,-0.16964336,0.06764429
10,99612838576305,-0.53903913,0.06332111,0.7615881
4,99612841790680,0.20612867,-0.21358553,0.08841695
10,99612846902972,-0.5059767,0.006948471,0.70989084
4,99612851873805,0.23329292,-0.24580978,0.08362326
10,99612856995733,-0.42009068,0.0040769577,0.712029
4,99612860149587,0.24740767,-0.25353295,0.0743022
10,99612866604170,-0.38943315,-0.01932478,0.7301407
4,99612871400212,0.25166872,-0.27510455,0.072970614
10,99612878134066,-0.46693587,-0.01584053,0.46932602
4,99612881370264,0.22556975,-0.27883297,0.087085366
10,99612886594535,-0.45088887,0.10857916,0.4306836
4,99612891428597,0.21491711,-0.28362668,0.09161274
10,99612897935264,-0.4109869,0.19170141,0.2656765
4,99612901147764,0.16564862,-0.28309402,0.091080114
10,99612906110316,-0.34344912,0.28382015,0.094563484
4,99612910868649,0.1504686,-0.28043085,0.08522116
10,99612917684743,-0.26987696,0.32425642,0.08843899
2,99612920941097,-30.0,10.0,12.0
10,99612925722087,-0.228647,0.2007165,0.028549194
4,99612930491045,0.12543489,-0.216515,0.09720538
10,99612937465003,-0.2175088,0.12911987,-0.037754536
4,99612940708076,0.108124346,-0.15819177,0.11318435
10,99612945903389,-0.16669464,0.15641356,-0.0546484
4,99612950673128,0.11744541,-0.11371698,0.11371698
10,99612955814795,-0.1928854,0.17559385,-0.11717224
4,99612959046357,0.14434333,-0.08495484,0.108124346
10,99612965523128,-0.20345807,0.14836502,-0.09081793
4,99612970292868,0.13981596,-0.05352954,0.104928546
10,99612977018024,-0.2438922,0.17134905,-0.07239771
4,99612980233805,0.12996227,-0.025566347,0.09427591
10,99612985290785,-0.25278664,0.31355667,0.024073124
4,99612990063076,0.13289174,-0.011717909,0.083889574
10,99612996790212,-0.24503112,0.29965496,0.052830696
4,99613000013753,0.12463594,-0.0031957934,0.07882957
10,99613005232920,-0.24902058,0.29097033,0.02709961
4,99613010010212,0.103863284,0.00479369,0.07882957
10,99613016571097,-0.24517584,0.2884345,0.03665495
4,99613019808128,0.08175905,0.028495824,0.08442221
10,99613024980680,-0.26995587,0.22574091,0.04335785
4,99613029731982,0.03169162,0.057790596,0.0974717
10,99613036352660,-0.29906416,0.20225191,-0.001390934
4,99613039590003,-0.023702133,0.08735169,0.1041296
10,99613044788753,-0.39294672,0.23900747,-0.038210392
4,99613049632451,-0.06844324,0.09321064,0.10679276
10,99613054808128,-0.44089794,0.2138505,-0.027906895
4,99613057927972,-0.112119086,0.082558,0.10466223
10,99613064375941,-0.43948603,0.12152624,-0.059057713
4,99613069194847,-0.15126756,0.077231675,0.101200126
10,99613075905993,-0.3407495,0.023350716,-0.0014424324
4,99613079161826,-0.14674018,0.092944324,0.100933805
10,99613084323545,-0.25551295,-0.1260953,0.06386042
4,99613089155212,-0.09187906,0.12037488,0.105727494
10,99613095679066,-0.17320395,-0.2620182,0.19264555
2,99613098947243,-30.0,11.0,16.0
10,99613103944430,-0.12737846,-0.35247374,0.2603712
4,99613108717503,0.103064336,0.1669802,0.111852765
10,99613115519222,-0.1367805,-0.34030008,0.16703844
4,99613118732555,0.1834918,0.17124127,0.09161274
10,99613123897295,-0.10340047,-0.25313234,0.0856514
4,99613128663389,0.22210763,0.16937704,0.064182185
10,99613135324222,-0.02786994,-0.12538624,-0.074495316
4,99613138581826,0.22796659,0.1736381,0.045540057
10,99613143448441,0.10282469,-0.036574364,-0.114693165
4,99613149207243,0.21172132,0.19600865,0.03834952
10,99613154319014,0.247329,0.100780964,-0.24447203
4,99613157418962,0.1898834,0.22770028,0.040213734
10,99613163024951,0.35457158,0.18174124,-0.3347473
4,99613167860055,0.17070863,0.27031085,0.04261058
10,99613174818076,0.4629972,0.26365757,-0.44320965
4,99613178022451,0.13608754,0.32437304,0.03222425
10,99613180875524,0.5515826,0.28999376,-0.45518064
4,99613188608493,0.1073254,0.38242993,0.018642128
10,99613196250993,0.53570604,0.13931274,-0.34112692
4,99613199485941,0.10173275,0.43249738,0.018642128
10,99613202571774,0.5546365,0.1352601,-0.3561077
4,99613208461201,0.1206412,0.47697216,0.01304949
10,99613214757295,0.44391322,-0.25622272,0.017788887
4,99613218007243,0.16884442,0.5009406,-0.014647386
10,99613220797191,0.3649044,-0.32086658,0.17341185
4,99613228173805,0.2181129,0.49534798,-0.050600063
10,99613235755524,0.28829217,-0.39545774,0.16403723
4,99613239017868,0.2561961,0.484429,-0.076166406
10,99613243500472,0.3043716,-0.41060448,0.13452482
4,99613248328597,0.28522456,0.47404268,-0.087884314
10,99613253411409,0.22625661,-0.245193,0.09878254
4,99613256511878,0.29481193,0.47697216,-0.08841695
10,99613260290055,0.17118073,-0.17336464,0.115541935
4,99613267741930,0.28868666,0.48469532,-0.08229168
10,99613275321201,0.14596105,-0.11066723,-0.046798706
2,99613278611878,-31.0,8.0,16.0
10,99613281927555,0.14596105,-0.11066723,-0.046798706
4,99613286704274,0.3009372,0.4857606,-0.087884314
10,99613294802034,0.10066295,-0.0906682,0.018343925
4,99613298074639,0.34141725,0.4777711,-0.100933805
10,99613300872712,0.16530633,-0.13136959,0.22185135
4,99613307148597,0.38695732,0.48016796,-0.13448964
10,99613314737139,0.10091758,-0.19202566,0.23858213
4,99613318007816,0.42876893,0.49641323,-0.17417073
10,99613320814743,-0.06667662,-0.29497623,0.3175907
4,99613326740368,0.43542686,0.5052017,-0.18402444
10,99613332856566,-0.20558453,-0.43678474,0.38015175
4,99613336102451,0.44900897,0.5137238,-0.1933455
10,99613341452139,-0.24757361,-0.5576782,0.53286266
4,99613346211566,0.46019423,0.5086638,-0.20106867
10,99613351194430,-0.2845304,-0.57445145,0.5263386
4,99613354606045,0.49801114,0.47643954,-0.22423817
10,99613361227243,-0.34534776,-0.5483818,0.5512352
4,99613366083024,0.5456817,0.44900897,-0.24048345
10,99613372402034,-0.38971364,-0.432693,0.6829834
4,99613375612868,0.59841233,0.43729106,-0.24048345
10,99613381047191,-0.41321874,-0.29919243,0.74618816
4,99613385953597,0.68629664,0.4359595,-0.23382555
10,99613392147191,-0.43607116,-0.26681328,0.66428137
4,99613395357243,0.7587346,0.4250405,-0.2197108
10,99613400780316,-0.46037817,-0.023906708,0.63907146
4,99613405700993,0.81253046,0.4002731,-0.21118867
10,99613411929014,-0.44234395,0.06131649,0.5810995
4,99613415131357,0.85514104,0.37390783,-0.2034655
10,99613420566409,-0.46086764,0.2580123,0.57557535
4,99613425435264,0.8580705,0.35233623,-0.19281286
10,99613431701930,-0.45146585,0.31168318,0.5121875
4,99613434910316,0.8578042,0.3358246,-0.17070863
10,99613440327451,-0.42931318,0.24341965,0.5506897
4,99613445297139,0.90494215,0.30599722,-0.1454086
10,99613450224639,-0.30396187,-0.12342787,0.744195
2,99613453506930,-32.0,-1.0,14.0
10,99613460131461,-0.21692598,-0.4985547,0.98765564
4,99613464954534,1.2170646,0.2479403,-0.0958738
10,99613471240576,-0.2154392,-0.7639499,0.82432556
4,99613474553961,1.3536848,0.22370553,-0.099069595
10,99613479937243,-0.19208395,-0.567647,0.2509923
4,99613484757607,1.3326459,0.18429075,-0.14088123
10,99613491063857,-0.2939483,0.19041634,-0.45081377
4,99613494374847,1.1989552,0.18056233,-0.18269286
10,99613499673284,-0.3056519,1.037961,-0.9895363
4,99613504662503,0.9550096,0.23888555,-0.2034655
10,99613510849743,-0.19104874,1.4527535,-1.3221579
4,99613514155628,0.6852314,0.33822146,-0.20586236
10,99613519451670,-0.094872,1.375287,-1.2309823
4,99613524312191,0.51026165,0.4412858,-0.1949434
10,99613530600576,-0.18254817,0.864573,-0.7619462
4,99613533818857,0.4543353,0.50120693,-0.1834918
10,99613539291670,-0.35475373,0.48694086,-0.2939558
4,99613544148597,0.5070659,0.46978164,-0.20532973
10,99613549015732,-0.57116246,0.5007005,0.007946491
4,99613552371357,0.619185,0.3797668,-0.25539714
10,99613557886305,-0.68445194,0.6507821,0.2388587
4,99613564327659,0.75101143,0.24820662,-0.294013
10,99613570439274,-0.63253987,0.90863895,0.28115606
4,99613573672399,0.8612663,0.16777915,-0.30120352
10,99613578843649,-0.32821584,1.2033033,0.23629332
4,99613583681409,0.8966864,0.20559604,-0.27164245
10,99613589932503,0.06037712,1.3854923,-0.019172192
4,99613593175107,0.8330368,0.46685216,-0.1834918
10,99613598601566,0.5766134,1.4212084,0.16236067
4,99613603581305,0.7241135,0.9057411,-0.018642128
10,99613609702138,0.6926646,0.9335823,1.2222252
4,99613612912191,0.6801714,1.2855079,0.31611723
10,99613618379378,-0.6491535,-0.51149225,2.2533002
4,99613623224795,0.67990506,1.521464,0.92970955
10,99613629448857,-2.272634,-1.8211064,2.361341
2,99613632706930,-27.0,-9.0,16.0
10,99613638182503,-2.2865393,-1.2018743,1.7190824
4,99613643017868,1.047954,1.1784488,1.1147993
10,99613647912243,-2.04883,-0.49669123,2.162057
4,99613651336045,0.54408383,0.80107886,0.24021713
10,99613657923024,-1.252335,-0.9183197,0.79836893
4,99613662816670,-0.33156356,0.65194184,-0.4114584
10,99613669002347,-2.2230005,1.0974302,1.2308726
4,99613672247920,-0.7595336,0.5552691,-0.64155555
10,99613677699534,-3.405135,1.2003145,0.5294566
4,99613682466774,-1.2610068,0.2905509,-0.6013418
10,99613688813961,-3.692009,0.989099,0.22567272
4,99613692030576,-1.4572818,-0.20053603,-0.5454154
10,99613697487138,-3.8922062,0.32831764,0.19760752
4,99613702268180,-1.1006845,-0.7520767,-0.43036684
10,99613708566461,-2.8706346,-0.5714998,0.55473375
4,99613711822191,-0.43755737,-1.088434,-0.35073832
10,99613717262763,-1.2418089,-0.7158909,0.0739131
4,99613722069118,0.06870956,-1.1323761,-0.39760995
10,99613728342347,-0.2562213,0.3472576,-0.44646168
4,99613731590316,0.3581952,-1.0309097,-0.46578687
10,99613737042920,-0.4431243,1.7107377,-0.8608656
4,99613741815888,0.2657835,-0.90307796,-0.39414784
10,99613746732191,-0.92422706,2.3956912,-1.0782104
4,99613750146774,0.11345066,-0.8591358,-0.30519825
10,99613756505211,-1.0537214,2.5367734,-0.7779689
4,99613762150836,-0.29800773,-0.7566041,0.0034621095
10,99613768190993,-0.93797296,1.9105358,-0.3427348
4,99613771434378,-0.4498079,-0.6775082,0.14141385
10,99613776707555,-0.7428902,1.1970191,-0.02211523
4,99613781534170,-0.48735848,-0.5904228,0.1917476
10,99613787646045,-0.8081195,0.594573,0.27422094
4,99613790885836,-0.4282363,-0.5318333,0.23542345
10,99613796374065,-0.96184146,0.3018155,0.55545187
4,99613801332555,-0.37337518,-0.5190501,0.26871297
10,99613807439951,-1.0677016,0.3230071,0.5157838
2,99613810667451,-23.0,-5.0,16.0
10,99613816183649,-1.0387015,0.5013013,0.24827099
4,99613820943701,-0.14460965,-0.54807854,0.4045342
10,99613827240680,-0.8592827,0.78499126,-0.027946472
4,99613830455836,-0.12330436,-0.5592638,0.4282363
10,99613835862503,-0.62644243,0.93629074,-0.15346098
4,99613840565732,-0.1555286,-0.56006277,0.43995422
10,99613846888649,-0.5425551,0.9551358,-0.26087332
4,99613850134638,-0.22530343,-0.5435512,0.46978164
10,99613855686618,-0.2524928,0.66718674,-0.30528355
4,99613860516305,-0.29880667,-0.5091964,0.51505536
10,99613866952138,-0.24203706,0.5144377,-0.3577509
4,99613870375003,-0.34967306,-0.48389637,0.55340487
10,99613875636670,-0.094435096,0.1074152,-0.51931953
4,99613880481618,-0.3358246,-0.47830373,0.5536712
10,99613886562295,-0.026698112,0.04309225,-0.46671724
4,99613889812451,-0.2644519,-0.4759069,0.520648
10,99613895230211,0.14016664,-0.068268776,-0.39470577
4,99613900011618,-0.19947077,-0.4857606,0.48016796
10,99613906367763,0.2987846,-0.020201683,-0.3437028
4,99613909591149,-0.16138756,-0.4676511,0.45833004
10,99613915011826,0.34654653,-0.023662567,-0.2917242
4,99613919789847,-0.20133498,-0.41225734,0.4791027
10,99613926143701,0.30941582,-0.14353466,-0.36508417
4,99613929386878,-0.30360037,-0.35659727,0.5020059
10,99613934785055,0.32731712,-0.16298914,-0.43752766
4,99613939562972,-0.3549994,-0.3289004,0.49641323
10,99613944509899,0.36726964,-0.2976818,-0.36890316
4,99613947929795,-0.3270362,-0.32304144,0.47137952
10,99613954300576,0.5118009,-0.4284091,-0.32613468
4,99613959083649,-0.2615224,-0.31984565,0.42663842
10,99613965733128,0.7358669,-0.51489973,-0.23518229
4,99613968968909,-0.21358553,-0.294013,0.3717773
10,99613974341618,0.8912859,-0.5549135,-0.216753
4,99613979115263,-0.2247708,-0.23861924,0.32650355
10,99613985511513,0.91706514,-0.48967314,-0.10300255
2,99613988738284,-27.0,6.0,18.0
10,99613994153857,0.8698529,-0.4316597,-0.052324295
4,99613999005055,-0.29161614,-0.122771725,0.2894856
10,99614005252138,0.8009521,-0.46078777,-0.050861835
4,99614008494326,-0.2958772,-0.09241169,0.27510455
10,99614013884795,0.83789015,-0.62686825,-0.006690502
4,99614018713701,-0.2593919,-0.06391586,0.2463424
10,99614025044586,0.9506235,-0.73488474,0.122210026
4,99614028264482,-0.19041602,-0.033822145,0.1949434
10,99614032978024,0.96167934,-0.727314,0.21370935
4,99614039351461,-0.12916331,-0.004527374,0.14168017
10,99614044221774,0.8591429,-0.5836015,0.22845173
4,99614047310055,-0.10040118,0.008255799,0.10173275
10,99614053449170,0.7197174,-0.4132061,0.16954231
4,99614058277659,-0.120907515,0.023435818,0.0727043
10,99614064633440,0.69932854,-0.2803297,0.2337842
4,99614067865003,-0.16937704,0.04261058,0.05219796
10,99614070803805,0.67778075,-0.3138485,0.2409668
4,99614078593857,-0.2016013,0.06844324,0.045540057
10,99614086137138,0.57221854,-0.47050667,0.32220125
4,99614089399586,-0.21145499,0.10679276,0.041279
10,99614094266149,0.45335865,-0.5745821,0.4640665
4,99614099061670,-0.18429075,0.1371528,0.02609898
10,99614105143388,0.31532478,-0.65208244,0.50490427
4,99614108382295,-0.14301175,0.14168017,0.0013315806
10,99614111200315,0.085481286,-0.63532305,0.58870125
4,99614118108961,-0.091080114,0.116912775,-0.020240024
10,99614125620263,-0.08806753,-0.5383148,0.6184797
4,99614128892086,-0.041545313,0.08042747,-0.041012682
10,99614133718232,-0.20086217,-0.47829056,0.5488205
4,99614138668805,-0.019973708,0.049801115,-0.06684534
10,99614143580992,-0.26941764,-0.3678074,0.54241896
4,99614146682555,-0.0127831735,0.020772656,-0.10279802
10,99614150827867,-0.30054224,-0.20979023,0.58072615
4,99614157892451,-0.016777916,-0.004527374,-0.13928333
10,99614165429690,-0.37466156,-0.15002203,0.541255
2,99614168703180,-30.0,6.0,18.0
10,99614173063753,-0.38445663,-0.1509242,0.54297733
4,99614177006097,-0.056459017,-0.014913702,-0.16564862
4,99614182006097,-0.072970614,-0.038083203,-0.17470337
4,99614199339638,-0.08069378,-0.05752428,-0.17150758
4,99614204339638,-0.06737798,-0.09960223,-0.17789917
4,99614211339274,-0.05139901,-0.12010857,-0.18642128
10,99614221155367,-0.7061833,0.2465415,0.22824764
4,99614223783180,-0.01571265,-0.14833808,-0.20772657
10,99614230724586,-0.6617819,0.285254,0.15525341
4,99614230724586,-0.009054748,-0.15952335,-0.2146508
4,99614232802347,-0.010652645,-0.17310548,-0.22050974
4,99614242108544,-0.014913702,-0.17630127,-0.22556975
4,99614245346253,-0.025300032,-0.17949706,-0.22530343
10,99614251026409,-0.52010095,0.6082525,-0.45338297
4,99614255944534,-0.046871636,-0.15526229,-0.21411815
10,99614261141305,-0.31625605,0.5914593,-0.53670406
4,99614264335211,-0.07243799,-0.10705908,-0.20053603
10,99614270795003,-0.24433935,0.5929966,-0.51354027
4,99614275638544,-0.0892159,-0.023169503,-0.19281286
10,99614282343701,-0.18687415,0.6292591,-0.56702614
4,99614285595315,-0.07989483,0.11611383,-0.1486044
10,99614290706982,-0.21263611,0.5827379,-0.60736895
4,99614295548284,-0.070041135,0.15499598,-0.11851067
10,99614302125055,-0.10593581,0.51270485,-0.64009285
4,99614305366774,-0.040480047,0.22050974,-0.06657903
10,99614310512086,0.40657973,0.18786573,-0.36930895
4,99614315424899,0.017576864,0.3006709,-0.043942157
10,99614321902190,0.5170169,0.026016235,-0.36100006
4,99614325146253,0.06578008,0.41252366,-0.034621093
10,99614330254326,0.5889075,-0.18541002,-0.49787903
4,99614335079638,0.123836994,0.53742594,-0.029827405
10,99614341688492,0.5382055,-0.16777945,-0.52836466
4,99614346460263,0.20719394,0.6263755,-0.018375812
10,99614349739482,0.44007683,-0.090222836,-0.6115637
4,99614356228857,0.27137613,0.6785734,-0.011717909
10,99614361379430,0.50449085,-0.05828476,-0.6029453
4,99614364539742,0.29321405,0.6985472,-0.038083203
10,99614369360524,0.5905371,0.11747551,-0.3235917
4,99614375061826,0.2876214,0.7166567,-0.086020105
10,99614381333753,0.4748348,0.23093033,-0.075003624
4,99614384570576,0.23435818,0.73769563,-0.11345066
10,99614389421617,0.15781951,0.27846956,0.17935419
4,99614394253128,0.1486044,0.75154406,-0.10040118
10,99614401021513,-0.14251244,0.11065149,0.5289545
4,99614404332294,0.06578008,0.73583144,-0.072171666
10,99614408762086,-0.3594663,-0.17590857,0.9963217
4,99614413836878,0.030626353,0.6668556,-0.07856325
10,99614420745680,-0.5297214,-0.38763762,1.3477507
4,99614424048284,0.05752428,0.56485647,-0.118776985
10,99614429164065,-0.5973532,-0.59572697,1.5301652
4,99614433998649,0.11638014,0.43702474,-0.16884442
10,99614440564586,-0.6094371,-0.71439505,1.5869837
4,99614443804638,0.19947077,0.3155846,-0.21118867
10,99614448975628,-0.5618099,-0.5235901,1.4988308
4,99614453832294,0.28815404,0.21864553,-0.23622239
10,99614458949117,-0.46008372,-0.24089384,1.1363673
4,99614462127919,0.330232,0.16271915,-0.24181503
10,99614468580055,-0.31993806,0.11367512,0.87151814
4,99614473479534,0.32384038,0.13795175,-0.23116238
10,99614480076930,-0.26144433,0.46507072,0.5947614
4,99614483313336,0.2926814,0.13289174,-0.20692763
10,99614488561044,-0.25764954,0.74370146,0.4201417
4,99614493403544,0.26525086,0.13688648,-0.16911073
10,99614499879951,-0.21817863,0.8230305,0.5032015
4,99614503129690,0.22849922,0.14407702,-0.123038046
10,99614508269690,-0.2465657,0.6926236,0.5385084
4,99614513198076,0.20586236,0.16831179,-0.07856325
10,99614519653336,-0.3314972,0.52676344,0.6903324
2,99614522892763,-33.0,-5.0,15.0
10,99614527917867,-0.55699944,0.33818436,0.6956334
4,99614532813180,0.24873926,0.20905815,0.050600063
10,99614539424326,-0.77708083,0.18148613,0.57556677
4,99614542668492,0.27670243,0.1882855,0.099069595
10,99614547681305,-0.8215899,0.23266506,0.44501448
4,99614553420940,0.31372038,0.1323591,0.10173275
10,99614558501721,-0.7640687,0.3438611,0.22229719
4,99614561602711,0.3009372,0.07856325,0.082025364
10,99614567646930,-0.657871,0.5288267,-0.013669014
4,99614572432242,0.24341293,0.06231797,0.057790596
10,99614578976774,-0.5635728,0.7330022,-0.1384697
4,99614582224430,0.16192019,0.08841695,0.052996907
10,99614587395888,-0.53136533,0.7032919,-0.18143702
4,99614592158180,0.066046394,0.14114754,0.0628506
10,99614598802555,-0.5164439,0.33894062,-0.04567814
4,99614602036878,-0.027963191,0.17417073,0.06924219
10,99614606975524,-0.5947243,-0.11296272,0.25952578
4,99614611749638,-0.048469532,0.14940333,0.051931642
10,99614618535159,-0.6946329,-0.38710546,0.5316601
4,99614621769378,-0.0055926386,0.084155895,0.013315806
10,99614626830211,-0.7119171,-0.5557256,0.6305814
4,99614631601305,0.050333746,-0.0010652645,-0.025300032
10,99614638320003,-0.616389,-0.4730177,0.609529
4,99614641525992,0.10546118,-0.075101145,-0.05273059
10,99614646758128,-0.49166673,-0.25397348,0.43486595
4,99614651579898,0.1222391,-0.10865697,-0.056459017
10,99614656701461,-0.37002754,-0.03474617,0.17306137
4,99614659913961,0.10839066,-0.10945592,-0.05352954
10,99614666346096,-0.24475181,0.11417818,0.0062861443
4,99614671098596,0.04474111,-0.07856325,-0.039947417
10,99614677857867,-0.17078424,0.11330652,-0.04743576
4,99614681111721,0.01438107,-0.05486112,-0.033023197
10,99614686327711,-0.14980876,0.052806377,-0.005768299
4,99614691093857,0.0063915867,-0.04314321,-0.03222425
10,99614697644794,-0.2057432,0.11286545,0.0314703
2,99614700912242,-33.0,-8.0,16.0
10,99614705766669,-0.2658522,0.2312355,0.17012167
4,99614710546617,0.027164243,-0.033023197,-0.040480047
10,99614717420315,-0.32331765,0.3276348,0.25345325
4,99614720651982,0.11744541,-0.046339005,-0.024234766
10,99614725687815,-0.2613356,0.4832096,0.3270321
4,99614730423128,0.14966966,-0.044208474,-0.018908445
10,99614737193440,-0.25605285,0.61970425,0.23575497
4,99614740446930,0.17044231,0.03781689,-0.0034621095
10,99614745627034,-0.16295147,0.3517127,0.2563653
4,99614750426826,0.1403486,0.09187906,0.01304949
10,99614755579951,-0.12211752,0.18542337,0.34764194
4,99614758793440,0.13422333,0.21917816,0.072171666
10,99614765254430,-0.13531446,0.07045317,0.74113226
4,99614770094586,0.21837921,0.36298886,0.1818939
10,99614776754378,-0.25932753,-0.20024204,1.1071887
4,99614779994846,0.3206446,0.536627,0.31851408
10,99614785150836,-0.8628504,-1.0579882,1.4709511
4,99614789920836,0.27084348,0.6146576,0.42344263
10,99614796516826,-1.0746754,-0.9114828,1.4113021
4,99614799759169,0.294013,0.484429,0.38109836
10,99614804924534,-1.3106127,-0.7153177,2.0541115
4,99614809690680,0.26711506,0.27084348,0.19041602
10,99614816373023,-1.5367188,-0.76593447,1.6163807
4,99614819605263,0.0058589545,-0.057790596,-0.06897587
10,99614824718388,-1.9101555,-0.07573652,1.4476328
4,99614829529951,-0.1123854,-0.39840892,-0.2330266
10,99614836126461,-1.8628957,0.16628313,0.6581545
4,99614839333701,-0.19813919,-0.6346313,-0.26178873
10,99614844462034,-0.97304106,0.3144126,-0.13035679
4,99614849327763,-0.20905815,-0.7142598,-0.2727077
10,99614854408544,0.06585443,0.6021738,-0.8792739
4,99614857695888,-0.08522116,-0.6101302,-0.27217507
10,99614863035940,0.6220224,0.92739105,-1.5330291
4,99614869879950,-0.013315806,-0.35313517,-0.22583607
10,99614876171461,0.69220614,1.1972013,-1.5949435
2,99614879396044,-30.0,-6.0,17.0
10,99614882913648,0.14507401,0.87077427,-1.1702862
4,99614889361513,-0.13582122,0.04314321,-0.07536746
10,99614895694534,-0.7244212,1.1464672,-0.14662409
4,99614898931409,-0.07403588,-0.036218993,-0.0061252704
10,99614903798180,-1.2478073,0.7791457,-0.120209694
4,99614908650159,-0.14088123,-0.16804546,-0.0031957934
10,99614915237346,-1.1311336,0.59870005,0.050018787
4,99614918454690,-0.1555286,-0.30652985,-0.08548747
10,99614922569534,-0.821843,0.46264696,0.50018215
4,99614929095419,-0.11717909,-0.37124467,-0.1073254
10,99614935354482,-0.5868898,0.005255699,0.49372244
4,99614938602034,-0.11638014,-0.33742252,-0.076166406
10,99614943297294,-0.4023136,-0.041318417,0.54299927
4,99614948087815,-0.082025364,-0.27137613,-0.044208474
10,99614953330888,-0.43764615,0.091416836,0.51415825
4,99614956579794,-0.04181163,-0.21917816,0.010120012
10,99614963017971,-0.45177913,0.112905025,0.4493618
4,99614967790784,-0.032756884,-0.21544974,0.066312715
10,99614974537971,-0.42857718,0.2420516,0.3722396
4,99614977778909,-0.048469532,-0.23995082,0.08548747
10,99614980578492,-0.22507,0.42879963,0.3315382
4,99614988364534,-0.08681905,-0.24687503,0.095074855
10,99614995971773,-0.10945141,0.39583492,0.111530304
4,99614999225367,-0.15686019,-0.23276028,0.14274544
10,99615002414482,-0.11750293,0.41027832,0.12652493
4,99615008241409,-0.17044231,-0.19547603,0.19228023
10,99615014515003,-0.07713795,0.41843557,-0.2203021
4,99615017752503,-0.14301175,-0.15180019,0.21544974
10,99615020565055,-0.012494445,0.37533998,-0.16762972
4,99615027900211,-0.11771172,-0.13156016,0.19867182
10,99615035424638,-0.001803875,0.41132164,-0.10261536
4,99615038663544,-0.094808534,-0.15180019,0.16431704
10,99615042712034,-0.079116225,0.45299816,-0.053652287
4,99615047483440,-0.090014845,-0.18295917,0.15020229
10,99615052558440,-0.07215619,0.45699072,0.034651756
2,99615055672242,-29.0,-6.0,16.0
10,99615060106253,-0.06497347,0.1385622,0.013103485
4,99615067473075,-0.19414444,-0.123836994,0.21544974
10,99615075034638,-0.048579335,-0.1332593,0.010990143
4,99615078286357,-0.23888555,-0.06364955,0.22530343
10,99615081108127,-0.120405436,-0.31043005,0.12112379
4,99615087001617,-0.20905815,-0.025566347,0.19014971
10,99615094562138,-0.16710877,-0.35272837,0.15338707
4,99615097813648,-0.15499598,-0.02743056,0.128897
10,99615100591773,-0.16471446,-0.30245018,0.20366526
4,99615106947711,-0.10679276,-0.06018744,0.058056913
10,99615114510992,-0.05217707,-0.10572767,0.18388605
4,99615117785888,-0.084155895,-0.09640643,2.663161E-4
10,99615120622659,0.022043228,0.07623196,0.04502201
4,99615126503440,-0.08548747,-0.12330436,-0.025033714
10,99615132675523,0.049827337,0.090326786,-0.2955284
4,99615135919898,-0.12436963,-0.11371698,-0.035952676
10,99615141212867,0.18176663,-0.032235146,-0.5109968
4,99615146168075,-0.18615496,-0.079095885,-0.06018744
10,99615151099117,0.36037648,-0.115417,-0.33731604
4,99615154343857,-0.19813919,-0.058056913,-0.07882957
10,99615159890315,0.4048059,-0.12469101,-0.18782473
4,99615166273648,-0.16777915,-0.019441076,-0.1107875
10,99615172366357,0.22790837,-0.20107603,0.19846487
4,99615175607294,-0.123038046,-0.010652645,-0.10865697
10,99615180770315,0.03956604,-0.13703012,0.3487544
4,99615185662346,-0.13102753,-0.025832662,-0.105727494
10,99615191907398,-0.016138315,-0.01744318,0.43712616
4,99615195125419,-0.1603223,-0.077231675,-0.11744541
10,99615200534117,0.010966778,-1.6355515E-4,0.5269885
4,99615205498752,-0.19228023,-0.13795175,-0.124902256
10,99615211870680,0.02787292,-0.009845257,0.5888462
4,99615215106617,-0.20399815,-0.1768339,-0.1025317
10,99615220299586,0.23845339,-0.15621614,0.48603058
4,99615225208492,-0.21438447,-0.19520971,-0.083090626
10,99615231467294,0.30146492,-0.19341707,0.44022226
2,99615234729117,-30.0,1.0,17.0
10,99615240113440,0.45507967,-0.29595947,0.35087252
4,99615244958857,-0.1571265,-0.16192019,-0.06897587
10,99615249875680,0.44732285,-0.28726387,0.27197552
4,99615253244742,-0.123038046,-0.13848437,-0.062051654
10,99615259654950,0.4583727,-0.19222403,0.17843008
4,99615264529742,-0.08974853,-0.11531488,-0.06977482
10,99615271016773,0.5393094,-0.09981537,0.09179354
4,99615274288596,-0.0793622,-0.092145376,-0.09347696
10,99615279634534,0.5672896,-0.04220867,-0.036681175
4,99615284524325,-0.090014845,-0.06258429,-0.11318435
10,99615290795888,0.56666267,0.008477211,-0.16485167
4,99615294091357,-0.09640643,-0.019973708,-0.120907515
10,99615299421044,0.53210425,0.12663889,-0.29305792
4,99615304358648,-0.090281166,0.04234426,-0.11531488
10,99615310617763,0.48967695,0.20409727,-0.41515875
4,99615313903648,-0.091080114,0.12623383,-0.10359697
10,99615319191929,0.48918223,0.21200752,-0.38102865
4,99615324038127,-0.10013486,0.20639499,-0.10439592
10,99615330361669,0.38994932,0.3390603,-0.22723341
4,99615333609065,-0.090281166,0.27137613,-0.109988555
10,99615338966982,0.0774833,0.38394785,-0.10972881
4,99615343817502,-0.08894958,0.32117724,-0.08628642
10,99615348720107,-0.24403048,0.31185722,-0.039515972
4,99615352130159,-0.08229168,0.35420042,-0.038615838
10,99615358508440,-0.4927795,0.14713144,0.18963194
4,99615363335732,-0.05539375,0.3653857,-0.007456851
10,99615369885679,-0.6662284,-0.0469594,0.39743757
4,99615373127815,-0.0026631611,0.34807515,-0.007190535
10,99615378520315,-0.8142204,-0.22694921,0.55674505
4,99615383355627,0.043942157,0.29800773,-0.013848438
10,99615389660315,-0.9285321,-0.24501467,0.5410414
4,99615392880627,0.06684534,0.23808661,-0.03435478
10,99615398306669,-0.93075085,-0.07482004,0.61684227
4,99615403220002,0.07803062,0.1736381,-0.062051654
10,99615409443388,-0.8134976,0.091015816,0.51548004
2,99615412684013,-32.0,-3.0,17.0
10,99615418158023,-0.6527927,0.20653248,0.42305946
4,99615422976825,0.046339005,0.098004326,-0.07856325
10,99615429223284,-0.45327532,0.23719597,0.29720354
4,99615432442346,0.038615838,0.113983296,-0.07989483
10,99615437864794,-0.22436464,0.2869854,0.3609166
4,99615442645054,0.056991648,0.16298546,-0.072171666
10,99615447574429,-0.2482462,0.3214469,0.3868847
4,99615451010367,0.06897587,0.21438447,-0.02956109
10,99615457664325,-0.4275887,0.36266136,0.36509132
4,99615462504169,0.06711166,0.25246766,0.025033714
10,99615468778075,-0.56307054,0.3735261,0.39480782
4,99615472019273,0.068176925,0.25220135,0.058589544
10,99615477417659,-0.6179348,0.27999258,0.44611263
4,99615482182294,0.05885586,0.22796659,0.07590009
10,99615488547815,-0.6507088,0.19000816,0.46264744
4,99615491752346,0.066046394,0.2000034,0.08069378
10,99615497185940,-0.61568415,0.17621326,0.5750141
4,99615501947919,0.094009586,0.18136127,0.09241169
10,99615508331877,-0.6338992,0.0609622,0.54065466
4,99615511575002,0.10972224,0.16458336,0.10626013
10,99615516963075,-0.61879325,0.059735775,0.4768257
4,99615521732554,0.1123854,0.1403486,0.10146644
10,99615528127450,-0.55801296,0.12273884,0.3988104
4,99615531370159,0.08974853,0.11638014,0.08362326
10,99615536749794,-0.46020675,0.17190409,0.38447285
4,99615541539325,0.064182185,0.09640643,0.066046394
10,99615546477606,-0.4017316,0.26994133,0.38868713
4,99615549899794,0.053795855,0.087618,0.059388492
10,99615556181409,-0.40466273,0.23513603,0.4375906
4,99615560980106,0.016511599,0.087884314,0.056991648
10,99615567666773,-0.3766302,0.109129906,0.45518303
4,99615570916877,-0.00479369,0.087884314,0.046871636
10,99615576307034,-0.35840285,-0.031861305,0.5607786
4,99615581129950,0.009054748,0.072970614,0.032490566
10,99615587440784,-0.40359378,-0.15628052,0.61618376
2,99615590705940,-34.0,-7.0,16.0
10,99615595906356,-0.45353568,-0.1743288,0.55823374
4,99615600791252,0.043675844,0.016245283,0.021571605
10,99615607224534,-0.38786316,-0.057899475,0.4968109
4,99615610436929,0.08016115,-0.03542004,0.0015978967
10,99615615760211,-0.2645831,-0.03425169,0.39630842
4,99615620563700,0.08042747,-0.043675844,-0.0015978967
10,99615626996044,-0.18679476,0.0349555,0.28920937
4,99615630232711,0.05539375,-0.036751624,-0.009321064
10,99615635611825,-0.18809366,0.14046383,0.3357501
4,99615648782554,0.046339005,-0.030360037,-0.00958738
11,99615655196200,-0.341448,0.17305,-0.584977,0.715029,0.0
4,99615659864898,0.033822145,-0.034621093,7.9894834E-4
10,99615666273336,-0.27610028,-0.04884863,0.41382742
4,99615669372971,0.01917476,-0.042077947,-0.0013315806
10,99615674914325,-0.32207763,-0.090937614,0.40351725
4,99615679550367,0.026365295,-0.06391586,-0.043409526
10,99615686073336,-0.41254652,0.07406521,0.32102537
4,99615689158440,0.03781689,-0.09880328,-0.07163903
10,99615694712502,-0.45023763,0.16166735,0.14781427
4,99615699378752,0.028495824,-0.12676647,-0.06711166
10,99615705837659,-0.29430926,0.24031973,0.12905979
4,99615708938440,0.018109497,-0.12996227,-0.049801115
10,99615714501669,-0.17049801,0.21119595,0.021344662
4,99615719151721,-0.008255799,-0.096939065,-0.02876214
10,99615725642606,-0.18397772,0.19385386,-0.1305747
4,99615728718336,-0.016245283,-0.049801115,-0.01917476
10,99615734268856,-0.19609451,0.19979429,-0.06848955
4,99615739872815,0.011984225,-0.025300032,-0.019973708
10,99615744662867,-0.19719064,0.12222719,0.04389286
4,99615747640783,0.048469532,-0.027164243,-0.021837922
10,99615754056981,-0.2394371,0.099739075,0.053497314
4,99615758683283,0.055926383,-0.030360037,-0.030626353
10,99615765197554,-0.23235393,0.17474413,0.11773062
2,99615768309481,-32.0,-6.0,16.0
10,99615773859273,-0.22986078,0.2199254,0.09221792
4,99615778441929,0.008522116,-0.01438107,-0.038615838
10,99615784977138,-0.22897553,0.26214743,0.07309818
4,99615788057554,-0.020506341,0.0063915867,-0.027696876
10,99615793604169,-0.16919148,0.353786,0.11979246
4,99615798241773,-0.0314253,0.01917476,-0.016777916
10,99615804743544,-0.110710025,0.37678623,0.09517908
4,99615807831669,-0.033023197,0.03568636,-0.0127831735
10,99615813398700,-0.077251315,0.35922956,0.07759857
4,99615817997294,-0.02743056,0.05219796,-0.01438107
10,99615824531929,-0.07139695,0.32185602,0.056714058
4,99615827612763,-0.011451593,0.060720075,-0.011984225
10,99615833159429,-0.08169246,0.34325075,0.06815767
4,99615838798856,-5.326322E-4,0.057790596,0.0
10,99615843595315,-0.07946265,0.36828804,0.08074999
4,99615846613179,0.025566347,0.05566007,0.019441076
10,99615853435627,-0.030766726,0.38293505,0.11387873
4,99615858409586,0.03781689,0.06684534,0.040213734
10,99615864551929,-0.027286291,0.29509258,0.04390526
4,99615867800106,0.02743056,0.10173275,0.060453758
10,99615872982190,0.0015681982,0.19857502,0.13676405
4,99615877740471,0.016777916,0.1387507,0.07137272
10,99615883024169,-0.037569165,0.13101673,0.24577475
4,99615886267919,0.0314253,0.15446335,0.07643273
10,99615892759065,-0.12020743,0.04159689,0.2774439
4,99615897579429,0.042876896,0.15419704,0.08894958
10,99615903896252,-0.18978167,-0.07819843,0.20669174
4,99615907127033,0.04314321,0.14674018,0.10439592
10,99615910249377,-0.22090626,-0.17157221,0.19232655
4,99615917910106,0.060720075,0.13928333,0.1123854
10,99615925368961,-0.10455346,-0.099871635,0.20683861
4,99615928648700,0.08948222,0.12676647,0.11371698
10,99615933483388,-0.13016546,0.10868883,0.13223791
4,99615938265367,0.095074855,0.109988555,0.11052119
10,99615943213388,-0.19986033,0.23705053,-0.03671837
2,99615946338336,-33.0,-7.0,17.0
10,99615949358856,-0.29084003,0.28972292,-0.17079353
4,99615957455523,-0.0026631611,0.024234766,0.13502227
10,99615965024117,-0.2952459,0.22668457,-0.32714272
4,99615968294221,-0.013582122,-0.03089267,0.1355549
10,99615973086929,-0.08805525,0.21022224,-0.124177456
4,99615977870679,-0.030626353,-0.06657903,0.091080114
10,99615984041877,-0.03898585,0.30854416,0.19936752
4,99615987270835,-0.10226539,-0.0958738,0.042876896
10,99615990065315,-0.24009871,0.39473534,0.46512365
4,99615997070679,-0.21624869,-0.08495484,0.01917476
10,99616004606408,-0.5472212,0.14370203,0.69288206
4,99616007865888,-0.3669836,-0.0777643,0.02130529
10,99616010684429,-0.7770645,-0.24894667,0.9059658
4,99616016562033,-0.43436158,-0.11584751,0.020772656
10,99616024154117,-0.85507053,-0.5003438,1.2424212
4,99616027430315,-0.33475935,-0.20133498,-0.0031957934
10,99616030186148,-0.7976097,-0.7948308,1.3836784
4,99616037051981,-0.14594123,-0.29241508,-0.055127434
10,99616043452398,-0.5866984,-0.7053757,1.4512758
4,99616046563804,0.06737798,-0.33502567,-0.13981596
10,99616049411513,-0.29460585,-0.29836178,1.2956533
4,99616056555471,0.19228023,-0.32357407,-0.21065605
10,99616064128075,-0.2563635,-0.008743286,0.6763377
4,99616067364065,0.16591494,-0.27137613,-0.23622239
10,99616070173388,-0.2563635,-0.008743286,0.6763377
4,99616075052346,0.1323591,-0.23861924,-0.23648871
10,99616082070731,-0.042660475,0.4796214,-0.23981571
4,99616085322398,0.019707393,-0.15419704,-0.17976338
10,99616090428908,0.021807909,0.2160511,-0.5895033
784,99616094697971,-0.027164243,-0.1206412,-0.14514229
11,99616100832815,-0.342704,0.179078,-0.604659,0.696326,0.0
4,99616104097033,-0.08175905,-0.031158986,-0.09347696
10,99616108979846,0.2023263,-0.041039467,-0.5165181
4,99616115477815,-0.04447479,0.06791061,-0.080960095
10,99616121468908,0.10998905,-0.066851616,-0.23683405
2,99616124568231,-34.0,-9.0,19.0
10,99616129620471,-0.43749928,0.15862274,0.16026068
4,99616135591721,0.039947417,0.16192019,-0.0561927
10,99616140557085,-0.5952778,0.2722516,0.28594255
4,99616143517919,0.06578008,0.11930962,-0.037284255
10,99616149404690,-0.7378838,0.3499756,0.3827591
4,99616154132033,0.0628506,0.04580637,-0.033822145
10,99616160923596,-0.65072453,0.2911353,0.406425
4,99616164075523,0.030626353,-0.015180019,-0.041012682
10,99616169183960,-0.46259713,0.23663473,0.3857317
4,99616173833908,0.011984225,-0.025300032,-0.035153728
10,99616180708023,-0.3558792,0.22718143,0.30527973
4,99616183793596,0.01571265,0.010918961,-0.010386328
10,99616188645940,-0.30646038,0.2993698,0.26756096
4,99616194359481,0.033822145,0.06178534,0.02609898
10,99616200490419,-0.35135055,0.29392815,0.36625195
4,99616203581825,0.043675844,0.09134643,0.063116916
10,99616208740992,-0.4834739,0.2742896,0.34157896
4,99616213469481,0.0396811,0.092944324,0.08575379
10,99616220265783,-0.6071943,0.21493578,0.3074913
4,99616223345210,0.025832662,0.059388492,0.08442221
10,99616228507606,-0.5792217,0.16400385,0.3013444
4,99616234041096,0.032490566,0.013848438,0.066046394
10,99616239020210,-0.41555882,0.22228527,0.33388948
4,99616242105210,0.05352954,-0.023169503,0.04234426
10,99616248293179,-0.35045588,0.2767377,0.18904018
4,99616253710106,0.02263687,-0.012516857,0.032756884
10,99616259808960,-0.33465457,0.275033,0.06494045
4,99616262890731,-0.051132694,0.019973708,0.0314253
10,99616268063908,-0.26701486,0.24137497,0.23885393
4,99616272760054,-0.09054748,0.028229509,0.032490566
10,99616279590887,-0.32424307,0.07516718,0.34673595
4,99616282676512,-0.08175905,0.010652645,0.035952676
10,99616287841356,-0.4075699,-0.080364704,0.32637453
4,99616293216044,-0.050866377,-0.01438107,0.025033714
10,99616299049065,-0.41630733,-0.07999277,0.36904192
2,99616302145002,-33.0,-10.0,18.0
10,99616306563023,-0.34355354,-0.049648285,0.41166925
4,99616313522658,0.019707393,-0.07590009,-0.04580637
10,99616319969325,-0.20739126,0.008823872,0.3401556
4,99616323515992,0.022903185,-0.09347696,-0.06897587
10,99616328148387,-0.08062196,0.068067074,0.36625433
4,99616332983856,0.007989483,-0.08042747,-0.066312715
10,99616338074012,-0.03301525,-0.03895569,0.30514288
4,99616341180679,-0.026897928,-0.03888215,-0.043409526
10,99616347509846,-0.0010430813,-0.17857695,0.23453426
4,99616352322190,-0.041545313,-0.0026631611,-0.043942157
10,99616358955210,0.03379464,-0.1108861,0.22213364
4,99616362173752,0.0039947415,0.010386328,-0.06551377
10,99616367195679,0.07539308,0.008705139,0.29050922
4,99616371989533,0.077231675,0.0127831735,-0.072970614
10,99616378734794,0.09924185,0.17561817,0.1431508
4,99616381982294,0.116912775,0.002396845,-0.06391586
10,99616387152346,0.11276686,0.3610568,-0.10036659
4,99616391899169,0.11265171,-0.0037284256,-0.04234426
10,99616398531669,0.19307935,0.37724686,-0.355052
4,99616401765314,0.0958738,0.0063915867,-0.021038974
10,99616406945627,0.46693087,0.4485736,-0.13549566
4,99616411756096,0.12010857,0.06791061,-0.0055926386
10,99616418342606,0.702881,0.31655025,0.27995396
4,99616421587242,0.12410331,0.21624869,0.0058589545
10,99616426628231,0.6503421,-0.017457008,0.65612316
4,99616434051460,0.11105382,0.37257624,0.04447479
10,99616436628231,-0.35730386,-0.31584978,0.46049166
4,99616446972085,0.18429075,0.5075985,0.25699505
10,99616453974689,-0.22124338,-0.56055784,0.7613926
4,99616455785210,0.37790257,0.5209143,0.42290998
10,99616463501825,0.1189996,-1.1481357,1.2599792
4,99616465316252,0.55340487,0.5411543,0.4543353
10,99616473501825,0.24493015,-1.2045183,1.1819749
11,99616473501825,-0.321181,0.188026,-0.615586,0.694652,0.0
4,99616470316252,0.44048685,0.41598576,0.16804546
4,99616491504689,0.32117724,0.36964676,0.06364955
10,99616498957658,-1.4505258,-0.485209,1.0779057
4,99616502807762,-0.00479369,0.12463594,-0.1323591
10,99616505889794,-1.424016,-0.4943204,1.0647779
4,99616509109325,-0.08735169,-0.052996907,-0.2066613
10,99616515810210,-2.4802256,0.28860044,0.9719691
4,99616519687919,-0.18881813,-0.4079963,-0.2926814
4,99616524018387,-0.24367924,-0.5611281,-0.32384038
4,99616529125419,-0.27457193,-0.66818714,-0.3653857
10,99616535686512,-1.274254,0.17565966,-0.12540627
4,99616542125627,-0.22077605,-0.75154406,-0.52144694
11,99616545696669,-0.326893,0.183261,-0.614983,0.693795,0.0
10,99616545696669,-1.3629978,0.18717146,-0.09693146
4,99616550737762,-0.25060347,-0.66579026,-0.57417756
4,99616565740262,-0.29827404,-0.59388494,-0.5342301
4,99616569246512,-0.28202876,-0.5768407,-0.48283112
11,99616575740262,-0.341079,0.171363,-0.609442,0.694894,0.0
4,99616586257137,-0.18216023,-0.6609966,-0.3043993
10,99616594835054,-0.9313079,1.0399804,0.04921484
4,99616597198908,-0.14833808,-0.69694924,-0.26312032
10,99616602750419,-0.56494296,0.9713788,0.33531713
4,99616604615991,-0.12516858,-0.68389976,-0.24208134
10,99616610122919,-0.38298368,0.9953208,0.34010553
4,99616611936773,-0.12170646,-0.65726817,-0.22530343
11,99616625871721,-0.352069,0.159029,-0.602634,0.698275,0.0
4,99616629756304,-0.13848437,-0.54248595,-0.08868326
10,99616634643439,-0.4334749,1.2368922,0.14128971
4,99616637826721,-0.14061491,-0.47990164,0.03888215
10,99616642716825,-0.36892772,1.2788019,0.08150101
11,99616642716825,-0.356712,0.153357,-0.595619,0.703189,0.0
4,99616648267241,-0.13262543,-0.4215784,0.15126756
10,99616654244012,-0.18841803,1.206502,0.1725316
2,99616657472658,-29.0,-4.0,18.0
10,99616662531773,-0.12458682,0.89175844,-0.14551878
4,99616669949741,-0.1834918,-0.27403927,0.37364152
10,99616675185262,-0.113221645,0.74029493,-0.33508778
4,99616678245783,-0.18615496,-0.1984055,0.43782368
10,99616682864325,-0.12254262,0.69256496,-0.44719076
4,99616688639012,-0.1587244,-0.13901702,0.45034054
10,99616695197346,-0.04931712,0.59218264,-0.41654444
4,99616698437762,-0.12942964,-0.11558119,0.42557314
10,99616703564741,-0.03379655,0.4986496,-0.17297888
4,99616707869741,-0.11105382,-0.12144015,0.3930826
10,99616714986564,-0.032571793,0.41556215,-0.06901026
4,99616718237137,-0.10759171,-0.13315806,0.37577203
10,99616723371460,-0.029464126,0.1447525,0.09648895
4,99616728149064,-0.13981596,-0.10439592,0.38775626
10,99616734778856,0.10584366,-0.4017825,0.24656343
4,99616737998752,-0.17443706,-0.0628506,0.38456047
10,99616743143283,0.17327094,-0.7906933,0.25714445
4,99616747970887,-0.133957,-0.039414786,0.32996565
10,99616754540419,0.1894306,-0.9906149,0.270957
4,99616757790679,-0.037550572,-0.042077947,0.24607609
10,99616762923387,0.24865723,-0.9315443,0.2678876
4,99616767715835,0.0644485,-0.0628506,0.16085494
10,99616772865262,0.36658287,-0.7778187,0.24667645
4,99616776105158,0.107858025,-0.07084008,0.09187906
10,99616782550575,0.4386158,-0.6201916,0.20441532
4,99616787331200,0.08016115,-0.054062173,0.050333746
10,99616794097919,0.45933735,-0.49696112,0.17360306
4,99616797338075,0.0127831735,-0.01917476,0.03781689
10,99616800151252,0.46651995,-0.36049175,0.14008427
4,99616807895731,-0.043675844,0.011451593,0.040213734
10,99616815498960,0.3495803,-0.23988152,0.092278
4,99616818764898,-0.08069378,0.026631612,0.04660532
10,99616823258960,0.34970486,-0.23213625,0.10028839
4,99616828043543,-0.09827065,0.026365295,0.03568636
10,99616834363596,0.3130759,-0.012152672,0.14837837
2,99616837616773,-30.0,2.0,19.0
10,99616839616564,0.21970212,-0.048065662,0.28963614
4,99616847444898,-0.07749799,0.046339005,0.03195793
10,99616855041304,-0.01131475,-0.026535988,0.307549
4,99616858296721,-0.08016115,0.03568636,0.047404267
10,99616862724585,-0.0060162544,-0.021219254,0.31156588
4,99616867509377,-0.07376956,-0.007989483,0.04314321
10,99616872591408,-0.3371657,0.32404947,0.22086334
4,99616875693283,-0.091080114,-0.057257965,0.029827405
10,99616879422606,-0.28449333,0.2761655,0.30226612
4,99616887001043,-0.1073254,-0.08362326,0.021571605
10,99616894564689,-0.27581716,0.09143305,0.36410856
4,99616897829116,-0.1025317,-0.07137272,0.03222425
10,99616900075314,-0.31411707,-0.047433376,0.46705914
4,99616906780939,-0.08442221,-0.03834952,0.04474111
10,99616914345523,-0.4014846,-0.16297579,0.57627916
4,99616917582137,-0.08016115,-0.03089267,0.04660532
10,99616920382762,-0.49725258,-0.15100479,0.61937475
4,99616926346408,-0.07563378,-0.0628506,0.023435818
10,99616933875418,-0.52319694,-0.056503773,0.5772257
4,99616937160314,-0.06950851,-0.11851067,-0.002130529
10,99616939958804,-0.53995633,0.08714819,0.46948624
4,99616946158804,-0.061252706,-0.16271915,-0.01784318
10,99616952244377,-0.40353537,0.17732191,0.31781197
4,99616955482293,-0.05752428,-0.16591494,-0.021837922
10,99616960776616,-0.185583,0.2450571,0.21447563
4,99616965689325,-0.05219796,-0.13768543,-0.030360037
10,99616970625262,-0.050765872,0.37703562,0.15433598
4,99616973889377,-0.048469532,-0.1206412,-0.035952676
10,99616980295783,-0.042420864,0.4147191,0.09792328
4,99616985203283,-0.03169162,-0.08548747,-0.03914847
10,99616991684533,0.019943118,0.44622898,0.039657116
4,99616994933075,-0.02263687,-0.03834952,-5.326322E-4
10,99617000287971,0.023027778,0.410707,0.023614883
4,99617005145158,-0.014114754,-0.022104237,0.01571265
10,99617011464533,0.073470354,0.42807817,0.02088499
2,99617014697762,-30.0,4.0,18.0
10,99617020126929,0.13657439,0.4227395,-0.031906128
4,99617025038179,0.046871636,0.0314253,0.05486112
10,99617031195575,0.19939387,0.39203215,-0.08208084
4,99617034585835,0.059388492,0.066312715,0.06551377
10,99617039884846,0.29326153,0.40818977,-0.028685093
4,99617044759845,0.07190535,0.10839066,0.07376956
10,99617051009116,0.30140102,0.39747095,-0.08926964
4,99617054280158,0.07350325,0.14833808,0.08948222
10,99617059641148,0.24202299,0.3302002,-0.104670525
4,99617064484637,0.06018744,0.1882855,0.09640643
10,99617069435939,0.288525,0.37314558,-0.09690428
4,99617072766981,0.06950851,0.20612867,0.10040118
10,99617079387918,0.20356143,0.35626698,-0.08745813
4,99617084254325,0.06364955,0.21598236,0.11824436
10,99617090560939,0.1922934,0.17521429,-0.10853863
4,99617093805418,0.03888215,0.24261399,0.1355549
10,99617099166564,0.14887428,-0.053688526,0.0011978149
4,99617104036616,0.023702133,0.26871297,0.13662016
10,99617110332450,0.08452475,-0.20651531,0.069012165
4,99617113556668,0.03435478,0.27137613,0.120907515
10,99617118951304,-0.022024393,-0.23093319,0.18840885
4,99617123944689,0.06364955,0.24767399,0.1123854
10,99617130064012,-0.10334265,-0.27895594,0.2940693
4,99617133282970,0.07057377,0.21917816,0.11638014
10,99617138730158,-0.08579326,-0.3115611,0.4204173
4,99617143587658,0.079095885,0.20213392,0.11318435
10,99617149859898,-0.09811258,-0.4135065,0.3892355
4,99617153075575,0.07243799,0.18429075,0.10759171
10,99617158505054,-0.16409838,-0.45766068,0.36113787
4,99617163363908,0.07137272,0.17070863,0.09054748
10,99617168283700,-0.2100991,-0.33739758,0.4571929
4,99617171648908,0.087085366,0.1486044,0.0644485
10,99617178282502,-0.27756107,-0.34304428,0.48779345
4,99617183151564,0.08655274,0.11638014,0.038615838
10,99617189412345,-0.31972706,-0.24024916,0.6348705
2,99617192662502,-33.0,1.0,21.0
10,99617198079481,-0.37089813,-0.1695857,0.60485363
4,99617202909116,0.099069595,0.03355583,-0.0018642128
10,99617209232866,-0.43516028,-0.14995098,0.60610056
4,99617212459793,0.09560748,0.004527374,-0.0029294773
10,99617217783543,-0.434685,-0.16130829,0.6176739
4,99617222618179,0.10226539,-0.025300032,-0.0063915867
10,99617228979950,-0.4149481,-0.07287359,0.62665844
4,99617232222345,0.12596752,-0.06231797,-0.01784318
10,99617237608752,-0.32980955,0.11105156,0.6650524
4,99617242431095,0.1454086,-0.092145376,-0.021038974
10,99617248756356,-0.28629684,0.2598176,0.53502417
4,99617252001720,0.13582122,-0.10146644,-0.007190535
10,99617257388023,-0.2011199,0.3417678,0.4224038
4,99617262157606,0.11957593,-0.07350325,0.016511599
10,99617267085158,-0.13769102,0.34172916,0.34702063
4,99617270544012,0.10546118,-0.018375812,0.040746365
10,99617276806095,-0.08634436,0.25236225,0.3535614
4,99617281638908,0.08628642,0.054062173,0.06178534
10,99617288320366,-0.18822706,0.1718998,0.43426085
4,99617291565939,0.07403588,0.1257012,0.08841695
10,99617296995470,-0.37493408,0.09072733,0.49776077
4,99617301762918,0.07456851,0.16484967,0.11797804
10,99617308075835,-0.5781841,-0.07757807,0.5465574
4,99617311346408,0.081226416,0.16564862,0.13448964
10,99617316728231,-0.6825155,-0.19513178,0.57599354
4,99617321695783,0.103863284,0.12117383,0.12197278
10,99617327848856,-0.705563,-0.10354853,0.53513145
4,99617331090366,0.1454086,0.064182185,0.08655274
10,99617336494168,-0.5850984,0.13977385,0.4299364
4,99617341359168,0.1834918,0.006657903,0.054594804
10,99617347648856,-0.43699443,0.39844656,0.22716475
4,99617350886252,0.20399815,-0.005060006,0.038615838
10,99617356283752,-0.26508462,0.5544667,0.016334534
4,99617361047450,0.19361182,0.02876214,0.044208474
10,99617366043022,-0.14785242,0.54123306,-0.1243639
2,99617369446929,-31.0,1.0,22.0
10,99617375286043,-0.17167449,0.57611513,-0.2492013
4,99617381096616,0.12357068,0.15126756,0.049002163
10,99617387262033,-0.28844106,0.47732067,-0.18568945
4,99617390498647,0.10918961,0.17763285,0.037550572
10,99617395836460,-0.31431758,0.2487998,-0.1279087
4,99617400607033,0.1107875,0.16484967,0.009054748
10,99617406963804,-0.28943253,0.044769764,-0.07388115
4,99617410202189,0.128897,0.13741912,-0.036218993
10,99617415605731,-0.2808888,-0.108000755,0.013291359
4,99617420387137,0.13901702,0.1272991,-0.05486112
10,99617426760054,-0.17423701,-0.20031786,0.023200989
4,99617429977762,0.17097494,0.10918961,-0.087085366
10,99617435433491,-0.06596446,-0.24170017,0.027369022
4,99617440249116,0.17443706,0.105993815,-0.09134643
10,99617446533335,0.040347934,-0.19300795,-0.0048041344
4,99617449785314,0.17124127,0.10279802,-0.099069595
10,99617455182814,0.13556409,-0.09190798,-0.058400154
4,99617459964377,0.165116,0.10466223,-0.101200126
10,99617464892658,0.17510748,-0.07192898,-0.073241234
4,99617468317241,0.14487597,0.119043306,-0.0958738
10,99617474579533,0.20216477,-0.028417587,-0.079372406
4,99617479409949,0.09853696,0.14647387,-0.09241169
10,99617486087137,0.14591491,-0.01779747,-0.07122755
4,99617489295939,0.05832323,0.16777915,-0.09134643
10,99617494737449,-0.02287972,0.042420864,0.14394903
4,99617499518595,0.046339005,0.170176,-0.10146644
10,99617505850835,-0.06311333,0.094543934,0.17166948
4,99617509092866,0.072970614,0.13528858,-0.11451593
10,99617514505002,-0.12082684,0.17740202,0.19023228
4,99617519258699,0.101200126,0.10466223,-0.1222391
10,99617525638283,-0.12812293,0.30620003,0.154778
4,99617528884741,0.10226539,0.09454222,-0.12942964
10,99617534291043,-0.15497291,0.44833422,0.18069887
4,99617539058491,0.10066749,0.09640643,-0.12543489
10,99617545411095,-0.2406447,0.5112777,0.24217081
2,99617548677085,-32.0,-4.0,24.0
10,99617554062762,-0.29218018,0.50554466,0.2995758
4,99617558888647,0.17283916,0.070041135,-0.060720075
10,99617563792970,-0.23843992,0.4522829,0.39540958
4,99617567205522,0.26178873,0.11424961,-0.01784318
10,99617573881199,-0.07819915,0.48749208,0.5525718
4,99617578638647,0.3864247,0.2031992,0.031158986
10,99617584988127,-0.017122865,0.59360313,0.7551999
4,99617588237658,0.556867,0.32277513,0.118776985
10,99617593613127,-0.050005555,0.33791542,1.0456009
4,99617598445887,0.64555025,0.50120693,0.31158987
10,99617604806095,-0.3143953,-0.51319504,1.198575
4,99617608044272,0.6346313,0.7302388,0.67058396
10,99617613410054,-0.8402463,-1.5441809,1.285707
4,99617618236460,0.644485,0.8133294,1.0668623
10,99617624541668,-0.9507514,-1.5264626,0.53761005
4,99617627790470,0.91825795,0.67324716,0.9464875
10,99617633224377,-0.27011925,-0.9868412,1.5808139
4,99617638005366,0.85034734,0.60560286,0.30945933
10,99617644322710,-1.1503682,-1.4899235,1.1103063
4,99617647562554,0.1206412,0.35473305,-0.30652985
10,99617652997710,-2.9655035,-0.06674814,1.8875155
4,99617657829429,-0.25060347,-0.1107875,-0.48149952
10,99617662740679,-3.9019003,-0.2146349,1.9521561
4,99617666090991,-0.5067996,-0.64528394,-0.34674358
10,99617672764220,-2.446772,-0.9179344,0.98221254
4,99617677565783,-0.5230448,-1.0266486,-0.39521313
10,99617683869689,-0.3651976,-0.9094868,0.1200304
4,99617687086095,-0.13582122,-1.0855045,-0.5589975
10,99617692563127,0.762606,-0.5680866,-0.9080291
4,99617697341408,0.330232,-0.84555364,-0.5954828
10,99617703667449,1.2977064,0.2631359,-1.8499212
4,99617706909220,0.5478122,-0.51718587,-0.5613944
10,99617710742658,1.4150224,1.4865732,-2.051034
4,99617717691512,0.3821636,-0.28176245,-0.5163869
10,99617725324897,0.61591256,2.3236165,-2.2324133
2,99617728574429,-28.0,-3.0,26.0
10,99617733175783,0.57447195,2.314537,-2.231235
4,99617738008856,-0.19201392,-0.050866377,-0.3075951
10,99617744124897,0.18894792,1.6078978,-1.0062981
4,99617747349845,-0.32011196,0.03089267,-0.2479403
10,99617750150991,0.19373631,0.5400839,-0.5083041
4,99617757597814,-0.24580978,0.10013486,-0.21385184
10,99617763942606,0.08073151,-0.14835072,-0.07586956
4,99617768366616,-0.03781689,0.15606125,-0.17550232
10,99617773004637,-0.15934408,-0.29315615,0.028074741
4,99617777839220,0.1504686,0.19680761,-0.13528858
10,99617783960731,-0.31514347,0.06631756,-0.1078186
4,99617787214741,0.22237396,0.2231729,-0.092145376
10,99617790048335,-0.33669126,0.5116391,-0.21795225
4,99617796951304,0.15739283,0.26391926,-0.03568636
10,99617804507658,-0.26425648,0.70903015,-0.2819438
4,99617807761981,0.00958738,0.33289513,0.037550572
10,99617812302345,-0.23508334,0.7112489,-0.2864251
4,99617817106356,-0.13102753,0.42104578,0.10359697
10,99617823201199,-0.34784484,0.50081587,-0.0020551682
4,99617826450158,-0.20586236,0.4791027,0.12037488
10,99617829249324,-0.5441694,0.20154095,0.30440283
4,99617836483231,-0.20106867,0.47137952,0.09933591
10,99617844042814,-0.70676374,0.005733967,0.5716033
4,99617847307397,-0.15899073,0.40107206,0.06391586
10,99617850098751,-0.70676124,0.0057406425,0.5716033
4,99617856311772,-0.09347696,0.2892193,0.030360037
10,99617862671095,-0.9788907,-0.09777832,0.7668443
4,99617866889897,-0.03009372,0.17283916,0.0026631611
10,99617869011876,-0.94058347,3.838539E-4,0.7117772
4,99617875878491,-0.0034621095,0.118776985,-0.011717909
10,99617882160679,-0.7736267,0.24465656,0.6034317
4,99617885395314,0.049002163,-0.034088463,-0.06391586
10,99617890261512,-0.57558495,0.5252428,0.39778423
4,99617895226356,0.06258429,-0.07456851,-0.07856325
10,99617901606981,-0.38842,0.7640333,0.2175045
2,99617904834533,-29.0,-7.0,26.0
10,99617909895574,-0.15931857,0.97449493,0.053857803
4,99617914734793,0.04660532,-0.16884442,-0.113983296
10,99617921453283,-0.04930401,0.9701104,0.05726576
4,99617924824637,-0.0029294773,-0.08841695,-0.0974717
10,99617929733335,0.31822622,0.52263975,0.2568226
4,99617934597762,-0.021038974,-0.01571265,-0.08175905
10,99617941150158,0.35833025,0.35941792,0.38903427
4,99617944518491,-0.00958738,0.17976338,-0.018109497
10,99617949760522,0.34071767,0.26091862,0.9490094
4,99617954823439,0.07749799,0.37923414,0.09054748
10,99617959905678,0.23352742,0.28441525,1.0262356
4,99617963012710,0.18695392,0.53529537,0.2559298
10,99617969254637,0.025501132,0.3495288,1.0578136
4,99617974101824,0.25513083,0.593086,0.5006743
10,99617980745626,-0.27219272,0.4044218,0.47704363
4,99617984039585,0.30173615,0.6045376,0.72917354
10,99617988959637,-0.0018447638,-0.039503574,0.78212976
4,99617993947553,0.33129725,0.6846987,0.8175905
10,99618000478595,0.1073941,-0.4660077,0.8501587
4,99618003721095,0.27510455,0.81466097,0.75580513
10,99618008945470,-0.19835633,-0.8804054,1.727406
4,99618013791043,0.26312032,0.8748484,0.61625546
10,99618020321043,-1.0981975,-1.2798548,2.1032257
4,99618023550106,0.15526229,0.7214503,0.3853594
10,99618028480939,-2.1134453,-1.4446578,2.8359156
4,99618033492449,-0.099069595,0.37736994,0.08948222
10,99618040063960,-3.1308126,-1.8803515,2.3607354
4,99618043297449,-0.44421527,-0.1536644,-0.22370553
10,99618048295574,-3.1725755,-1.3466,2.545907
4,99618053185991,-0.4673848,-0.6940198,-0.4263721
10,99618058442137,-2.314423,-1.340375,1.7608528
4,99618061617345,-0.31771514,-0.9755159,-0.4812332
10,99618068075991,-0.8271023,-1.1425562,0.81982374
4,99618072900210,-0.030360037,-0.95660746,-0.50839746
10,99618079833491,0.29697013,-0.5679331,0.19986439
2,99618083095574,-31.0,-7.0,27.0
10,99618087502033,0.23536861,-0.08702946,-0.53652763
4,99618093349220,0.15739283,-0.6346313,-0.613326
10,99618099595366,-0.44713634,1.0322709,-0.9863186
4,99618102838022,0.049534798,-0.69481874,-0.628506
10,99618107748699,-0.8923081,2.104597,-1.1115017
4,99618112504845,-0.12676647,-0.8005462,-0.62104917
10,99618119186251,-0.87889796,2.0703745,-1.363318
4,99618122430731,-0.42077947,-0.8109326,-0.5970807
10,99618127513543,-0.5674772,1.5543528,-1.0112615
4,99618132303335,-0.6079997,-0.7552725,-0.5653891
10,99618138921616,-0.7079529,0.7433057,-0.45424843
4,99618142166355,-0.5768407,-0.70653665,-0.47723848
10,99618147150887,-1.086752,-0.07464504,-0.088030815
4,99618152950053,-0.39814258,-0.71772194,-0.36005938
10,99618158043855,-1.3020021,-0.33867073,0.1163106
4,99618161134220,-0.13422333,-0.79042625,-0.32170987
10,99618167049897,-1.1929264,-0.0349288,0.08259201
4,99618171875887,0.06018744,-0.8759137,-0.36565202
10,99618178482241,-1.000941,0.36548662,-0.13393688
4,99618181729012,0.06338324,-0.9166601,-0.38935417
10,99618186910262,-0.7889677,0.81771517,-0.5127044
4,99618191708855,-0.031158986,-0.9177253,-0.35286885
10,99618198249064,-0.624302,1.2748113,-0.878386
4,99618201467658,-0.15073492,-0.8657937,-0.2591256
10,99618206772970,-0.4397136,1.4399738,-1.1999431
4,99618211552137,-0.2942793,-0.7592673,-0.13102753
10,99618218061303,-0.20666575,1.3973813,-1.2855587
4,99618221356564,-0.4066647,-0.64182186,-0.023435818
10,99618226491095,-0.021131516,1.2010527,-1.1513815
4,99618231331616,-0.44075316,-0.52437645,0.04660532
10,99618237898908,0.10363078,0.89994526,-0.8266535
4,99618241132970,-0.41412157,-0.4327637,0.09933591
10,99618246123283,0.010780811,0.5553198,-0.8218317
4,99618250929741,-0.39361522,-0.376571,0.1454086
10,99618256206408,-0.1592176,0.5457082,-0.91297626
2,99618259437137,-21.0,4.0,23.0
10,99618265842033,-0.31994534,0.9733324,-0.80717945
4,99618270618126,-0.3057309,-0.3435478,0.124902256
10,99618277398178,-0.5533984,1.0157695,-0.8039956
4,99618280641668,-0.32783514,-0.33502567,0.16538231
10,99618285634012,-0.5780506,0.7026553,-0.7046251
4,99618290401668,-0.40240365,-0.360592,0.2146508
10,99618297171251,-0.27617908,0.514133,-0.3420167
4,99618300382658,-0.43010053,-0.396811,0.22343922
10,99618305379897,-0.09112358,0.2589836,-0.0043826103
4,99618310195887,-0.4426174,-0.3853594,0.24820662
10,99618316944637,-0.12674642,-0.16812658,0.03888321
4,99618320194585,-0.5067996,-0.33129725,0.299073
10,99618325378960,-0.16506433,-0.15473223,-0.006009102
4,99618330158230,-0.51319116,-0.30626354,0.30945933
10,99618336746876,-0.21041274,0.19344759,1.5258789E-4
4,99618339974897,-0.42903525,-0.26525086,0.28815404
10,99618345175887,-0.24752808,0.31410694,-0.048799038
4,99618350962397,-0.41412157,-0.26391926,0.28229508
10,99618356278647,-0.14001107,0.36746454,-0.07085419
4,99618359384689,-0.42237735,-0.27643612,0.27350664
10,99618364666876,0.010832071,0.2556243,0.08540392
4,99618369451512,-0.44235107,-0.28842035,0.27696875
10,99618376281564,0.06583142,0.1392436,0.041371822
4,99618379525991,-0.49827746,-0.25992453,0.32091093
10,99618384723699,0.15532017,-0.15711212,-0.070552826
4,99618389494064,-0.51319116,-0.24234766,0.3371562
10,99618396068439,0.18142986,-0.16097975,-0.10840845
4,99618399280470,-0.5294364,-0.21358553,0.3406183
10,99618404415730,0.31526923,0.13806343,-0.20196342
4,99618409368387,-0.52837116,-0.18722023,0.28708878
10,99618415841043,0.35719824,0.2235341,-0.11492348
4,99618419074116,-0.5249091,-0.17070863,0.2146508
10,99618424251199,0.39587688,0.015389442,0.08469772
4,99618429030001,-0.54461646,-0.17417073,0.17230652
10,99618435756616,0.4108281,-0.12048817,0.13775492
2,99618438986251,-29.0,7.0,22.0
10,99618443700574,0.41944265,-0.83198214,0.5370612
4,99618449501303,-0.48655954,-0.14993598,0.15472966
10,99618454585782,0.42380548,-1.0033069,0.6446061
4,99618457684480,-0.4183826,-0.11052119,0.14753912
10,99618463850262,0.36496902,-1.0817666,0.8319745
4,99618468622032,-0.3435478,-0.11717909,0.105727494
10,99618475178907,0.28902555,-0.66103697,0.7841959
4,99618478411407,-0.28362668,-0.16591494,0.024234766
10,99618483580522,0.18910384,-0.10554361,0.7612972
4,99618488358022,-0.28682247,-0.23622239,-0.061519023
10,99618494952032,0.11039996,0.19870329,0.59183455
4,99618498189637,-0.37284255,-0.29028457,-0.10546118
10,99618503324480,0.0510664,0.30928183,0.5335603
4,99618508095210,-0.46152583,-0.30626354,-0.092145376
10,99618514770001,-0.018027782,0.14684248,0.42605925
4,99618518010105,-0.5360943,-0.2796319,-0.045007423
10,99618522956147,0.035206318,-0.09466505,0.38993645
4,99618527773491,-0.55606806,-0.23888555,-0.015446335
10,99618534509272,0.18272424,-0.24446821,0.54307985
4,99618537716407,-0.5219796,-0.22184132,-0.020506341
10,99618542889845,0.22453523,-0.34628344,0.4474783
4,99618547746668,-0.4809669,-0.23169503,-0.048203215
10,99618552894637,0.22513604,-0.38050175,0.4775424
4,99618556072293,-0.41412157,-0.25513083,-0.0743022
10,99618562533126,0.18597555,-0.21399021,0.4001212
4,99618567330678,-0.33103094,-0.29348037,-0.094808534
10,99618573768230,0.24786592,-0.06530142,0.32937908
4,99618576995678,-0.26764768,-0.32783514,-0.09773801
10,99618582302605,0.37376785,0.06521273,0.37744904
4,99618587079897,-0.22503711,-0.34674358,-0.08628642
10,99618593833543,0.47571492,0.047791004,0.306046
4,99618597078178,-0.18482338,-0.32330775,-0.0727043
10,99618602238074,0.5470915,-0.093147755,0.27477312
4,99618607017241,-0.15632756,-0.24554345,-0.0628506
10,99618613616355,0.6308658,-0.19972134,0.33972645
2,99618616882814,-33.0,11.0,20.0
10,99618620227501,0.6595962,-0.19732714,0.45943642
4,99618627494168,-0.10759171,-0.0628506,-0.05885586
10,99618635116459,0.49169898,-0.1926961,0.56439877
4,99618638341564,-0.08522116,-2.663161E-4,-0.04873585
10,99618642769793,0.4863963,-0.19096565,0.56933165
4,99618647586564,-0.051931642,0.053263225,-0.024234766
10,99618652718387,0.21615314,-0.26056576,0.78443193
4,99618655815834,-0.007989483,0.08468852,-7.9894834E-4
10,99618659582241,0.13953876,-0.25817156,0.8682289
4,99618666978803,0.031158986,0.099069595,0.007989483
10,99618674561251,0.07664156,-0.21551752,0.75145435
4,99618677817709,0.06924219,0.10679276,0.007190535
10,99618682301928,0.08256817,-0.22053385,0.74183655
4,99618687070522,0.08335695,0.11531488,0.007989483
10,99618693355626,-0.017052889,-0.12550879,0.60473824
4,99618696600053,0.0793622,0.11930962,0.00479369
10,99618699438439,0.06673527,-0.06324434,0.6215153
4,99618706737918,0.06524745,0.1222391,0.0029294773
10,99618714309949,0.026975393,0.01768446,0.47612095
4,99618717561720,0.05672533,0.123836994,0.0034621095
10,99618721254220,0.032649994,0.013277531,0.46752596
4,99618726080939,0.07989483,0.13156016,0.0026631611
10,99618732345782,-0.037317514,-0.018474102,0.46672678
4,99618735593543,0.09667275,0.13662016,-0.0013315806
10,99618738411824,-0.032529116,-0.16452074,0.49066877
4,99618746488803,0.10226539,0.14141385,-0.010652645
10,99618752813491,-0.059830427,-0.25303507,0.56671
4,99618757166459,0.11052119,0.12037488,-0.01917476
10,99618759282345,-0.14362764,-0.10459471,0.41587496
4,99618765863543,0.12996227,0.075101145,-0.038083203
10,99618773457605,-0.18274331,0.10320902,0.40088415
4,99618776714584,0.17417073,0.026631612,-0.062051654
10,99618779545053,-0.18274331,0.10320902,0.40088415
4,99618785344741,0.180296,0.007989483,-0.07057377
10,99618791474480,-0.08019805,0.07693672,0.12677336
2,99618794732136,-35.0,9.0,19.0
10,99618800114324,0.018577337,-0.005478382,0.16027403
4,99618805080730,0.091080114,-0.020240024,-0.08681905
10,99618811202241,0.02773428,-0.14994669,0.2407732
4,99618814499272,0.052996907,0.025033714,-0.061519023
10,99618819813178,-0.08957839,-0.12623882,0.18497181
4,99618824653959,0.050600063,0.037550572,-0.053795855
10,99618830975470,-0.12648869,0.0013561249,0.20043325
4,99618834245730,0.08069378,0.024767399,-0.055127434
10,99618839594272,-0.25117064,0.12039757,0.13951063
4,99618844427241,0.10279802,-0.010386328,-0.07243799
10,99618849350939,-0.28476143,0.04425192,0.109200954
4,99618852758647,0.07803062,-0.04447479,-0.091080114
10,99618858233491,-0.2665882,-0.11482859,0.12945795
4,99618864637918,0.046339005,-0.06258429,-0.10626013
10,99618870735782,-0.2651186,-0.1695962,0.20048618
4,99618874041980,0.040746365,-0.07084008,-0.11638014
10,99618879163595,-0.34836006,-0.0065779686,0.26948595
4,99618884059220,0.04474111,-0.087618,-0.12516858
10,99618890311355,-0.40644073,0.03380251,0.18993759
4,99618893559741,0.03355583,-0.109988555,-0.13422333
10,99618898918751,-0.44498014,0.19858122,0.14477682
4,99618903899376,0.02609898,-0.1419465,-0.15233281
10,99618910082084,-0.4126227,0.28181458,0.10827446
4,99618913324272,0.01784318,-0.15686019,-0.1667139
10,99618918683126,-0.35186458,0.19505262,0.10190439
4,99618923538907,0.007989483,-0.13821806,-0.16245283
10,99618929869064,-0.28827572,0.14194012,0.25835562
4,99618933114689,0.008788432,-0.09534117,-0.13502227
10,99618938454168,-0.3614409,0.16089058,0.38661432
4,99618943525261,0.018642128,-0.048469532,-0.09534117
10,99618948447657,-0.42629528,0.27808475,0.4450369
4,99618951624741,0.033822145,-0.01571265,-0.05486112
10,99618957277345,-0.54277873,0.42139816,0.48831606
4,99618963549376,0.03542004,0.008522116,-0.008255799
10,99618969774324,-0.63473463,0.4819665,0.43211508
2,99618973198751,-33.0,7.0,21.0
10,99618977886876,-0.64443135,0.46826267,0.44075966
4,99618982754480,0.022370555,0.05912218,0.11771172
10,99618989202553,-0.5906732,0.39936876,0.45173836
4,99618992440782,0.033289514,0.0974717,0.17496969
10,99618997334845,-0.5402913,0.32943678,0.45186615
4,99619002232501,0.07057377,0.14727281,0.23222765
10,99619008965834,-0.4928584,0.2473669,0.47258902
4,99619012205574,0.109988555,0.19281286,0.3086604
10,99619017592918,-0.511544,0.23472643,0.39139605
4,99619022394688,0.13741912,0.23009712,0.39228365
10,99619028778699,-0.46265674,0.41366816,0.28294563
4,99619032011824,0.17150758,0.2543319,0.45380265
10,99619037369897,-0.33453727,0.7750406,0.33769894
4,99619042707136,0.20213392,0.2727077,0.47723848
10,99619047638491,-0.24943852,0.9431772,0.19333124
4,99619050743126,0.19041602,0.29827404,0.47963533
10,99619056434011,-0.26299572,0.88440084,0.099591255
4,99619062242293,0.1520665,0.3392867,0.49321744
10,99619068366563,-0.26358962,0.6321101,0.099432945
4,99619071607553,0.11158645,0.3898868,0.51958275
10,99619076966876,-0.15904498,0.33518887,0.24803257
4,99619081748907,0.10466223,0.44208476,0.540888
10,99619088083907,-0.08301282,0.07567501,0.39470816
4,99619091354897,0.14514229,0.47617322,0.54435015
10,99619096735730,0.0721159,-0.20259094,0.64165735
4,99619101513074,0.2181129,0.52863747,0.5336975
10,99619107854897,0.276577,-0.5336194,0.9091921
4,99619111076563,0.2873551,0.59361863,0.5161206
10,99619116478386,0.38725352,-0.4421358,1.0545578
4,99619121305313,0.43382895,0.5944176,0.4660532
10,99619127682449,0.34447432,0.19163752,0.99962187
4,99619130934168,0.655404,0.5382249,0.41438788
10,99619136256876,0.19483781,0.6601429,0.5308361
4,99619141069220,0.768322,0.49188587,0.40266997
10,99619146069636,0.0622797,0.78521395,0.004840374
2,99619149430574,-32.0,12.0,21.0
11,99619154619324,-0.410589,0.105659,-0.446799,0.787796,0.0
4,99619160031303,0.6040049,0.5251754,0.37790257
10,99619165812293,0.27776384,0.5473089,-0.13064337
4,99619169202918,0.5400891,0.5475459,0.3568636
10,99619174465418,0.07664561,0.22285128,-0.027808666
4,99619179799532,0.34487936,0.6127934,0.2977414
10,99619185552813,-0.28117883,0.10468626,0.14564848
4,99619188964636,0.31691617,0.6247776,0.27324033
10,99619194419480,-0.6735122,-0.10809326,0.26126957
4,99619201084376,0.28016454,0.5435512,0.21038973
10,99619205788855,-0.958951,-0.52189016,0.27592707
4,99619209880366,0.25033715,0.4777711,0.18668759
10,99619215462918,-0.9373655,-0.6894512,0.43759823
4,99619220217136,0.25406557,0.22663501,0.059921127
10,99619226544845,-0.80945426,-0.6581116,0.5011487
4,99619229781095,0.31505197,0.06977482,-0.02876214
10,99619235144168,-0.64800686,-0.5006175,0.38871098
4,99619239934376,0.33076462,0.010120012,-0.060453758
10,99619244878699,-0.45316935,-0.21957922,0.13500595
4,99619248291459,0.314253,-0.066312715,-0.09933591
10,99619254679897,-0.37437046,-0.11675358,0.018970013
4,99619259479584,0.24474451,-0.08628642,-0.112119086
10,99619266055834,-0.071621895,0.18875933,-0.13491106
4,99619269304115,0.12623383,-0.06844324,-0.11132014
10,99619274707761,0.058356643,0.2883172,-0.13990116
4,99619279488543,0.096939065,-0.059388492,-0.10466223
10,99619285858907,0.077690005,0.28877592,-0.15314579
4,99619289105990,0.05912218,-0.022903185,-0.07882957
10,99619294509376,0.11156571,0.08411503,-0.054079533
4,99619299319793,0.03834952,0.021571605,-0.046072688
10,99619305644584,0.098275185,0.041318417,-0.06256962
4,99619308854324,0.06098639,0.05752428,-0.027963191
10,99619314265053,-0.016049147,-0.07986069,0.107940674
4,99619319041511,0.10546118,0.07856325,-0.0013315806
10,99619325399532,-0.08744097,-0.13285112,0.05092144
2,99619328655938,-33.0,14.0,23.0
10,99619332975261,-0.16646469,-0.1631813,-0.053417206
4,99619339800157,0.1470065,0.06737798,0.05486112
10,99619344709636,-0.07917011,-0.046064854,-0.07706165
4,99619347819324,0.16218652,0.0644485,0.030360037
10,99619353584845,-0.012968421,-0.04099226,-0.018428802
4,99619358372813,0.17257284,0.09081379,0.014647386
10,99619364957970,-0.009442091,-0.093589306,0.017996311
4,99619368196720,0.16325177,0.1222391,0.02396845
10,99619373586563,-0.12870371,-0.12343216,0.025993824
4,99619378353803,0.13102753,0.1438107,0.036751624
10,99619384737345,-0.22231984,-0.01982212,0.045051575
4,99619387987397,0.10519487,0.13795175,0.015446335
10,99619393374636,-0.2750057,0.091973305,0.0776906
4,99619398159220,0.08229168,0.11451593,-0.019973708
10,99619404502293,-0.29329395,0.0396657,0.0334239
4,99619407748855,0.053263225,0.103863284,-0.046339005
10,99619413151980,-0.27722907,-0.039863586,0.18263865
4,99619417929793,0.04261058,0.10705908,-0.057257965
10,99619423656928,-0.3368013,-0.11371279,0.22482634
4,99619426996251,0.045540057,0.11105382,-0.047137953
10,99619432929480,-0.4710133,-0.24421787,0.20753574
4,99619437701615,0.041279,0.09986854,-0.028229509
10,99619442628543,-0.50280404,-0.27640295,0.13547039
4,99619446067188,0.049534798,0.070041135,-0.04447479
10,99619452706147,-0.41996324,-0.17936993,0.19611692
4,99619457491563,0.0743022,0.032756884,-0.08868326
10,99619463846042,-0.3474692,-0.02060175,0.24786425
4,99619467058907,0.09374327,0.0058589545,-0.11424961
10,99619472481199,-0.35911918,0.10791111,0.2675643
4,99619477315782,0.08335695,-0.0039947415,-0.10359697
10,99619483619480,-0.35632527,0.21304417,0.1657505
4,99619486867605,0.059921127,0.00479369,-0.08149273
10,99619492252292,-0.2796613,0.29872322,0.22124434
4,99619497100157,0.03355583,0.023435818,-0.06018744
10,99619503398386,-0.24345851,0.18593264,0.19745588
2,99619506661876,-34.0,11.0,25.0
10,99619512025678,-0.2518401,0.07330656,0.24734735
4,99619516779063,0.002396845,0.06338324,-0.01784318
10,99619523167188,-0.293077,-0.03434038,0.23926163
4,99619526422813,0.025832662,0.07084008,-0.005060006
10,99619530186147,-0.32180548,-0.046304703,0.303905
4,99619537569220,0.05965481,0.06578008,-0.0037284256
10,99619543936876,-0.3445133,-0.02540207,0.27902412
4,99619548366251,0.08016115,0.0561927,-0.00479369
10,99619552055001,-0.38102257,-0.025588512,0.2250514
4,99619556825261,0.087884314,0.0396811,-0.013582122
10,99619562906667,-0.38617074,0.080827236,0.2278862
4,99619566146928,0.098004326,0.022104237,-0.026365295
10,99619568984480,-0.35744035,0.080827236,0.2566166
4,99619576734897,0.11265171,0.006657903,-0.022903185
10,99619584257449,-0.32449389,0.012021542,0.15410995
4,99619587493126,0.11771172,0.009853696,-0.024767399
10,99619591033959,-0.20381892,0.013500214,0.20604038
4,99619596340209,0.10359697,0.04580637,-0.0479369
10,99619602536928,-0.16294825,-6.6280365E-4,0.30185223
4,99619605744740,0.07456851,0.07643273,-0.06578008
10,99619608555470,-0.29223514,-0.022210598,0.3593135
4,99619616294272,0.057257965,0.096939065,-0.07882957
10,99619623870417,-0.4162475,-0.013525009,0.36663532
4,99619627146042,0.050600063,0.09720538,-0.0958738
10,99619629917970,-0.47132254,-0.037451267,0.32834196
4,99619636465365,0.034088463,0.07856325,-0.11771172
10,99619642833230,-0.4498073,-0.101570606,0.2569666
4,99619645963490,0.022903185,0.048469532,-0.1355549
10,99619648728595,-0.4450189,-0.1207242,0.273726
4,99619655913542,0.033289514,0.020506341,-0.14008227
10,99619663464792,-0.37161255,-0.10747337,0.16537094
4,99619666733438,0.053263225,0.015180019,-0.13768543
10,99619669528230,-0.37161255,-0.10747337,0.16537094
4,99619675405417,0.08575379,0.018109497,-0.1403486
10,99619681675469,-0.12229264,0.16210079,0.19522619
2,99619684928126,-32.0,8.0,26.0
10,99619689673959,-0.069770455,0.25829554,0.24335337
4,99619694642449,0.12756541,0.043675844,-0.1387507
10,99619701349636,-0.042759538,0.31846714,0.25528526
4,99619704566876,0.13475595,0.06764429,-0.1123854
10,99619709833855,-0.08275795,0.234941,0.10384369
4,99619714671563,0.13768543,0.07962852,-0.09986854
10,99619721124636,-0.04147756,0.25503778,0.09383249
4,99619724434532,0.14407702,0.08974853,-0.095074855
10,99619729537865,-0.0011627674,0.38231182,0.06619835
4,99619734363334,0.15180019,0.08974853,-0.1025317
10,99619739450574,-0.028291106,0.49663544,-0.014942169
4,99619742735469,0.16937704,0.09614012,-0.11424961
10,99619749171928,-0.036926746,0.63263655,0.004837513
4,99619754009480,0.14753912,0.12703279,-0.10626013
10,99619760683074,-0.07676804,0.6711426,8.392334E-4
4,99619763972761,0.12916331,0.1454086,-0.08974853
10,99619769146094,-0.2231226,0.6205807,0.14157343
4,99619773983751,0.13422333,0.13954964,-0.060720075
10,99619780457813,-0.27581537,0.6017275,0.06920242
4,99619783696199,0.19600865,0.10279802,-0.025832662
10,99619788930365,-0.21337116,0.59415245,0.202137
4,99619793879792,0.29960564,0.042077947,2.663161E-4
10,99619800284376,-0.16804957,0.5468106,0.21482229
4,99619803526094,0.4167847,0.013582122,0.029827405
10,99619808698438,0.049536586,0.4389534,0.33561897
4,99619813562813,0.52357745,0.041279,0.05672533
10,99619820010990,0.16161203,0.33099842,0.39417458
4,99619823259532,0.603206,0.14487597,0.090281166
10,99619828466876,0.1615355,0.3625307,0.49311495
4,99619833288230,0.62238073,0.3158509,0.17550232
10,99619838446199,0.24640751,0.31920958,0.84010696
4,99619841595782,0.62717444,0.5563344,0.31611723
10,99619848052397,0.10187411,-0.36644793,1.5810323
4,99619852860626,0.5456817,0.79628515,0.6351639
10,99619859613855,-0.6721903,-1.5583,1.6415048
2,99619862836511,-32.0,6.0,27.0
10,99619867750626,-1.3798102,-1.340858,0.3472829
4,99619872548699,0.59761333,0.62344605,1.160872
10,99619879388959,-0.20940208,0.07398176,1.1953845
4,99619882630938,0.7600662,0.52810484,0.5952165
10,99619887576824,-0.5563222,-0.8862462,0.29828215
4,99619892351146,-0.047670584,0.43116578,-0.082025364
10,99619899170730,-2.3362734,0.024508,0.34737253
4,99619902376355,-0.50387007,0.112918034,-0.4426174
10,99619907430886,-3.9143653,0.2652917,1.0988121
4,99619912179740,-0.6673882,-0.31638354,-0.36565202
10,99619918976667,-3.5506344,-1.1426501,0.8596263
4,99619922186876,-0.7302388,-0.7685883,-0.35553202
10,99619927371199,-1.676663,-1.537354,0.55525684
4,99619932149949,-0.36432046,-1.0647318,-0.55979645
10,99619937339271,-0.29457915,-1.1654072,0.018127918
4,99619940493594,0.14620754,-0.97285277,-0.71133035
10,99619946949896,0.56632423,-0.711802,-0.4474392
4,99619951118646,0.31691617,-0.7286409,-0.7592673
10,99619958511511,0.5001292,0.7403259,-1.0111403
4,99619961740834,0.24927188,-0.5542038,-0.74089146
10,99619966907969,-0.112887025,2.0041513,-1.2929835
4,99619971691771,-0.057257965,-0.44235107,-0.5784386
10,99619978282969,-0.5995612,2.206851,-1.336163
4,99619981508699,-0.39254996,-0.37097836,-0.39254996
10,99619986465990,-0.56706107,1.8452978,-0.7789521
4,99619991564376,-0.5411543,-0.3089267,-0.27403927
10,99619998025261,-0.422863,0.9322567,-0.26989698
4,99620001345990,-0.5390238,-0.23329292,-0.22770028
10,99620006252240,-0.3666948,0.2728815,0.12907934
4,99620011105053,-0.40293628,-0.17656758,-0.24740767
10,99620017793803,-0.49886215,0.07992172,0.36925936
4,99620021016615,-0.21704763,-0.15925704,-0.23595607
10,99620026177084,-0.7420356,0.04002762,0.27180338
4,99620030915001,-0.06977482,-0.17257284,-0.16165388
10,99620036158386,-0.7665206,0.19833755,0.037305832
2,99620039407344,-26.0,7.0,24.0
10,99620046002813,-0.5693388,0.57056665,-0.119654655
4,99620050844636,-0.009321064,-0.16911073,-0.07803062
10,99620057353386,-0.3791033,0.87431765,-0.26121616
4,99620060602605,-0.09161274,-0.133957,-0.06018744
10,99620065801615,-0.31082046,0.986712,-0.42266226
4,99620070536771,-0.21038973,-0.10892329,-0.010386328
10,99620077127188,-0.36934662,0.8910527,-0.57608604
4,99620080373594,-0.30919302,-0.07882957,0.057790596
10,99620085605834,-0.33762515,0.78967667,-0.43323374
4,99620090375782,-0.33076462,-0.047404267,0.09054748
10,99620096911355,-0.2886294,0.61976194,-0.17838192
4,99620100161407,-0.3225088,-0.036485307,0.08016115
10,99620105227917,-0.3617102,0.5515542,0.1322465
4,99620110003751,-0.3206446,-0.06924219,0.05965481
10,99620116684636,-0.5008365,0.5459528,0.44380283
4,99620119920834,-0.32597092,-0.118776985,0.07057377
10,99620125122032,-0.58465695,0.3473878,0.5008235
4,99620129907917,-0.37337518,-0.15180019,0.1107875
10,99620135013698,-0.6201036,0.069411755,0.53819513
4,99620138286928,-0.39787626,-0.15765914,0.128897
10,99620144730261,-0.6626127,0.01995802,0.5641718
4,99620149518594,-0.39601207,-0.1667139,0.1504686
10,99620156228073,-0.7475451,-0.0065994263,0.6729617
4,99620159470678,-0.33475935,-0.20639499,0.14594123
10,99620164636771,-0.70798814,0.16442871,0.60190916
4,99620169453334,-0.32330775,-0.23915187,0.13528858
10,99620176048386,-0.5957979,0.35419703,0.55146027
4,99620179293490,-0.34647727,-0.3222425,0.10892329
10,99620184327605,-0.5468061,0.3926897,0.19348192
4,99620189266667,-0.37923414,-0.33981937,0.10865697
10,99620195779167,-0.46343136,0.423625,0.13345098
4,99620199028438,-0.4348942,-0.34780884,0.12543489
10,99620204162501,-0.24902773,0.36140728,0.019179344
4,99620208979480,-0.4247742,-0.33742252,0.128897
10,99620215577448,-0.14205658,0.35277224,0.049692154
2,99620218833646,-28.0,9.0,21.0
10,99620223844740,0.04428363,0.2762556,0.2685566
4,99620229563230,-0.35979307,-0.29561087,0.112918034
10,99620234687969,-0.0025986433,0.21505356,0.23437929
4,99620237792813,-0.3603257,-0.2743056,0.12117383
10,99620243706980,0.003227234,0.1677494,0.47696257
4,99620248479323,-0.33795515,-0.25220135,0.14274544
10,99620255176771,7.581711E-5,0.10242128,0.52121544
4,99620258416198,-0.294013,-0.25539714,0.16484967
10,99620263580573,-0.0029097795,0.07300758,0.40499258
4,99620268399428,-0.25513083,-0.2759035,0.15739283
10,99620274938230,0.1453892,0.21967173,0.3558445
4,99620278178803,-0.21864553,-0.29667616,0.11531488
10,99620283343386,0.2928629,0.3368554,0.1614399
4,99620288134219,-0.2066613,-0.30519825,0.08282431
10,99620294705886,0.40168786,0.41238117,0.13695526
4,99620297930417,-0.20692763,-0.27723506,0.08948222
10,99620303050313,0.5368087,0.40888977,0.2555442
4,99620307823230,-0.20879184,-0.22237396,0.1257012
10,99620314520782,0.681082,0.2108674,0.2687893
4,99620317774844,-0.22343922,-0.14993598,0.16724652
10,99620322938125,0.7007561,0.017375946,0.24640608
4,99620328678907,-0.20959078,-0.08548747,0.18508969
10,99620333894532,0.713856,-0.12177563,0.25749207
4,99620336986407,-0.17417073,-0.041545313,0.18002969
10,99620342362344,0.64487624,-0.11738014,0.23176289
4,99620347192761,-0.13182648,-0.026897928,0.15393071
10,99620354039323,0.60347366,-0.009006023,0.13034534
4,99620357285990,-0.06897587,-0.038615838,0.1304949
10,99620362391303,0.5190213,0.019456863,0.013974667
4,99620367237657,-0.03195793,-0.039414786,0.11611383
10,99620373824115,0.61750984,-0.1238718,-0.044157982
4,99620377070209,-0.03781689,-0.006657903,0.10439592
10,99620382201459,0.83849335,-0.29561806,0.1086607
4,99620386977396,-0.048203215,0.044208474,0.079095885
10,99620393591042,0.9149635,-0.4818535,0.28718996
2,99620396826250,-29.0,15.0,20.0
10,99620401801823,0.8778093,-0.6034951,0.48842812
4,99620406620313,-0.04873585,0.15686019,0.050600063
10,99620413432136,0.7300749,-0.7232375,0.56320286
4,99620416665261,-0.0396811,0.2034655,0.04527374
10,99620421797188,0.63560057,-0.76258945,0.7101016
4,99620426575678,-0.01438107,0.22423817,0.03568636
10,99620431711303,0.5391778,-0.8610172,0.6850128
4,99620434942136,0.023169503,0.22583607,0.011984225
10,99620440186980,0.5128416,-0.82271004,0.699378
4,99620447156719,0.0892159,0.21704763,-0.027164243
10,99620454726719,0.49450278,-0.67095566,0.63434076
4,99620457992500,0.1669802,0.19920446,-0.07643273
10,99620462557188,0.4955511,-0.68345785,0.61964464
4,99620467397292,0.21118867,0.19734024,-0.112119086
10,99620473692084,0.44897544,-0.35974693,0.40505648
4,99620476900000,0.22290659,0.22264028,-0.1371528
10,99620479719480,0.39390886,-0.22088337,0.54152584
4,99620486635313,0.22397186,0.2612561,-0.14753912
10,99620494191250,0.16305876,-0.30556917,0.6011405
4,99620497459844,0.19707392,0.29294774,-0.13901702
10,99620501927865,0.17409468,-0.3210392,0.5803423
4,99620506881615,0.1768339,0.29534456,-0.1419465
10,99620513180678,-0.49284065,-0.35935116,0.92661
4,99620516393021,0.16618125,0.2444782,-0.15499598
10,99620519230313,-0.82084465,-0.38328505,0.950552
4,99620526445469,0.1419465,0.15313177,-0.17710021
10,99620532756198,-1.0176783,-0.386971,0.8536968
4,99620537225000,0.12863068,0.042876896,-0.21731395
10,99620540878386,-1.1109382,-0.27939224,0.77058744
4,99620545741615,0.12410331,-0.07163903,-0.2647182
10,99620551985938,-1.112277,-0.18187523,0.61131334
4,99620555222605,0.12410331,-0.15659387,-0.30146983
10,99620558086459,-0.97820175,-0.043011665,0.4078064
4,99620565617605,0.11957593,-0.21198763,-0.32410672
10,99620573190782,-0.88227046,0.1117363,0.2885723
2,99620576468698,-30.0,11.0,21.0
10,99620578444219,-0.8822783,0.11173773,0.2885723
4,99620585489896,0.11930962,-0.2263687,-0.31478566
10,99620593020157,-0.7786447,0.42151308,0.063761234
4,99620596248490,0.09720538,-0.20719394,-0.28043085
10,99620599070469,-0.7786447,0.42151308,0.063761234
4,99620604886667,0.08016115,-0.1965413,-0.25965822
10,99620610990157,-0.8447342,0.51329374,-0.001636982
4,99620614265886,0.04314321,-0.1784318,-0.20719394
10,99620619568386,-0.87818146,0.44976425,-0.024551392
4,99620624411563,0.03542004,-0.17736652,-0.18935075
10,99620629305625,-0.8965552,0.4846034,-0.13417387
4,99620632727292,0.007989483,-0.18402444,-0.16564862
10,99620639345730,-0.91103697,0.5430069,-0.12951374
4,99620644208021,7.9894834E-4,-0.18429075,-0.14620754
10,99620657742657,-0.71270156,0.6333475,-0.3338027
4,99620663565209,-0.004261058,-0.1768339,-0.094009586
10,99620670041563,-0.6053928,0.62458754,-0.2841363
4,99620673128959,-0.011717909,-0.133957,-0.076166406
10,99620678643438,-0.5261562,0.6239567,-0.30626535
4,99620683382084,-0.02876214,-0.08149273,-0.05885586
10,99620689799271,-0.53585887,0.64870834,-0.34032345
4,99620692880521,-0.042876896,-0.036751624,-0.041012682
10,99620698417813,-0.56020355,0.6886163,-0.241014
4,99620703084844,-0.04181163,0.004527374,-0.013848438
10,99620709588542,-0.54874873,0.5641775,-0.15916014
4,99620712677344,-0.055926383,0.029294772,0.01571265
10,99620718198438,-0.5285244,0.45822382,-0.16300774
4,99620723749532,-0.06391586,0.040213734,0.022370555
10,99620728559896,-0.4946475,0.4917388,-0.068618774
4,99620731583021,-0.03781689,0.051132694,0.02956109
10,99620737040000,-0.48607993,0.43564606,-0.033147812
4,99620743388125,-0.025832662,0.06551377,0.05539375
10,99620749132136,-0.44904935,0.41007423,-0.039768696
2,99620752228646,-25.0,11.0,21.0
10,99620757806771,-0.35526192,0.49159956,0.060083866
4,99620762420729,-0.05885586,0.09161274,0.076166406
10,99620768910573,-0.32281053,0.50541306,0.017864227
4,99620772003177,-0.08495484,0.09427591,0.09321064
10,99620777951927,-0.30137134,0.4665661,0.016264915
4,99620782630886,-0.10226539,0.10705908,0.118776985
10,99620788693073,-0.23952031,0.30035877,0.12862253
4,99620791781979,-0.11504856,0.12250541,0.14114754
10,99620797300886,-0.21316957,0.17408466,0.1868
4,99620801942500,-0.10652645,0.123038046,0.14833808
10,99620808466875,-0.22835612,0.06959295,0.27829218
4,99620811562604,-0.081226416,0.11371698,0.14514229
10,99620817086198,-0.24378693,0.0020856857,0.30384588
4,99620822649636,-0.059921127,0.0974717,0.13741912
10,99620827442657,-0.21287155,-0.02432108,0.37565088
4,99620830474844,-0.044208474,0.072171666,0.12676647
10,99620836864115,-0.20332074,-0.009109497,0.38912964
4,99620841470417,-0.046339005,0.05539375,0.119043306
10,99620847703125,-0.18149519,-0.11090851,0.33902407
4,99620850782240,-0.06977482,0.040746365,0.10918961
10,99620855470834,-0.10441208,-0.16388702,0.39125633
4,99620862349584,-0.0777643,0.036218993,0.08628642
10,99620868560313,0.008348942,-0.19508886,0.44222355
4,99620871789167,-0.07669904,0.018109497,0.06364955
10,99620876738646,0.029736996,-0.20262861,0.39085388
4,99620881566094,-0.083090626,-0.0055926386,0.041012682
10,99620887848177,0.031107903,-0.17184353,0.28550863
4,99620891094584,-0.083090626,-0.018908445,0.01784318
10,99620896474896,0.06773591,-0.09391928,0.30721807
4,99620901306459,-0.07137272,-0.022903185,-0.0026631611
10,99620907621459,0.08298612,0.04665327,0.40404987
4,99620910864427,-0.050333746,-0.029028457,-0.010652645
10,99620916233386,0.06126666,0.08999777,0.32721376
4,99620920984584,-0.04926848,-0.041545313,-0.010918961
10,99620926012240,0.03639531,0.17822742,0.3146057
2,99620929397969,-27.0,13.0,19.0
10,99620935286146,0.010410547,0.25598717,0.38995457
4,99620941085625,-0.03568636,-0.055926383,-0.012250541
10,99620947262448,-0.0036227703,0.24462461,0.39049578
4,99620950511407,-0.047670584,-0.04474111,0.004527374
10,99620955786198,-0.072900295,0.26772976,0.33391142
4,99620960625157,-0.06684534,-0.03834952,0.018375812
10,99620966953282,-0.16148734,0.32093525,0.3547554
4,99620970200521,-0.075101145,-0.029827405,0.031158986
10,99620975546771,-0.26681006,0.2747798,0.37374592
4,99620979828802,-0.08175905,-0.016511599,0.05352954
10,99620986700469,-0.35238624,0.1251564,0.30290174
4,99620989918906,-0.09267801,-0.0010652645,0.076965354
10,99620995342448,-0.37505388,0.06556702,0.306911
4,99621000172240,-0.08149273,0.004261058,0.06657903
10,99621006484792,-0.38516402,0.1533022,0.41722584
4,99621009702865,-0.044208474,-0.0055926386,0.04474111
10,99621015295886,-0.49443018,0.2288351,0.41716814
4,99621020048959,-0.021837922,-0.032756884,0.03568636
10,99621024928073,-0.5150744,0.25203657,0.37964535
4,99621028283959,-0.022370555,-0.04926848,0.03701794
10,99621034862188,-0.43077695,0.37512112,0.35186815
4,99621039635417,-0.018908445,-0.083090626,0.03781689
10,99621046035834,-0.29404986,0.45919323,0.36484623
4,99621049250365,-0.00958738,-0.083090626,0.051665325
10,99621054687136,-0.20112312,0.42110252,0.2941985
4,99621059469375,-0.009054748,-0.07057377,0.06551377
10,99621065838594,-0.12470579,0.38370562,0.24980402
4,99621069054271,-0.002396845,-0.017044231,0.10519487
10,99621074589271,-0.08025074,0.38217545,0.31899023
4,99621079428281,0.008788432,5.326322E-4,0.11584751
10,99621085619011,-0.13665819,0.2774353,0.30739927
4,99621088879063,0.028495824,0.03781689,0.15526229
10,99621094231667,-0.14392543,0.22041321,0.349504954,99621098333125,0.036218993,0.044208474,0.16271915
4,99621103962552,0.04234426,0.042077947,0.16325177
2,99621107490886,-27.0,15.0,19.0
10,99621113279584,-0.15389764,0.34046507,0.3531804
4,99621119695052,0.06524745,0.009853696,0.15419704
10,99621124506719,-0.1464721,0.3269186,0.30037212
4,99621127467865,0.047670584,-0.011451593,0.16058862
10,99621132901615,-0.070843935,0.29844236,0.17582798
4,99621138928906,0.03169162,-0.008522116,0.17283916
10,99621144689063,0.032215595,0.18063498,0.141397
4,99621147767604,0.022903185,0.018642128,0.18216023
10,99621153311459,0.08241713,0.025424004,0.12645435
4,99621157891302,0.011717909,0.05219796,0.17310548
10,99621164466719,0.06753981,-0.0814867,0.16646624
4,99621167555052,0.013848438,0.076166406,0.15765914
10,99621173093490,-0.05104029,-0.16624975,0.23542023
4,99621177669636,0.0018642128,0.07536746,0.14807177
10,99621184250469,-0.18187201,-0.21417046,0.21695662
4,99621187344063,-0.009321064,0.05539375,0.13688648
10,99621192860052,-0.2405175,-0.28790188,0.19257307
4,99621197504688,-0.007989483,0.034621093,0.123836994
10,99621204001094,-0.20824659,-0.39052153,0.1735673
4,99621207079479,-0.0026631611,0.028229509,0.101200126
10,99621212667188,-0.1759342,-0.36754704,0.19212961
4,99621218228490,0.018109497,0.023169503,0.07057377
10,99621223011615,-0.2200129,-0.26069212,0.16085386
4,99621223011615,0.027164243,0.017310547,0.0561927
4,99621226024896,0.03089267,0.009853696,0.046339005
10,99621232425104,-0.28360057,-0.112202644,0.13353634
4,99621237071667,0.026897928,-0.011717909,0.027696876
10,99621243555573,-0.2780875,0.059583187,0.11109686
4,99621246634323,0.022370555,-0.028229509,0.010386328
10,99621252191354,-0.22959578,0.12578821,0.14659452
4,99621256818438,0.011185277,-0.03701794,0.007989483
10,99621263340365,-0.21702874,0.13752079,0.23545408
4,99621266428958,-0.0018642128,-0.03914847,0.01571265
10,99621271979792,-0.23515809,0.15037394,0.21053123
4,99621276578958,-0.030626353,-0.03222425,0.02130529
10,99621283116771,-0.2526126,0.21764326,0.16344118
2,99621286224792,-28.0,16.0,20.0
10,99621291745469,-0.26860213,0.27101994,0.23377943
4,99621296385156,-0.02609898,-0.013848438,0.05219796
10,99621301729115,-0.25966978,0.0706048,0.25758886
4,99621305662865,-0.016511599,0.018908445,0.080960095
10,99621311801615,-0.2732165,0.039406776,0.25783396
4,99621316732917,0.006657903,0.0396811,0.083889574
10,99621321640052,-0.37972784,0.105110645,0.3060937
4,99621324939063,0.026365295,0.048203215,0.08868326
10,99621331560208,-0.54170525,0.08225393,0.24846268
4,99621336343229,0.018642128,0.029827405,0.10439592
10,99621342715521,-0.6129304,0.0646677,0.2058425
4,99621345962708,0.017310547,0.0034621095,0.109988555
10,99621351347604,-0.6075294,0.10395193,0.23509789
4,99621356118333,0.037284255,-0.034621093,0.101999074
10,99621362483906,-0.5506463,0.22469616,0.24838781
4,99621365723333,0.063116916,-0.06178534,0.09081379
10,99621369487917,-0.5123391,0.33243513,0.20529222
4,99621376611615,0.06897587,-0.082558,0.09267801
10,99621384163438,-0.4768324,0.42950916,0.098483086
4,99621387425417,0.06258429,-0.08016115,0.11105382
10,99621392300886,-0.47243607,0.4266758,0.09400463
4,99621397079740,0.059388492,-0.06471482,0.13156016
10,99621403226458,-0.4205718,0.59153605,0.1154151
4,99621406468542,0.050333746,-0.060453758,0.13821806
10,99621409265521,-0.5307051,0.7327943,0.07231951
4,99621416454167,0.018109497,-0.07536746,0.1403486
10,99621422809375,-0.60004675,0.74475574,0.020292282
4,99621425917083,-0.03169162,-0.12250541,0.1571265
10,99621427867813,-0.57610476,0.66335297,-0.018014908
4,99621435833698,-0.0561927,-0.17204021,0.18562233
10,99621443397448,-0.46068025,0.59306335,0.018727303
4,99621446664479,-0.03488741,-0.21092236,0.20985709
10,99621451531615,-0.29069877,0.5559144,0.085012436
4,99621456293229,0.020506341,-0.24474451,0.21491711
10,99621462410469,-0.112324595,0.7410855,0.1393032
2,99621465668125,-30.0,18.0,21.0
10,99621468985417,2.0289421E-4,1.1552825,0.1704278
4,99621475208594,0.20532973,-0.27696875,0.2082592
10,99621482826979,0.030703068,1.446342,0.054779053
4,99621486069740,0.252734,-0.23169503,0.27723506
10,99621488875469,0.033097267,1.4774666,0.009289265
4,99621494980573,0.22530343,-0.12623383,0.39814258
10,99621501250729,0.0014714003,1.1443806,-0.05152321
4,99621504546042,0.15393071,0.014647386,0.5289038
10,99621509413333,-0.022492766,0.7867961,0.108186245
4,99621514292813,0.13156016,0.08868326,0.5837649
10,99621519438802,-0.23979521,0.35236454,0.20570421
4,99621522710052,0.13741912,0.20639499,0.67271453
10,99621529148229,-0.35758388,0.104376316,0.14089632
4,99621534007135,0.1488707,0.24234766,0.7257114
10,99621540679948,-0.52753496,-0.2850895,-0.062324047
4,99621543956563,0.1419465,0.18295917,0.6000102
10,99621549105260,-0.34122682,-0.7007246,-0.46979332
4,99621553952604,0.09187906,0.15100123,0.5006743
10,99621560478542,-0.087478876,-1.0397196,-0.2954669
4,99621563719167,-0.11558119,0.06498113,0.17150758
10,99621568658073,-0.09393346,-1.374167,0.12369108
4,99621573621042,-0.16431704,0.052464273,0.09374327
10,99621580217240,-0.13248825,-1.5839872,0.3317275
4,99621583449896,-0.21864553,0.036218993,0.018375812
10,99621588679167,-0.15653276,-1.6916561,1.1370587
4,99621593520625,-0.14594123,0.013582122,0.0018642128
10,99621599981615,-0.077038884,-1.5659313,1.3428574
4,99621603223854,0.01571265,-0.03888215,-0.047137953
10,99621608388385,0.19339657,-0.65059614,1.3160949
4,99621613299531,0.19228023,-0.07084008,-0.11984225
10,99621618447448,0.24113989,-0.4323144,1.2533541
4,99621621565052,0.20106867,-0.03355583,-0.1486044
10,99621626708333,0.14402723,0.023815155,1.2891593
4,99621626708333,0.14753912,-0.024767399,-0.124902256
4,99621632177187,0.09960223,-0.014114754,-0.07536746
10,99621638146823,-0.092592,0.5954704,1.5496273
2,99621641370625,-35.0,23.0,23.0
10,99621646467344,-0.4002099,0.5758252,1.3484154
4,99621651968750,-0.09933591,-0.013582122,0.21997711
10,99621657917083,-0.4755727,0.118466854,1.2037563
4,99621661137292,-0.33316147,-0.019973708,0.2796319
10,99621667633281,-0.22797155,-0.57009363,1.2623396
4,99621672404948,-0.44874266,-0.10892329,0.22690132
10,99621679332083,-0.08521235,-1.1222787,1.2905097
4,99621682560469,-0.34088463,-0.24820662,0.09347696
10,99621687406042,0.10127795,-1.44592,1.1274757
4,99621692179531,-0.111852765,-0.38136467,-0.06737798
10,99621698905208,0.44134402,-1.1604342,0.88026476
4,99621702134896,0.15286545,-0.47271112,-0.21891184
10,99621707319479,0.5198662,-0.44211674,0.29218435
4,99621712098802,0.32410672,-0.509729,-0.304133
10,99621717244583,0.3883742,0.42844582,-0.3030796
4,99621720486875,0.3320962,-0.4759069,-0.3009372
10,99621726922396,0.20900261,1.1219659,-0.71143436
4,99621731677604,0.2580603,-0.39734364,-0.24580978
10,99621738454115,0.14525163,1.4547925,-0.6841936
4,99621741672865,0.20240025,-0.26418558,-0.17337179
10,99621746960573,0.10943544,1.1684408,-0.624979
4,99621751724323,0.13901702,-0.13928333,-0.103863284
10,99621758232344,-0.00723207,0.78377485,-0.60002327
4,99621761449740,0.15845808,-0.06018744,-0.07350325
10,99621766617135,-0.11849654,0.45909214,-0.6204543
4,99621771380000,0.21172132,-0.02609898,-0.06524745
10,99621777984792,-0.24861872,0.23293638,-0.65408564
4,99621781188854,0.21704763,0.0061252704,-0.063116916
10,99621786412969,-0.21111298,0.119318485,-0.25046587
4,99621791149062,0.2181129,0.081226416,-0.047404267
10,99621797815417,-0.2487818,-0.15348959,0.3632598
4,99621801068333,0.20453078,0.17869811,-0.0026631611
10,99621805755208,-0.4185846,-0.70243454,0.80566406
4,99621811840052,0.15153387,0.2463424,0.02609898
10,99621816967187,-0.62337685,-1.1610732,1.2139015
2,99621820091719,-33.0,24.0,28.0
10,99621825514896,-0.866426,-1.3313174,1.1903281
4,99621830287656,0.10892329,7.9894834E-4,-0.11664646
10,99621837375000,-0.9251681,-1.1406608,1.0389132
4,99621840617865,0.13768543,-0.25406557,-0.2612561
10,99621845590781,-0.72067726,-0.73091125,0.49627352
4,99621850360104,0.1486044,-0.46046057,-0.38589206
10,99621857129896,-0.3056661,-0.24071884,-0.14017344
4,99621860340312,0.16937704,-0.55313855,-0.46525425
10,99621865522969,0.23502636,0.29102802,-0.5783067
4,99621870289219,0.20746025,-0.5219796,-0.51265854
10,99621876909114,0.6927086,0.6321478,-1.0315423
4,99621880144167,0.17337179,-0.37577203,-0.5435512
10,99621885312552,0.85719633,0.51985836,-1.4760513
4,99621890081979,0.026631612,-0.1587244,-0.5563344
10,99621896728542,0.94015574,0.25578976,-0.93028545
4,99621899965417,-0.11797804,0.02396845,-0.53263223
10,99621904876146,0.59107065,-0.086956024,-0.60655975
4,99621910635000,-0.13741912,0.07536746,-0.46259108
10,99621915728177,0.22663546,0.3004465,-0.1216774
4,99621918817396,0.058589544,0.10626013,-0.39121836
10,99621924676406,0.18371606,0.061933517,-0.014475822
4,99621929502708,0.06551377,0.20106867,-0.39441416
10,99621936252969,0.25547814,-0.46946383,0.22589159
4,99621939493125,0.017310547,0.262854,-0.42051315
10,99621944604687,0.05692196,-0.37458372,0.6576357
4,99621949433281,0.16564862,0.26178873,-0.36804888
10,99621956026250,-0.21082568,-0.35406637,0.50301886
4,99621959259896,0.31052458,0.25246766,-0.26525086
10,99621964382552,0.01376009,-0.41269302,0.21004295
4,99621969296562,0.33182988,0.26738137,-0.23062976
10,99621975797083,0.4632597,-0.0031647682,-0.040938377
4,99621979012083,0.3206446,0.31318775,-0.27483824
10,99621984141198,0.7712598,0.30413103,-0.13932419
4,99621988973542,0.3009372,0.34754252,-0.29454562
10,99621995585677,0.79407454,0.39511395,-0.2485547
2,99621998839427,-34.0,18.0,31.0
10,99622002932083,0.73321486,0.29270792,-0.21017933
4,99622009752812,0.17417073,0.6468818,-0.19893813
10,99622014914531,0.65457535,0.012983322,-0.046851635
4,99622018026719,0.111852765,0.85061365,-0.10439592
10,99622023638958,0.45538378,-0.1739955,0.023185253
4,99622028390469,0.09054748,1.000017,-0.06018744
10,99622035169739,0.34190488,-0.23250437,0.11715698
4,99622038415521,0.17204021,1.0325075,-0.10439592
10,99622042831927,-0.25713623,-0.46569872,-0.088299274
4,99622048580417,0.20426446,0.9912286,-0.13768543
10,99622054906771,-0.38646138,-0.62093544,-0.13167906
4,99622058112812,0.2625877,0.8828379,-0.19813919
10,99622063290469,-0.51659596,-1.0485826,-0.07753515
4,99622068063646,0.33768883,0.78270304,-0.2444782
10,99622074720781,-0.45519924,-1.0913901,0.024729729
4,99622077934896,0.4498079,0.70813453,-0.2759035
10,99622082884635,-0.33378637,-0.5882411,0.407413
4,99622087707656,0.5571333,0.675644,-0.31771514
10,99622094450208,-0.35941565,-0.31374025,0.44121647
4,99622097697344,0.58935755,0.6990798,-0.3502057
10,99622102799427,-0.5070522,0.04841566,0.59638166
4,99622107564375,0.4990764,0.71585774,-0.3289004
10,99622112795833,-0.81321824,0.22092342,0.6707535
4,99622116027344,0.39228365,0.7057377,-0.24261399
10,99622122588698,-1.0242332,0.29799318,0.69134045
4,99622128502396,0.3651194,0.6625945,-0.12756541
10,99622134742344,-1.1160973,0.24189329,0.69544363
4,99622137978906,0.40719733,0.59894496,-0.04447479
10,99622141393229,-1.0218866,0.10046625,0.53374624
4,99622147820521,0.47830373,0.5291701,-0.020506341
10,99622153714166,-0.92564017,0.0854373,0.44573545
4,99622156927656,0.5400891,0.46525425,-0.055926383
10,99622161836875,-0.83068085,0.27971506,0.462502
4,99622166737656,0.57124805,0.3965447,-0.1206412
10,99622173625416,-0.84675694,0.48575687,0.4267416
2,99622176885416,-37.0,1.0,34.0
10,99622181677552,-0.8832013,0.5563011,0.3378334
4,99622186484479,0.4263721,0.34674358,-0.1272991
10,99622193326979,-0.87491804,0.5447345,0.6061039
4,99622196566562,0.3834952,0.36938044,-0.020772656
10,99622201681094,-0.91093105,0.35486364,0.96192265
4,99622206449375,0.43436158,0.4082626,0.14301175
10,99622211722760,-0.9169272,-0.19060946,1.1652908
4,99622214911823,0.4825648,0.46658584,0.32197618
10,99622221371719,-1.0482979,-0.67178726,1.1937165
4,99622226140052,0.5363607,0.4889564,0.4412858
10,99622232875104,-1.0113764,-0.51576805,0.73848915
4,99622236116719,0.66525763,0.40053943,0.294013
10,99622241257500,-0.8072943,0.17318344,0.9881134
4,99622246148594,0.6442187,0.2892193,-0.03009372
10,99622252660364,-1.3568963,-0.055776596,0.59813404
4,99622255868750,0.2514024,0.09054748,-0.28362668
10,99622260993854,-1.7837491,0.016200066,0.65529966
4,99622265926823,0.0077231675,-0.19920446,-0.4082626
10,99622272442396,-1.8151515,-0.13048458,1.2594571
4,99622275658437,0.06950851,-0.48070058,-0.38722363
10,99622278454739,-1.3602507,-0.88944006,0.9218745
4,99622286268541,0.24820662,-0.6514092,-0.34168357
10,99622293869635,-0.34815955,-0.99430037,0.5998759
4,99622297136823,0.52837116,-0.6609966,-0.39228365
10,99622301720729,-0.42944562,-1.0423913,0.57732487
4,99622307480156,0.69668293,-0.55313855,-0.47670585
10,99622312634062,0.44932735,0.5133319,-0.81194353
4,99622315731823,0.6269081,-0.41705105,-0.4892227
10,99622317711198,0.27694488,1.7966242,-1.5302038
4,99622325844948,0.42690474,-0.26818034,-0.4066647
10,99622333470989,0.15343595,2.2841306,-1.657803
4,99622336688541,0.064182185,-0.0892159,-0.25353295
10,99622341105885,0.1318407,2.2826347,-1.6542568
4,99622345953593,-0.26631612,0.09454222,-0.06924219
10,99622352252864,0.12373066,1.5430179,-1.6549067
2,99622355526093,-28.0,1.0,31.0
10,99622358835000,0.32723773,0.781662,-0.9150982
4,99622365310937,-0.13528858,0.45460162,-0.04474111
10,99622372920833,0.006249666,0.30106163,-0.48985386
4,99622376177552,0.06870956,0.49055427,-0.12756541
10,99622379002500,-0.4701965,0.0041804314,-0.21691513
4,99622384787448,0.19920446,0.46019423,-0.1834918
10,99622392413177,-0.7997838,0.192657,0.09296942
4,99622395683906,0.26897928,0.39468047,-0.22903186
10,99622398439323,-0.92189413,0.7169895,0.07860422
4,99622405301718,0.24820662,0.32117724,-0.24900557
10,99622411671614,-0.84643644,1.0962334,-0.2659297
4,99622414776510,0.14780544,0.3075951,-0.20586236
10,99622417651979,-0.43463373,1.0746856,-0.42155266
4,99622424780937,0.02743056,0.41705105,-0.1123854
10,99622432390677,0.05722952,0.7396879,-0.23800707
4,99622435649010,-0.060453758,0.63702816,-0.0037284256
10,99622437588593,0.05722952,0.7396879,-0.23800707
4,99622444514583,-0.083090626,0.77258307,0.050866377
10,99622450600468,-0.02948761,0.0048208237,0.6009841
4,99622453806875,0.011185277,1.0812434,0.26365295
10,99622458980833,-0.7570865,-0.40991545,0.8709407
4,99622463863698,0.077231675,1.1121361,0.3619236
10,99622470003541,-1.487504,-0.7681608,0.6894474
4,99622473238802,0.21891184,0.97924435,0.61572284
10,99622478652864,-1.4935566,-0.1991682,1.1684866
4,99622483589271,0.2727077,0.8628642,0.598146
10,99622489843177,-1.2159669,0.8684306,1.8902178
4,99622493044583,0.4063984,0.6098639,0.3518036
10,99622498452552,-1.8635643,0.49009562,1.6855526
4,99622503338489,0.054062173,0.37816888,0.0793622
10,99622508250885,-2.1973996,0.579113,1.6060467
4,99622511572031,-0.48043427,0.033289514,-0.12676647
10,99622518199843,-2.7981927,1.2229557,2.3314576
4,99622523015468,-0.6641924,-0.42237735,-0.12942964
10,99622529388854,-2.7997093,0.41698265,1.7448196
2,99622532620833,-31.0,-5.0,30.0
10,99622538025104,-1.5660911,-0.35810184,0.8044977
4,99622542948489,-0.5371596,-1.0599382,-0.04181163
10,99622549163229,-0.32682872,-0.22166586,-0.2738948
4,99622552379583,-0.22050974,-1.0961571,-0.16884442
10,99622557753698,0.20660174,0.29410315,-1.2580013
4,99622562916458,-0.030626353,-0.9800433,-0.20985709
10,99622568987760,0.26244617,1.105432,-1.5878682
4,99622572223489,-0.018109497,-0.8956211,-0.12144015
10,99622577531562,-0.07832122,1.9420371,-0.8827653
4,99622582304739,-0.050333746,-0.732103,0.084155895
10,99622588716093,0.25919533,1.9386282,0.34986067
4,99622591956510,-0.15899073,-0.4346279,0.25193503
10,99622597307031,0.4104482,0.6811714,0.7053652
4,99622602080468,-0.45220476,-0.09267801,0.2860235
10,99622607042343,0.23140395,-0.41685057,1.0027347
4,99622610468229,-0.55553544,0.049801115,0.25086978
10,99622617097291,-0.29451418,-0.6585412,1.415236
4,99622621916041,-0.3155846,-0.030626353,0.3257046
10,99622628275937,-0.7665817,-0.9819031,0.6892762
4,99622631497031,-0.0892159,-0.17763285,0.51771855
10,99622636882604,-0.21849513,-0.42170334,-0.72881126
4,99622641706250,0.15579493,-0.21598236,0.56645435
10,99622648090312,1.1378444,0.7354431,-1.370975
4,99622651360208,0.2511361,0.0061252704,0.4149205
10,99622656650781,1.8663104,0.2351017,-1.8244348
4,99622661468958,-0.23915187,0.39574575,0.22237396
10,99622667863854,1.8186108,0.089259624,-0.85604286
4,99622671097239,-0.6021407,0.71772194,0.032490566
10,99622676428333,0.31966543,-1.1143551,0.41523266
4,99622681180104,-0.8588695,0.7536746,-0.0077231675
10,99622687640729,-1.6539402,-2.178751,1.9457097
4,99622690865677,-0.6514092,0.43036684,0.034621093
10,99622696207500,-2.5219245,-2.8688588,2.788828
4,99622700979687,-0.15393071,-0.11451593,-0.017576864
10,99622705982031,-2.2537358,-2.8156276,2.3884149
2,99622709374323,-30.0,-1.0,29.0
10,99622715247656,-1.3513873,-1.6235003,1.0282826
4,99622721052812,0.5904228,-0.8631305,-0.50813115
10,99622727301406,-0.6664872,0.22022629,-0.5003381
4,99622730534739,0.5371596,-0.84635264,-0.5816344
10,99622735795052,-0.129614,1.8490357,-1.5099492
4,99622740543906,0.20799288,-0.6314355,-0.4825648
10,99622746928802,0.12140417,2.8258526,-1.8176785
4,99622750127604,-0.2724414,-0.37550572,-0.31611723
10,99622755538645,-0.3322581,2.8602078,-2.0288901
4,99622760310156,-0.77258307,-0.13662016,-0.12117383
10,99622766720833,-0.71091807,1.628583,-1.6940155
4,99622769921406,-1.0937603,0.03435478,0.045540057
10,99622775307447,-1.0443153,0.8054457,-0.3098421
4,99622780069375,-0.94089484,0.028229509,0.11504856
10,99622786446145,-1.632716,0.053450108,0.49988174
4,99622789694791,-0.62744075,-0.104928546,0.12463594
10,99622795147760,-1.849193,-0.52014256,0.7170553
4,99622799924687,-0.36272255,-0.26871297,0.055127434
10,99622804832968,-1.4634603,-0.22555876,1.1679626
4,99622808239375,-0.11744541,-0.4101268,-0.07803062
10,99622814598489,-1.2732774,0.029139519,0.8866105
4,99622819434739,-0.029028457,-0.49401638,-0.12596752
10,99622826007552,-1.1666172,0.37416553,0.35254288
4,99622829248750,-0.03195793,-0.51984906,-0.05672533
10,99622834659583,-0.84806883,0.8750534,0.1766119
4,99622839480104,-0.032756884,-0.50387007,0.06897587
10,99622845783802,-0.3706584,1.0636072,-0.0800395
4,99622848993020,-0.09054748,-0.45380265,0.19520971
10,99622854482916,0.13262343,1.0824022,-0.23058367
4,99622859266093,-0.18801917,-0.3717773,0.27190876
10,99622865601406,0.50265217,1.0942898,-0.15827274
4,99622868833593,-0.2841593,-0.27510455,0.32091093
10,99622874213697,0.5190655,0.90469027,-0.25950718
4,99622879036562,-0.36645097,-0.19094865,0.3749731
10,99622885386770,0.30543852,0.8146386,-0.4009924
2,99622888641822,-29.0,3.0,23.0
10,99622894150208,0.21992803,0.7062502,-0.3664198
4,99622898941666,-0.350472,-0.12197278,0.4111921
10,99622903858385,0.2757373,0.5343156,-0.19444084
4,99622907129895,-0.33822146,-0.13981596,0.3933489
10,99622913759427,0.3364854,0.48390245,-0.105336666
4,99622918532604,-0.30040458,-0.19867182,0.33475935
10,99622924942083,0.43456566,0.19512749,0.17143488
4,99622928185937,-0.23808661,-0.26178873,0.3075951
10,99622933547916,0.48053193,-0.16711903,0.16763783
4,99622938296354,-0.23728766,-0.2543319,0.32730252
10,99622944714010,0.7242298,-0.4970889,0.24377203
4,99622947962031,-0.25007084,-0.2066613,0.35073832
10,99622953323541,1.0216509,-0.6349726,0.3227539
4,99622958145468,-0.23675503,-0.15153387,0.25832662
10,99622964538489,1.0684863,-0.5906558,0.32423067
4,99622967771562,-0.15259913,-0.087085366,0.10626013
10,99622973103541,0.9795339,-0.48644924,0.49001646
4,99622977894635,-0.07057377,-0.025033714,0.0039947415
10,99622984283177,0.8390634,-0.41276264,0.50564337
4,99622987514114,-0.021837922,0.015180019,-0.02743056
10,99622992878124,0.46220493,-0.60120726,0.33992052
4,99622997663437,-0.010386328,0.03089267,-0.004261058
10,99623002612552,0.46588552,-0.8043766,0.32647562
4,99623006014218,-0.03089267,0.041279,0.02396845
10,99623012648385,0.6881988,-1.0035305,0.52520895
4,99623017415208,0.0034621095,0.05566007,0.004261058
10,99623022999843,0.7218709,-0.9804692,0.7498412
4,99623026253541,0.027164243,0.0727043,-0.018109497
10,99623031718541,0.48738837,-0.86560297,0.5773697
4,99623036776874,0.005060006,0.094808534,-0.025832662
10,99623042981822,0.2305572,-0.46608162,0.5718851
4,99623046219479,-0.011984225,0.0793622,-0.03914847
10,99623052144062,0.119479656,-0.1166811,0.50731134
4,99623057150104,-0.019441076,0.02396845,-0.05912218
10,99623063353958,0.15879202,0.05243206,0.3743596
2,99623066608645,-34.0,8.0,21.0
10,99623070574166,0.3729974,0.15715647,0.351686
4,99623077400156,0.023435818,-0.07350325,-0.15073492
10,99623083580677,0.5367743,0.12990427,0.29412794
4,99623086816302,0.052464273,-0.057257965,-0.18082865
10,99623090360572,0.5733528,0.16230297,0.20788765
4,99623097724114,0.07456851,-0.026365295,-0.19121496
10,99623102686562,0.5235932,0.30936766,0.19768
4,99623105785677,0.10146644,0.008788432,-0.1768339
10,99623110116614,0.4526826,0.3396287,0.3377118
4,99623116923958,0.12170646,0.07643273,-0.1307612
10,99623123053072,0.42745388,0.13571978,0.4950161
4,99623126288906,0.11851067,0.19201392,-0.070041135
10,99623131409010,0.46358883,-0.06773567,0.7811923
4,99623136167968,0.12650016,0.33848777,-0.0013315806
10,99623142457708,0.31333518,-0.06782627,0.89318085
4,99623145666927,0.2181129,0.43782368,0.108124346
10,99623151622708,0.033040285,-0.04381323,0.8176799
4,99623156449895,0.40772998,0.46658584,0.2860235
10,99623162599479,0.025433302,-0.24311733,0.29448462
4,99623165831718,0.5499428,0.5067996,0.464189
10,99623170959479,0.29188132,-0.499187,0.11730623
4,99623175928593,0.6149239,0.5816344,0.5787049
10,99623182059218,0.46221375,-0.49869013,-0.045652866
4,99623185265468,0.66845345,0.6468818,0.5318333
10,99623190644426,0.56284523,0.16711473,0.35626745
4,99623195491041,0.6061355,0.74488616,0.28362668
10,99623200459947,-0.15179777,-0.04252577,0.7564049
4,99623203786770,0.031158986,0.75580513,-0.0029294773
10,99623208954374,-1.6050782,-0.6410761,1.3166475
4,99623215807291,-0.5227785,0.50653327,-0.17976338
10,99623223421874,-2.8582616,-0.91925526,2.90059
4,99623226645885,-0.5763081,0.026897928,-0.16325177
10,99623231497447,-2.8457642,-0.8802042,2.933659
4,99623236277708,-0.24847293,-0.5566007,-0.12144015
10,99623242445989,-2.6497006,-2.7968488,2.4899483
2,99623245696666,-36.0,6.0,21.0
10,99623247722604,-1.1174114,-2.4329305,1.297636
4,99623255391041,0.78057253,-1.1856394,-0.5344964
10,99623262990468,-0.31278503,-1.2845898,-0.47898388
4,99623266239114,0.99096227,-1.107875,-0.6783071
10,99623271053801,-0.4407934,-1.3592491,-0.51869583
4,99623275961822,0.82557994,-0.85061365,-0.6332997
10,99623282156874,0.24121344,1.6992421,-2.9671073
4,99623285366145,0.3291667,-0.49854377,-0.50120693
10,99623288321718,0.5189408,2.293004,-2.904858
4,99623295527187,-0.29561087,-0.15925704,-0.41039312
10,99623301940781,0.24504745,1.7735248,-2.714694
4,99623306130676,-0.76592517,0.06711166,-0.36938044
10,99623310746979,0.034130335,0.91722345,-1.6603503
4,99623315619270,-0.93663377,0.17576863,-0.37816888
10,99623321749166,-0.31834185,0.02797079,-0.8589697
4,99623325016926,-0.8809737,0.17443706,-0.44208476
10,99623327835051,-0.6918373,-0.47241735,-0.29154396
4,99623334682968,-0.69055766,0.10839066,-0.509729
10,99623342794479,-0.93113035,-0.36234093,0.38179445
4,99623345516510,-0.49534798,0.03914847,-0.5342301
10,99623350836614,-0.95608217,-0.33988094,0.4092574
4,99623355765156,-0.37097836,-0.009321064,-0.50360376
10,99623361893958,-1.2301562,0.3567319,0.41733742
4,99623365141979,-0.30786142,-0.04474111,-0.41252366
10,99623367979270,-1.2301562,0.3567319,0.41733742
4,99623373820729,-0.2876214,-0.059388492,-0.36218992
10,99623380101562,-1.0419246,1.2498002,0.33430147
4,99623383346093,-0.22503711,-0.09374327,-0.26178873
10,99623388290624,-0.85208356,1.487504,0.5343218
4,99623393129270,-0.21438447,-0.09614012,-0.23515713
10,99623398340468,-0.964007,1.2661772,0.47117233
4,99623401563385,-0.25859293,-0.10652645,-0.14594123
10,99623408000520,-1.0388358,1.1596527,0.48744774
4,99623412828853,-0.30253512,-0.13342437,-0.05539375
10,99623419540781,-1.1413543,1.075841,0.50300455
2,99623422788072,-28.0,4.0,18.0
10,99623427739739,-0.9578388,1.0794301,0.5057955
4,99623432559010,-0.2412824,-0.30652985,-0.011984225
10,99623439315833,-0.8492279,1.1655064,0.49778557
4,99623442559583,-0.2146508,-0.41305628,-0.025832662
10,99623447759218,-0.5377612,1.4090447,0.25057936
4,99623452546926,-0.22343922,-0.4889564,-0.023435818
10,99623459100624,-0.43570435,1.4177322,0.21168423
4,99623462344531,-0.27403927,-0.49002165,0.026897928
10,99623467305051,-0.19037831,0.70833826,0.1612215
4,99623472106406,-0.3800331,-0.39121836,0.15233281
10,99623478883593,-0.20508695,0.44854736,0.1781559
4,99623482098333,-0.4577974,-0.24740767,0.27350664
10,99623487283749,-0.15081406,0.2068901,0.57393694
4,99623492096718,-0.3850931,-0.14274544,0.30999196
10,99623497230364,-0.3075229,0.1098156,0.765491
4,99623500451978,-0.2511361,-0.13662016,0.29321405
10,99623506887499,-0.5135232,0.16911697,0.77739286
4,99623511716301,-0.14674018,-0.20772657,0.25060347
10,99623518466145,-0.41578245,0.4536438,0.60747147
4,99623521705416,-0.09054748,-0.2806972,0.20692763
10,99623526751874,-0.20650947,0.67211914,0.48006964
4,99623531585520,-0.08362326,-0.27723506,0.21917816
10,99623538229739,-0.07196498,0.5217495,0.27923632
4,99623541442864,-0.14141385,-0.20932446,0.2910835
10,99623546673749,0.064207554,0.38920403,-0.0013957024
4,99623551439947,-0.16564862,-0.128897,0.35127094
10,99623558000572,0.13771796,0.3982787,-0.29629898
4,99623561245833,-0.13528858,-0.06977482,0.3568636
10,99623564819218,0.259135,0.3035574,-0.27265215
4,99623572010624,-0.10013486,-0.01571265,0.32783514
10,99623578359218,0.41074204,0.22402954,0.03146839
4,99623581589218,-0.048469532,0.037550572,0.2860235
10,99623586141822,0.32274437,0.046520233,0.35654116
4,99623590908176,-0.048203215,0.0727043,0.27883297
10,99623596123801,-0.011845589,-0.13156652,0.3994937
2,99623599365676,-29.0,11.0,16.0
10,99623605732551,-0.23145187,-0.06628895,0.5487623
4,99623610489843,-0.07669904,-0.017044231,0.26365295
10,99623617311510,-0.23815382,-0.13465023,0.5109191
4,99623620553437,-0.09347696,-0.11744541,0.21145499
10,99623625765260,0.028225541,-0.29609537,0.4410262
4,99623630587291,-0.14301175,-0.18269286,0.14966966
10,99623637300833,0.29034555,-0.5363059,0.36535454
4,99623640538853,-0.20106867,-0.20586236,0.10519487
10,99623645529791,0.3620913,-0.6078954,0.30234385
4,99623650360416,-0.18455707,-0.20106867,0.07989483
10,99623656876614,0.37421548,-0.58917236,0.38066292
4,99623660092603,-0.11930962,-0.18961707,0.07163903
10,99623665263020,0.42173576,-0.5295515,0.4184432
4,99623670037655,-0.066312715,-0.18136127,0.06764429
10,99623676659374,0.5142536,-0.43630266,0.4442711
4,99623679869114,-0.037550572,-0.17656758,0.058056913
10,99623684848541,0.49629664,-0.35490513,0.3361349
4,99623689775051,-0.022903185,-0.17097494,0.05352954
10,99623695017551,0.44976258,-0.20816708,0.31715536
4,99623698239895,0.0029294773,-0.14780544,0.061519023
10,99623704684895,0.44516945,-0.08731794,0.3220582
4,99623709494739,0.009853696,-0.10626013,0.08894958
10,99623716207760,0.39950013,-0.03848362,0.22962713
4,99623719430780,-0.015978966,-0.063116916,0.11744541
10,99623724543905,0.36106777,0.15546083,0.13485718
4,99623729314478,-0.04261058,-0.038615838,0.12543489
10,99623735987864,0.26126885,0.45864105,0.023887634
4,99623739200051,-0.06364955,-0.028229509,0.12969595
10,99623744383489,0.11321449,0.5363245,-0.15261936
4,99623749294166,-0.10466223,-0.016777916,0.13741912
10,99623755763176,0.107726574,0.40664244,-0.23496771
4,99623758978280,-0.15845808,0.01571265,0.13209279
10,99623764113697,0.20158911,0.26103973,-0.0579648
4,99623768898541,-0.19281286,0.06977482,0.11451593
10,99623775585780,0.17854095,0.04352951,0.13747215
2,99623778844166,-30.0,16.0,17.0
10,99623783686770,-0.034879684,-0.23727989,0.4187913
4,99623789422760,-0.1536644,0.16218652,0.14647387
10,99623794489218,-0.27941442,-0.5119128,0.6058836
4,99623797586405,-0.10439592,0.16538231,0.16458336
10,99623803556770,-0.39531648,-0.6667385,0.6477957
4,99623808321666,0.04580637,0.116912775,0.1438107
10,99623815121926,-0.3757857,-0.5653763,0.63266563
4,99623818368332,0.11771172,0.05672533,0.07137272
10,99623823492916,-0.33670628,-0.42268038,0.45036173
4,99623828312343,0.12650016,0.034088463,0.039414786
10,99623834872551,-0.32935,-0.22050524,0.31764746
4,99623838091145,0.080960095,0.01917476,0.0029294773
10,99623843235676,-0.25590014,0.013471127,0.2633109
4,99623848068072,0.060720075,0.020506341,0.0037284256
10,99623854631926,-0.30737865,0.17489767,-0.20542526
4,99623857879322,0.0055926386,-0.024234766,0.0058589545
10,99623863044478,-0.26559067,0.17217588,-0.4565587
4,99623867924687,-0.0058589545,-0.037550572,-0.0013315806
10,99623874440832,-0.17310894,0.16255665,-0.43072987
4,99623877682812,0.021571605,-0.01571265,-0.06524745
10,99623882804843,0.07465708,0.13222599,0.10874176
4,99623887569114,0.02956109,0.00479369,-0.091080114
10,99623892791718,-0.01807928,0.10437155,0.20459318
4,99623896012239,-0.0063915867,0.04660532,-0.123836994
10,99623902460051,-0.33943248,0.11982441,0.4075427
4,99623907250364,-0.10333065,0.04527374,-0.12596752
10,99623914017239,-0.65955734,0.059693813,0.662014
4,99623917246770,-0.16298546,-0.022104237,-0.10519487
10,99623922451249,-0.7127001,-0.053035736,0.86520386
4,99623927266770,-0.120907515,-0.1304949,-0.09134643
10,99623933748489,-0.62279,-0.103998184,0.85216045
4,99623937000364,-0.03435478,-0.21544974,-0.08655274
10,99623942176041,-0.4176277,-0.23708582,0.5194073
4,99623946958645,-0.0010652645,-0.23009712,-0.087618
10,99623953555676,-0.1291188,-0.22861099,0.27867985
2,99623956823749,-30.0,15.0,19.0
10,99623961747239,0.068139315,0.11523533,0.26956224
4,99623966529530,0.009853696,-0.11504856,-0.10013486
10,99623973347760,0.06691289,0.43089294,0.32150602
4,99623976581562,0.026897928,-0.05832323,-0.052464273
10,99623981725832,-0.1007123,0.57679224,0.18669367
4,99623986505468,0.029827405,-0.014647386,0.03568636
10,99623991712187,-0.13962317,0.56924105,0.25969172
4,99623994883489,0.036485307,0.020506341,0.10466223
10,99624001339010,-0.084005356,0.4831462,0.25947666
4,99624006176457,0.06844324,0.036751624,0.13582122
10,99624012903853,-0.046403885,0.35939264,0.337646
4,99624016152082,0.10972224,0.056991648,0.15606125
10,99624021316041,-0.14865983,0.3224349,0.36002636
4,99624026060416,0.15499598,0.076965354,0.19281286
10,99624031785989,-0.23873901,0.3370123,0.23362303
4,99624035072447,0.18429075,0.101200126,0.23568976
10,99624040887395,-0.24627006,0.27453184,0.18715048
4,99624045810728,0.18002969,0.113983296,0.24927188
10,99624051713489,-0.2009362,0.2750697,0.0721612
4,99624055126770,0.15419704,0.11158645,0.21837921
10,99624060648124,-0.19931948,0.28184748,0.005259514
4,99624065516770,0.13342437,0.10705908,0.17923075
10,99624072314270,-0.20717156,0.20573902,-0.05751705
4,99624075727551,0.12330436,0.103863284,0.1587244
10,99624080583853,-0.21367884,0.11798811,0.0025520325
4,99624085511718,0.128897,0.10972224,0.14647387
10,99624090624062,-0.22464395,-0.039229393,0.079304695
4,99624093770103,0.13741912,0.120907515,0.1403486
10,99624100213228,-0.23506689,-0.302238,0.18661642
4,99624105092447,0.1486044,0.12197278,0.12463594
10,99624111752082,-0.26309478,-0.34929132,0.32090855
4,99624114997343,0.18562233,0.09720538,0.100933805
10,99624117815312,-0.41871786,-0.28225374,0.28260136
4,99624125576301,0.21385184,0.04580637,0.0743022
10,99624133154270,-0.3424331,-0.13618755,0.17951298
2,99624136429843,-31.0,16.0,20.0
10,99624140694218,-0.34232044,-0.15105295,0.16373968
4,99624145613228,0.22370553,-0.034088463,0.010918961
10,99624151907968,-0.07402921,0.39739895,-0.01753521
4,99624155139634,0.19973709,-0.025300032,0.0053263223
10,99624157937812,0.055257678,0.36148548,-0.18991756
4,99624165130416,0.19014971,0.0031957934,0.032490566
10,99624172691770,0.24951541,0.32765484,-0.16318321
4,99624175970780,0.22556975,0.04527374,0.057257965
10,99624198165155,0.50122285,0.6674948,-0.13907242
11,99624206801353,-0.387701,0.085343,-0.420757,0.8157,0.0
4,99624210033072,0.23409186,0.28016454,0.10519487
4,99624198165155,0.23409186,0.28016454,0.10519487
10,99624215902655,0.16606307,0.022222996,0.30467606
4,99624217747187,0.25193503,0.43809,0.21518342
10,99624226328905,-0.1576314,-0.901278,0.4913516
4,99624226328905,0.25193503,0.43809,0.21518342
4,99624228281249,0.2559298,0.64395237,0.4063984
10,99624236157082,-0.30479836,-1.519187,1.2904592
4,99624236157082,0.24580978,0.7488809,0.52437645
4,99624238099739,0.2660498,0.8343684,0.6399576
10,99624246624322,-0.6850471,-1.8460145,2.194007
4,99624246624322,0.2660498,0.8343684,0.6399576
4,99624248564582,0.43649212,0.9076053,0.8625979
10,99624256484999,-1.2933604,-1.7267771,1.8774295
4,99624256484999,0.53130066,0.87325054,0.9653959
4,99624258461718,0.61625546,0.76752305,1.0295781
10,99624266919530,-1.2478335,0.3547325,0.47368193
4,99624266919530,0.7012103,0.55287224,1.009338
4,99624268859999,0.8428905,0.37577203,0.84874946
10,99624276846770,-0.6357435,1.4670463,0.5123825
4,99624276846770,0.99522334,0.23888555,0.5800365
4,99624278825780,0.9483517,0.2213087,0.2609898
10,99624287278801,-1.276254,-0.30510378,-0.72497654
4,99624287278801,0.56272596,0.2298308,-0.026365295
4,99624289273541,-0.060720075,0.20106867,-0.2463424
10,99624297199739,-2.255112,0.098052025,0.57814026
4,99624299590416,-0.8594021,-0.021038974,-0.46951532
11,99624306798853,-0.361442,0.108169,-0.415093,0.827862,0.0
10,99624306798853,-2.7065902,-0.7061305,1.7287488
4,99624308623384,-0.81892204,-0.3901531,-0.3933489
2,99624316052291,-34.0,17.0,23.0
4,99624318395207,-0.5305017,-0.72278196,-0.26684874
4,99624328519686,-0.31318775,-0.83996105,-0.3057309
4,99624332451353,-0.043942157,-0.89322424,-0.4295679
10,99624337772291,0.83490753,-1.302165,-0.18836212
4,99624341046041,0.43542686,-0.81545997,-0.7395598
10,99624348914114,0.8647851,-0.88533974,-0.26281452
4,99624354019270,0.4428837,-0.5659217,-0.8263789
10,99624358599322,0.15042353,1.519001,-1.2092857
4,99624361842343,0.3653857,-0.51452273,-0.7566041
10,99624368727655,-0.03964758,2.0983624,-1.3964114
4,99624373578384,-0.12703279,-0.3009372,-0.44927529
10,99624378166457,0.20721316,2.1119409,-1.4709973
4,99624381389999,-0.3225088,-0.20106867,-0.3821636
10,99624388517082,0.37073207,1.7539644,-1.1973667
4,99624393421666,-0.5611281,-0.016511599,-0.3089267
10,99624398029009,0.3751526,0.23430872,-0.23291492
4,99624402883072,-0.5182512,0.1323591,-0.24474451
10,99624407813905,0.2212063,-0.22426605,-0.029240608
4,99624411642499,-0.29534456,0.22556975,-0.17097494
10,99624416568905,-0.06801736,-0.58575916,0.25801182
4,99624421351405,0.010918961,0.24074976,-0.13768543
10,99624427995989,-0.28787994,-0.37049866,0.16716194
4,99624432839322,0.2282329,0.20959078,-0.15845808
10,99624437460936,-0.3165226,0.12546396,-0.04934168
4,99624440667186,0.28815404,0.17390442,-0.19734024
10,99624447789374,-0.15365899,0.6644707,-0.1273737
4,99624452663801,0.24074976,0.175236,-0.20985709
10,99624457247916,0.0027645826,1.0357318,-0.30006933
4,99624460495259,0.12942964,0.21012342,-0.17390442
10,99624467577603,0.115973234,1.1765571,-0.35182285
4,99624472344530,0.020506341,0.28868666,-0.11052119
10,99624476959061,0.20157433,0.9698467,-0.2482791
4,99624480170103,-0.063116916,0.3818973,-0.06231797
10,99624487363593,0.24003816,0.6324048,-0.06050539
2,99624492168020,-31.0,12.0,20.0
10,99624496390988,0.097827196,0.369205,0.3381114
4,99624501125832,-0.019441076,0.45992792,-0.05139901
10,99624506172863,-0.20212829,0.17263412,0.5986695
4,99624509969686,0.0561927,0.41918156,-0.044208474
10,99624514940363,-0.47234333,-0.008234978,0.49898767
4,99624519788436,0.09427591,0.34141725,-0.046072688
10,99624526893176,-0.49802566,-0.031164646,0.34308338
4,99624531664113,0.11638014,0.2775014,-0.07163903
10,99624536280676,-0.36123085,0.010569572,0.35204935
4,99624539519009,0.11771172,0.2479403,-0.09081379
10,99624546677030,-0.22515965,0.010503769,0.35180235
4,99624551464270,0.095074855,0.25406557,-0.09321064
10,99624555123541,-0.23797715,0.13063908,0.3641634
4,99624558551561,0.07137272,0.26631612,-0.08442221
10,99624566433332,-0.3276055,0.23506546,0.42972708
4,99624571241353,0.036218993,0.25246766,-0.076166406
10,99624575007655,-0.34974205,0.2573862,0.56629705
4,99624578322811,0.011451593,0.21118867,-0.082025364
10,99624586267447,-0.31939626,0.24991322,0.7239499
4,99624591043749,0.03542004,0.14674018,-0.0974717
10,99624595723697,-0.26587665,0.2820325,0.707109
4,99624600457968,0.08229168,0.08362326,-0.10013486
10,99624605372134,-0.25360608,0.38997173,0.60469913
4,99624609169895,0.13795175,0.036485307,-0.086020105
10,99624614194530,-0.13547897,0.61816597,0.48013687
4,99624619053697,0.19680761,0.020772656,-0.06338324
10,99624625762082,0.00721097,0.8626437,0.5042801
4,99624630503384,0.23675503,0.053263225,-0.03568636
10,99624634201405,0.18726301,1.0093765,0.61984015
4,99624638964791,0.22663501,0.13901702,0.008788432
10,99624645545520,0.12875009,1.1608105,0.5492053
4,99624650351561,0.19068234,0.27031085,0.10226539
10,99624654071041,0.041670322,1.2622676,0.6502228
4,99624657431874,0.17310548,0.3518036,0.17869811
10,99624665337291,-0.105727434,0.9929304,0.9255719
2,99624670107968,-34.0,6.0,20.0
10,99624674455468,-0.40600348,0.14828014,1.0153446
4,99624677685468,0.15845808,0.69961244,0.9598033
10,99624685112863,-0.66907203,-0.52294445,0.4838586
4,99624689886249,0.22450449,0.6359629,1.0540792
10,99624693606301,-0.09569967,-0.36132097,0.5731001
4,99624698379999,0.35420042,0.60507023,0.91160005
10,99624703505988,0.26168287,-0.8454337,0.9475875
4,99624707597395,0.03914847,0.5382249,0.14620754
10,99624713516353,-0.9539152,-2.4180894,1.1523557
4,99624716777707,-0.2146508,0.4415521,-0.082558
10,99624724716718,-1.5526342,-2.040112,1.7359433
4,99624729484634,-0.3864247,-0.041279,-0.3752394
10,99624733269738,-2.6348095,-2.183011,2.588409
4,99624736518905,-0.314253,-0.25513083,-0.376571
10,99624744480103,-2.2606542,-2.282652,2.5048423
4,99624749275468,0.16751283,-0.8263789,-0.53769225
10,99624752990103,-0.5889168,-1.6758976,1.2506676
4,99624756338124,0.37337518,-0.933438,-0.62903863
10,99624764267551,-0.30834913,-1.1654024,0.5945797
4,99624769089165,0.86685896,-0.9262474,-0.74967986
10,99624772844322,0.4641173,0.7205944,-1.2386084
4,99624776110728,0.90654004,-0.8423579,-0.7368967
10,99624784019478,0.61186624,1.1903739,-1.8233972
4,99624788844843,0.53316486,-0.53130066,-0.67271453
10,99624793464999,0.9153489,2.0609717,-2.618712
4,99624798289790,0.28549087,-0.42317632,-0.6351639
10,99624803194790,0.7889509,2.1331139,-2.4149933
4,99624807042343,-0.119043306,-0.17949706,-0.4777711
10,99624812501040,0.41921532,1.4919057,-1.3964682
4,99624815740207,-0.3320962,0.091080114,-0.24421188
10,99624823572447,0.17947567,1.1762614,-1.0287509
4,99624828406145,-0.3581952,0.29214877,-0.06897587
10,99624833000363,-0.61911917,0.3214798,0.040224552
4,99624836250572,-0.257794,0.3472762,0.0039947415
10,99624843337759,-0.9067881,0.18608713,0.3882184
2,99624848085363,-30.0,5.0,23.0
10,99624852311509,-1.5149966,0.0391407,0.8421016
4,99624855539374,0.02609898,0.12197278,-0.021038974
10,99624863116301,-1.5772415,0.07756758,0.71666765
4,99624868018384,0.1041296,-0.029827405,-0.03009372
10,99624872645728,-1.3988719,0.44088316,0.37878084
4,99624875853176,0.16058862,-0.13342437,-0.013582122
10,99624882903540,-1.179163,0.4834118,0.2013545
4,99624887651145,0.13156016,-0.15765914,0.016511599
10,99624891198384,-0.7084105,0.6326828,-0.074998856
4,99624896213124,0.02396845,-0.103064336,0.03195793
10,99624901235207,-0.36588514,0.81406546,-0.17017984
4,99624905362967,-0.10972224,-0.018109497,0.040480047
10,99624911333697,-0.2737137,0.85655975,-0.05537224
4,99624914573436,-0.20959078,0.07376956,0.08628642
10,99624922457499,-0.48516262,0.5076752,-0.1804514
4,99624927259999,-0.24660872,0.11424961,0.16937704
10,99624931873853,-0.7007326,0.06934643,-0.1983881
4,99624935120728,-0.20133498,0.12756541,0.19680761
10,99624942229270,-0.62414634,-0.11420202,-0.008616447
4,99624947057082,-0.068176925,0.10466223,0.1307612
10,99624951690936,-0.5266963,-0.097670555,0.27433825
4,99624954950207,0.05352954,0.042077947,0.03834952
10,99624962005832,-0.5780444,0.1525135,0.363348
4,99624966833020,0.095074855,-0.024501082,-0.0063915867
10,99624971450155,-0.5551125,0.5216069,0.35056734
4,99624974714270,0.05486112,-0.05006743,0.01571265
10,99624981785207,-0.39614367,0.59009933,0.26651335
4,99624986573853,-0.050333746,-0.027696876,0.09134643
10,99624991156457,-0.16956675,0.38663435,0.09012318
4,99624996116770,-0.128897,0.021837922,0.1486044
10,99625001073436,-0.044419527,0.22005129,0.02284193
4,99625004929895,-0.12916331,0.07882957,0.16644756
10,99625007464686,-0.0037081242,0.038089752,0.025235176
4,99625014876405,-0.08655274,0.113983296,0.14141385
10,99625022803645,0.013544917,-0.0044178963,0.2088747
2,99625027574217,-33.0,5.0,24.0
10,99625031026405,0.022884965,-7.171631E-4,0.21016073
4,99625034997603,-0.03834952,0.039414786,0.047670584
10,99625041117863,-0.12407076,0.04071617,0.41564512
4,99625046106301,-0.05885586,0.0018642128,0.04314321
10,99625051441770,-0.07490742,0.007642269,0.47275925
4,99625054649790,-0.087618,-0.014647386,0.061519023
10,99625060889686,0.014058232,-0.082053185,0.41090536
4,99625065702290,-0.105993815,-0.025566347,0.066046394
10,99625070363280,0.13919115,-0.15339041,0.25761747
4,99625073603176,-0.11824436,-0.023702133,0.044208474
10,99625080655832,0.26951265,-0.23145056,0.21055984
4,99625085483540,-0.1272991,-0.010120012,0.010120012
10,99625090609113,0.31759453,-0.30968428,0.32396984
4,99625094312967,-0.11984225,5.326322E-4,-0.013582122
10,99625099073228,0.23247647,-0.29349327,0.38332367
4,99625103130051,-0.08974853,0.007456851,-0.023702133
10,99625107446822,0.07206786,-0.28869057,0.33544397
4,99625113582759,-0.083889574,0.0037284256,-0.023435818
10,99625122097186,-0.029631734,-0.3072605,0.34810448
4,99625125497238,-0.10759171,0.0031957934,-0.041279
10,99625128204374,-0.029627442,-0.30726194,0.3480997
4,99625133028124,-0.11371698,0.0053263223,-0.053795855
10,99625140585936,-0.18867326,-0.34236717,0.49509668
4,99625145502863,-0.12996227,-0.0058589545,-0.068176925
10,99625152051717,-0.32255733,-0.28147984,0.5155215
4,99625155285155,-0.13475595,-0.014913702,-0.07456851
10,99625161329478,-0.32723546,-0.27323198,0.52424574
4,99625166126144,-0.14114754,-0.046871636,-0.09773801
10,99625171326197,-0.3362913,-0.26573753,0.53327656
4,99625174594790,-0.14354439,-0.09081379,-0.12809806
10,99625180530155,-0.4702431,0.1490817,0.36425686
4,99625185352186,-0.16192019,-0.13369069,-0.14168017
10,99625187459322,-0.45107925,0.29751682,0.30200243
4,99625193459061,-0.16218652,-0.1387507,-0.14434333
10,99625198927030,-0.41144133,0.35086918,0.31110048
2,99625204028124,-34.0,3.0,24.0
10,99625208241092,-0.3559661,0.39007902,0.33984375
4,99625211489009,-0.16165388,-0.11638014,-0.12543489
10,99625219694009,-0.41257548,0.35010767,0.35825634
4,99625224582707,-0.123038046,-0.09614012,-0.06498113
10,99625228271613,-0.6317612,0.21397734,0.45894814
4,99625231490467,-0.103064336,-0.09427591,-0.046072688
10,99625239450572,-0.6433128,0.20807695,0.45914316
4,99625244298280,-0.06498113,-0.11584751,-0.022104237
10,99625247962030,-0.6103033,0.09581804,0.2880454
4,99625251168853,-0.06364955,-0.1307612,-0.027696876
10,99625259238280,-0.5437577,0.095590115,0.24635935
4,99625264105415,-0.042876896,-0.14966966,-0.048203215
10,99625267755467,-0.30431867,0.15665483,0.1952529
4,99625270992030,-0.03089267,-0.14274544,-0.04181163
10,99625279001353,-0.25544465,0.13288164,0.06692886
4,99625283921301,-0.018375812,-0.091080114,-0.005060006
10,99625287573176,-0.051670313,0.11167765,-0.083167076
4,99625292351509,-0.011984225,-0.064182185,0.0029294773
10,99625297861926,-0.011774182,0.097474575,-0.121824265
4,99625301663592,0.0063915867,-0.021837922,0.008255799
10,99625306607082,0.09553707,0.091845036,-0.15493488
4,99625311369999,0.027164243,0.01304949,5.326322E-4
10,99625318607186,0.13770914,0.15615988,-0.14005136
4,99625323450155,0.024501082,0.049002163,-0.007456851
10,99625327062290,0.14040399,0.14741898,-0.1745286
4,99625330312082,0.004261058,0.06578008,-0.0015978967
10,99625338402238,0.16388154,0.1167264,-0.19554234
4,99625343279530,-0.04873585,0.09454222,0.011185277
10,99625346926301,0.18538511,0.11823511,-0.077494144
4,99625350162811,-0.056459017,0.11132014,0.02396845
10,99625358149321,0.10937369,0.078671455,-0.14500713
4,99625362993801,-0.040746365,0.103064336,0.041545313
10,99625366634686,0.11341047,0.032282352,-0.21960926
4,99625369848801,-0.006657903,0.084155895,0.04234426
10,99625377562915,0.2044028,0.06454992,-0.15517521
2,99625382435884,-35.0,3.0,24.0
10,99625386664530,0.31568527,0.07940388,-0.04955387
4,99625391442186,0.06471482,0.08016115,-0.023435818
10,99625396565832,0.26726222,0.14387083,0.048772335
4,99625400372551,-0.0127831735,0.1025317,-0.040480047
10,99625405625728,0.06498253,0.28061485,0.18290281
4,99625408991196,-0.10519487,0.12783173,-0.019441076
10,99625417077967,-0.19684517,0.23424006,0.42208958
4,99625421893280,-0.175236,0.13954964,0.027696876
10,99625425544686,-0.36902487,0.048418045,0.5680003
4,99625428792082,-0.18935075,0.11664646,0.061519023
10,99625436938280,-0.43088365,-0.16489983,0.6162543
4,99625441700415,-0.16058862,0.07350325,0.05219796
10,99625445367082,-0.44256377,-0.28334475,0.63560724
4,99625448599842,-0.11132014,0.017576864,0.020240024
10,99625456626978,-0.40278006,-0.24542522,0.66930914
4,99625461412290,-0.030360037,-0.02876214,5.326322E-4
10,99625465068228,-0.37806964,-0.13470268,0.69834995
4,99625468311665,0.023702133,-0.050600063,0.008522116
10,99625476412811,-0.33897758,0.08072853,0.6963749
4,99625481234217,0.033289514,-0.04873585,0.022104237
10,99625485025728,-0.25462592,0.30312967,0.75657654
4,99625489861717,2.663161E-4,-0.027164243,0.038083203
10,99625494962030,-0.28041196,0.29756165,0.75097704
4,99625498768228,-0.042876896,0.0037284256,0.06764429
10,99625504436144,-0.3469845,0.17836094,0.83398867
4,99625509217186,-0.05672533,0.009321064,0.087618
10,99625515958957,-0.3439206,0.06376743,0.94245577
4,99625520764894,-0.013582122,-0.0010652645,0.090281166
10,99625524461874,-0.30982685,0.0048303604,0.94386244
4,99625527712863,0.046339005,-0.029827405,0.06551377
10,99625535735676,-0.27437246,0.059152603,0.84401226
4,99625540527134,0.10705908,-0.061252706,0.05352954
10,99625544061040,-0.21931994,0.11170721,0.66697836
4,99625547983436,0.13448964,-0.06844324,0.06018744
10,99625555562446,-0.057679772,0.08645964,0.6352215
2,99625560378384,-36.0,3.0,24.0
10,99625564724582,0.13183618,0.024636745,0.7217374
4,99625567962342,0.2548645,0.06791061,0.15313177
10,99625575287186,0.21817362,0.0075540543,0.83716965
4,99625580049426,0.30146983,0.13768543,0.15952335
10,99625583753644,0.08194029,0.034923077,0.895082
4,99625588521353,0.32437304,0.15526229,0.16564862
10,99625593646873,-0.19956386,0.13654566,0.7581339
4,99625597576509,0.36884782,0.15259913,0.21518342
10,99625603327082,-0.31529808,0.09409857,0.5270071
4,99625608113176,0.38456047,0.14327806,0.2396845
10,99625614846457,-0.29621542,-7.157326E-4,0.39921522
4,99625619609738,0.4250405,0.13688648,0.2479403
10,99625623300051,0.034131765,-0.127707,0.13238764
4,99625626569946,0.45060685,0.14993598,0.221575
10,99625634624373,0.09663415,-0.19500256,4.0912628E-4
4,99625639401196,0.45460162,0.20106867,0.122771725
10,99625643202290,-0.19767535,-0.16879368,-0.4495821
4,99625646454530,0.43382895,0.21624869,0.10652645
10,99625654409061,-0.4042983,-0.3040042,-0.722167
4,99625659153123,0.35233623,0.24687503,0.13502227
4,99625666298280,0.34567833,0.24181503,0.14061491
11,99625673728436,-0.338128,0.126941,-0.506854,0.782721,0.0
4,99625678454790,0.5123922,0.18295917,0.03355583
10,99625681966144,-0.74568564,-0.8368964,-0.26276588
4,99625686565415,0.58909124,0.13928333,-0.027696876
10,99625693054842,-0.7232047,-0.67380047,-0.3165679
4,99625696734530,0.6926882,0.047404267,-0.1520665
10,99625701947863,-0.5613235,-0.14360619,-0.30232286
4,99625706548853,0.70467246,-0.0015978967,-0.2463424
10,99625713828801,-0.22351444,0.2207799,-0.22092009
4,99625718463019,0.6378271,0.029294772,-0.32330775
10,99625721947082,0.15605187,0.40063047,0.3094616
4,99625726607238,0.60906494,0.092944324,-0.31265512
10,99625733641873,0.25576866,0.32782745,0.4776311
2,99625738230051,-34.0,2.0,25.0
10,99625742275988,-0.035768867,0.52159834,0.6197653
4,99625745362446,0.3882889,0.44927529,-0.1073254
10,99625753432186,-0.23768699,0.68371296,0.60979223
4,99625758100728,0.3400857,0.4775048,0.09187906
10,99625761629426,-0.540548,0.95086145,0.51993704
4,99625766269217,0.3717773,0.4082626,0.35579833
10,99625773211248,-0.35151255,0.98844767,0.31491423
4,99625777856873,0.41545314,0.3355583,0.5605954
10,99625781356925,0.45674074,1.801889,-0.17551804
4,99625785940415,0.4612595,0.3603257,0.54195327
10,99625791813905,0.5943681,1.6573491,-0.22399378
4,99625796579113,0.18242654,0.50839746,0.39148468
10,99625800053592,0.06021619,1.4021187,-0.6662569
4,99625805477967,-0.13209279,0.63250077,0.25353295
10,99625812764946,-0.76535493,1.1652126,0.48116875
4,99625817436300,-0.4282363,0.6607303,0.15952335
10,99625820920988,-2.077811,-0.2942462,0.81401825
4,99625825592186,-0.7251788,0.41385525,0.08175905
10,99625832520780,-2.8537157,-1.2276673,1.3908725
4,99625837118644,-0.6695187,-0.036485307,-0.0314253
10,99625840601978,-2.6599846,-2.2021523,1.6763258
4,99625845339738,-0.3339604,-0.4631237,-0.16777915
10,99625852288280,-1.7598084,-2.413241,1.053957
4,99625856938540,0.124902256,-0.6844324,-0.34594464
10,99625860369009,-0.9958797,-1.3892441,-0.16552687
4,99625864081196,0.4596616,-0.6716492,-0.49428272
10,99625872389061,-0.6923465,0.49274063,-1.1394815
4,99625877294894,0.561927,-0.5797702,-0.588026
10,99625880909790,-0.7153928,1.839108,-1.6316619
4,99625885794998,0.29854035,-0.50360376,-0.64847976
10,99625891382550,-0.8484494,2.079114,-2.1881223
4,99625895271717,-0.3158509,-0.40373522,-0.68363345
10,99625900173123,-0.9803786,0.8690376,-2.385734
4,99625903417707,-0.8772453,-0.26711506,-0.664725
10,99625911948123,-0.55365884,0.24499512,-0.63836527
2,99625916755675,-30.0,3.0,24.0
10,99625920961196,-0.4895091,-0.36254072,0.3339758
4,99625924255936,-0.5254417,-0.026897928,-0.6239787
10,99625931710103,-0.5741083,-0.94475603,0.26332378
4,99625936534790,-0.2793656,0.06364955,-0.62264705
10,99625940188384,-0.68847054,-0.09418392,0.21653414
4,99625943402550,0.018908445,0.047404267,-0.6708503
10,99625951503071,-0.93397427,0.81941795,-0.36619663
4,99625956361717,0.16271915,-0.023702133,-0.6239787
10,99625960014113,-0.86984396,1.0380807,-1.1730423
4,99625963220884,0.10519487,-0.04447479,-0.47004795
10,99625971211769,-0.18065298,1.0943604,-1.4543371
4,99625976067030,-0.009321064,0.06471482,-0.29134983
10,99625979719790,0.9426508,0.7365937,-1.0933104
4,99625984574686,-0.13475595,0.2841593,-0.1419465
10,99625990110155,1.769624,0.80213404,-0.43185234
4,99625993900623,-0.15739283,0.5704491,-0.04580637
10,99625996885623,1.8462499,0.9170432,0.28639698
4,99626003762498,-0.18082865,0.73157036,0.022104237
10,99626012221561,1.1494353,0.6655626,0.5993533
4,99626015644686,-0.36218992,1.1305119,0.45593318
10,99626018744061,1.2629976,0.6879053,0.5955186
4,99626023089477,-0.3368899,1.1709919,0.6018744
10,99626030504946,0.33917308,0.8559365,2.0580025
4,99626035553019,-0.087884314,0.9760485,0.7368967
10,99626039172655,0.27981555,0.3874426,2.8363853
4,99626042421144,-0.26844665,0.7451525,0.5552691
10,99626048629842,-0.39774352,-0.36912537,3.030315
4,99626053481873,-0.6764429,0.37763625,0.24208134
10,99626058743488,-1.313699,-0.30964327,3.5802941
4,99626061953957,-0.76752305,0.1587244,0.1073254
10,99626069566717,-1.9776182,-1.3086171,3.6186934
4,99626074434113,-0.75607145,-0.5515407,0.015978966
10,99626079679061,-1.5571152,-2.1519213,2.998631
4,99626084583540,-0.4063984,-0.9805759,-0.053263225
10,99626091416405,-0.5316421,-2.1830182,1.7401657
5410,99626097190363,-0.5316452,-2.1830158,1.7401662
4,99626101197498,0.2809635,-1.1901667,-0.30519825
10,99626107998540,0.9154619,-1.2173476,-0.6645708
4,99626113126092,0.43356264,-1.0239855,-0.46472162
10,99626118272498,1.4346998,-0.029732227,-1.5700378
4,99626121364894,0.2394182,-0.752343,-0.5496765
10,99626128649477,1.2101395,0.70133257,-1.8435559
4,99626133381300,-0.23782028,-0.44794372,-0.41971418
10,99626137356352,0.45883942,1.4145055,-0.96305513
4,99626141098332,-0.2862898,-0.37710363,-0.340352
10,99626148392446,0.25675726,1.0934272,-0.7643304
4,99626153089894,-0.41571945,-0.26232138,-0.22077605
10,99626158011769,0.10845423,0.041141987,-0.09577608
4,99626161084738,-0.45726478,-0.22583607,-0.2612561
10,99626168144634,-0.006904483,-0.043853283,0.14741468
4,99626172834321,-0.32730252,-0.28176245,-0.37577203
10,99626177693696,-0.513499,0.022380352,0.3075366
4,99626182284113,-0.15100123,-0.3720436,-0.40400153
10,99626187092394,-0.5523211,0.18447018,0.29683876
4,99626190913488,-0.006924219,-0.45193845,-0.3584615
10,99626196942134,-0.35101378,0.6592927,0.19746685
4,99626200050519,0.05539375,-0.43010053,-0.28336033
10,99626207710884,-0.060217857,0.8079715,7.200241E-5
4,99626212302498,-0.014114754,-0.31132352,-0.165116
10,99626217211457,0.0730114,0.77070093,-0.23356438
4,99626220301404,-0.119043306,-0.14061491,-0.05539375
10,99626227549738,0.019809246,0.8122039,-0.1646576
4,99626232143696,-0.16405073,0.010652645,0.011451593
10,99626237003904,-0.22770119,0.7947154,-0.059893608
4,99626240082029,-0.1834918,0.0727043,0.048469532
10,99626247266821,-0.5305127,0.8013139,0.041521072
4,99626251861196,-0.17417073,0.055127434,0.06844324
10,99626256762915,-0.6651249,0.78385305,0.18512392
4,99626259841821,-0.15233281,-0.01917476,0.06764429
10,99626267048800,-0.6484437,0.76983976,0.20903683
2,99626271639998,-30.0,3.0,18.0
10,99626275734009,-0.5390197,0.66287374,0.3092723
4,99626280347498,-0.11451593,-0.08655274,0.1025317
10,99626285663227,-0.50391793,0.39600277,0.2950983
4,99626290727967,-0.17070863,-0.022903185,0.16831179
10,99626295760571,-0.45927978,0.15841961,0.2527957
4,99626298966821,-0.21784659,0.03435478,0.19627498
10,99626305661457,-0.47177875,0.2673521,0.3033104
4,99626311331561,-0.16751283,0.03169162,0.1587244
10,99626316656925,-0.62267435,0.40950346,0.2483325
4,99626319870519,-0.1222391,-0.00958738,0.11318435
10,99626326638384,-0.64720225,0.36575603,0.1361227
4,99626331409582,-0.1257012,-0.05566007,0.07084008
10,99626335099582,-0.45203888,0.34905767,0.18967867
4,99626339853748,-0.14567491,-0.07563378,0.03435478
10,99626346418071,-0.35763967,0.079835415,0.27932072
4,99626351173800,-0.17789917,-0.048203215,0.049801115
10,99626354894634,-0.35717905,-0.33687162,0.412385
4,99626358311457,-0.1949434,-0.009054748,0.086020105
10,99626366190988,-0.30144763,-0.55688286,0.5826745
4,99626371021769,-0.17150758,-0.018908445,0.083090626
10,99626375704529,-0.28313756,-0.55467415,0.4578929
4,99626380462394,-0.12836437,-0.08522116,0.010120012
10,99626385371821,-0.2087431,-0.31702805,0.21916866
4,99626389178384,-0.087618,-0.16644756,-0.09187906
10,99626394219998,-0.09562719,-0.051249504,-0.0088887215
4,99626399049946,-0.082025364,-0.22184132,-0.16298546
10,99626405768644,0.11546528,0.17331886,-0.26979923
4,99626410521404,-0.09427591,-0.2263687,-0.19787288
10,99626414300311,0.30856144,0.32528162,-0.3596139
4,99626417626248,-0.10918961,-0.2066613,-0.19441076
10,99626425559529,0.4292848,0.2509842,-0.40003586
4,99626430306457,-0.124902256,-0.15472966,-0.1603223
10,99626433996248,0.5188322,-0.005540371,-0.29354
4,99626437428175,-0.13369069,-0.09081379,-0.11930962
10,99626445344425,0.56509256,-0.21963692,-0.08673191
2,99626450116665,-34.0,3.0,18.0
10,99626454530675,0.5476079,-0.4428749,0.18041039
4,99626457763019,-0.10759171,0.07084008,-0.066046394
10,99626465121665,0.3886428,-0.5999217,0.4559126
4,99626469949113,-0.08149273,0.13422333,-0.040213734
10,99626473673019,0.15932012,-0.6389208,0.60984325
4,99626478457550,-0.07403588,0.15419704,-0.025832662
10,99626483447290,-0.09644461,-0.583343,0.75567865
4,99626487551509,-0.028229509,0.1669802,0.026897928
10,99626493496300,-0.26885068,-0.57447624,0.7529602
4,99626496757029,-0.021038974,0.16298546,0.04926848
10,99626504644998,-0.28283978,-0.60049343,0.695395
4,99626509436509,-0.07856325,0.16990969,0.124902256
10,99626513181456,-0.24143422,-0.49767685,0.26307154
4,99626516532394,-0.10865697,0.17470337,0.13528858
10,99626524436925,-0.11490476,-0.33865786,0.17460251
4,99626529265623,-0.17150758,0.13954964,0.06791061
10,99626532980102,8.124113E-4,0.25002432,-0.24372339
4,99626536292029,-0.1784318,0.12516858,0.03781689
10,99626544219113,-0.027665973,0.35782194,-0.35601854
4,99626548970884,-0.22743396,0.18801917,0.01917476
10,99626553561092,0.13424766,0.3579812,0.07257414
4,99626556805259,-0.2231729,0.23702134,0.032490566
10,99626564054009,0.13100886,0.3348241,0.31231117
4,99626567995884,-0.10279802,0.36778256,0.096939065
10,99626571537342,-0.3094858,-0.083185196,1.0011387
4,99626583532498,0.01304949,0.34647727,0.12010857
10,99626581537342,-1.1068875,-0.1939125,1.2228699
4,99626594352394,0.046871636,0.21252026,0.061519023
10,99626591834686,-1.1068875,-0.1939125,1.2228699
11,99626600337342,-0.365533,0.138611,-0.537333,0.747291,0.0
4,99626602221925,0.072171666,0.009054748,-0.011984225
4,99626610441873,0.072171666,0.009054748,-0.011984225
4,99626612387290,0.08628642,-0.15952335,-0.03568636
4,99626620175154,0.087085366,-0.20985709,-0.030360037
4,99626622139009,0.08575379,-0.23062976,-0.019973708
2,99626630992186,-35.0,3.0,17.0
4,99626633401977,0.08335695,-0.18935075,0.0026631611
10,99626642211300,-0.4240135,0.101389885,0.67681885
4,99626645458852,0.064182185,-0.116912775,0.011984225
10,99626653668956,0.068865776,0.51257277,0.032502174
4,99626658866613,0.055127434,-0.012516857,0.01304949
10,99626662516665,0.025684476,0.59410095,-0.10726452
4,99626665768956,0.04447479,0.022104237,0.026897928
10,99626673386717,-0.019525409,0.468369,-0.20737934
4,99626678170467,0.00958738,0.08069378,0.060720075
10,99626681818904,-0.15161252,0.24205875,0.030664444
4,99626685463175,0.00479369,0.11638014,0.06391586
10,99626692317186,-0.21520174,0.17994356,0.13980007
4,99626697104425,0.05273059,0.12410331,0.046871636
10,99626700750311,-0.41000164,0.04730797,0.29804897
4,99626705662498,0.10546118,0.094009586,0.027963191
10,99626712886561,-0.5953375,0.008671284,0.4121971
4,99626717688436,0.1387507,0.040480047,0.0055926386
10,99626721350831,-0.6808288,0.15200377,0.32677555
4,99626724596769,0.1520665,-0.018109497,-0.019441076
10,99626732666821,-0.65991867,0.1628499,0.3116374
4,99626737597550,0.14114754,-0.053795855,-0.03488741
10,99626741241769,-0.50685,0.17411041,0.27893543
4,99626744555311,0.1257012,-0.060720075,-0.032756884
10,99626752443488,-0.3306632,0.18588972,0.28768778
4,99626757223436,0.1206412,-0.039414786,-0.018908445
10,99626760874477,-0.2102493,0.2602992,0.2939911
4,99626764226821,0.113983296,-0.01304949,-0.0127831735
10,99626772226248,-0.19776034,0.35655022,0.24495173
4,99626777007029,0.09667275,0.004527374,-0.0026631611
10,99626780653852,-0.28777897,0.41885662,0.18990564
4,99626785488488,0.062051654,0.009853696,0.020506341
10,99626791015831,-0.3804344,0.4407878,0.14411354
4,99626794895363,0.036751624,0.00479369,0.043675844
10,99626797711144,-0.39239478,0.46951866,0.22072601
2,99626804786352,-31.0,3.0,17.0
10,99626813057238,-0.38125098,0.4325881,0.277462
4,99626816474425,0.048469532,-0.021571605,0.08016115
10,99626821065206,-0.3769449,0.42907238,0.27294016
4,99626824421873,0.059388492,-0.046072688,0.092145376
10,99626831579477,-0.38574946,0.56353426,0.14816046
4,99626836357967,0.06870956,-0.07483483,0.10439592
10,99626839999269,-0.3956101,0.6740141,0.07150841
4,99626843213852,0.07137272,-0.06950851,0.1323591
10,99626851350415,-0.33036268,0.5236311,0.053871155
4,99626856130571,0.03169162,-0.034088463,0.18269286
10,99626859880050,-0.34952116,0.31283998,0.033821106
4,99626863124529,-0.029827405,0.008788432,0.21491711
10,99626871122654,-0.40121102,0.3210883,0.18811846
4,99626876076248,-0.043942157,0.02876214,0.2247708
10,99626879685258,-0.61248994,0.23987436,0.30959034
4,99626884600727,-0.040213734,0.005060006,0.24208134
10,99626890105363,-0.7358179,0.061369896,0.226233
4,99626895280988,-0.037550572,-0.04314321,0.24261399
10,99626898928175,-0.66810274,-0.032060623,0.33470964
4,99626902191248,-0.029827405,-0.06844324,0.2282329
10,99626910639008,-0.4787364,-0.068311214,0.37788057
4,99626915537029,0.016245283,-0.12357068,0.14594123
10,99626919187446,-0.35560763,-0.050548553,0.37141705
4,99626922426977,0.050866377,-0.13821806,0.103863284
10,99626930448904,-0.36693585,0.036237717,0.2575822
4,99626935296144,0.07376956,-0.13289174,0.0974717
10,99626938941873,-0.34746265,0.0892849,0.088549614
4,99626942185779,0.06578008,-0.1304949,0.101999074
10,99626948522029,-0.20141637,0.14195776,-0.007218361
4,99626953365050,-0.0061252704,-0.10652645,0.10333065
10,99626958498852,-0.034423947,0.079743385,0.04623556
4,99626961748852,-0.033023197,-0.09534117,0.10066749
10,99626969408540,-0.055859447,-0.056841373,0.034555435
4,99626974328904,-0.082558,-0.0314253,0.112918034
10,99626978932290,-0.12885213,-0.0844574,0.061443806
2,99626983785935,-32.0,4.0,19.0
10,99626990205519,-0.14894414,-0.113517284,0.13879824
4,99626995054790,0.021571605,0.018375812,0.10759171
10,99626997164425,-0.14415026,-0.0823884,0.20583439
4,99627002367394,0.04527374,0.0127831735,0.0958738
10,99627008960623,-0.12990701,-0.025065422,0.28058195
4,99627013790310,0.07829694,0.0034621095,0.05912218
10,99627018412342,-0.21604252,0.2483654,0.38773775
4,99627021646196,0.06231797,7.9894834E-4,0.054328486
10,99627028722498,-0.30498052,0.36447,0.47659922
4,99627033696196,-0.0034621095,-0.024767399,0.07190535
10,99627038308227,-0.4468801,0.61872816,0.5001364
4,99627041549894,-0.024501082,-0.041279,0.08868326
10,99627048517758,-0.47801948,0.6016073,0.3932829
4,99627053360675,-0.06178534,-0.07536746,0.15792546
10,99627057008540,-0.3700453,0.45850754,0.3661909
4,99627060408383,-0.06897587,-0.06924219,0.17390442
10,99627068300363,-0.30131054,0.4276924,0.43421364
4,99627073224790,-0.050333746,-0.050866377,0.2082592
10,99627077832915,-0.43302727,0.37118053,0.52846813
4,99627082594529,-0.039414786,-0.05006743,0.22077605
10,99627087518227,-0.48463666,0.39478827,0.5129256
4,99627091362915,0.0018642128,-0.061252706,0.23648871
10,99627096297185,-0.56122386,0.43306112,0.46871567
4,99627101110102,0.027963191,-0.092944324,0.24607609
10,99627107827081,-0.54086983,0.2529416,0.28785086
4,99627112943123,0.02263687,-0.11638014,0.2545982
10,99627116610779,-0.25969625,-0.014460087,0.19984436
4,99627119866196,0.018908445,-0.13262543,0.24048345
10,99627127629685,-0.14988518,-0.05854559,0.18040371
4,99627132610415,0.039414786,-0.1355549,0.21758026
10,99627137412654,-0.009819627,-0.14417458,0.09147835
4,99627140663956,0.056459017,-0.11638014,0.21252026
10,99627147403071,0.06272447,-0.17800474,-0.06043482
4,99627152184998,0.061252706,-0.08468852,0.19813919
10,99627156799737,0.15736365,-0.1645155,-0.09570742
2,99627160056873,-32.0,8.0,19.0
10,99627167207342,0.26073694,-0.19650078,-0.18345022
4,99627172087498,0.04926848,-0.038615838,0.1222391
10,99627175742342,0.30711186,-0.27345276,-0.26544094
4,99627180503748,0.021038974,-0.018908445,0.091080114
10,99627185695154,0.34979177,-0.39899063,-0.29759455
4,99627189654269,-0.007989483,0.004527374,0.07137272
10,99627195591508,0.43252885,-0.3505659,-0.28495407
4,99627198856456,-0.00479369,0.030360037,0.049534798
10,99627206775467,0.41998494,-0.3262763,-0.275002
4,99627211545623,-0.0015978967,0.05566007,0.03568636
10,99627216163071,0.43679416,-0.3840251,-0.20595884
4,99627219411769,0.0010652645,0.07829694,0.019973708
10,99627226548592,0.444538,-0.38460016,-0.23785686
4,99627231366925,0.0063915867,0.090281166,-0.009853696
10,99627235964269,0.4822148,-0.3665228,-0.3178625
4,99627239203019,0.0061252704,0.10945592,-0.044208474
10,99627246321404,0.5114658,-0.44023323,-0.21880436
4,99627251229842,0.002396845,0.15632756,-0.07350325
10,99627255019112,0.4747485,-0.5449753,-0.18453264
4,99627258258592,-0.0058589545,0.20026971,-0.10173275
10,99627266107394,0.35661912,-0.6205101,-0.1575346
4,99627270878487,-0.0061252704,0.22929817,-0.12756541
10,99627275538487,0.2663418,-0.64877367,-0.045289993
4,99627280384008,-0.007190535,0.23249397,-0.15100123
10,99627285284737,0.1735698,-0.6725135,0.01643753
4,99627289083800,-0.011984225,0.21864553,-0.18402444
10,99627294061040,0.10495126,-0.53441334,0.04899168
4,99627298910779,-0.006924219,0.20426446,-0.22690132
10,99627305638487,0.047176957,-0.39998865,0.011650085
4,99627309603019,-0.018908445,0.18961707,-0.25646242
10,99627313260571,0.03142655,-0.32336903,0.003508091
4,99627317800935,-0.023702133,0.18961707,-0.27137613
10,99627325412602,0.09507251,-0.23470736,-0.06634569
4,99627330167342,-0.019973708,0.2031992,-0.28469193
10,99627334931821,0.1269728,-0.203794,-0.14350748
2,99627338196039,-34.0,6.0,19.0
10,99627345187602,0.05371523,-0.20272589,-0.46124554
4,99627349949060,-0.03089267,0.221575,-0.314253
10,99627354963852,-0.005197048,-0.45010138,-0.79280615
4,99627358184008,-0.064182185,0.2050634,-0.3110572
10,99627364994060,0.03740883,-0.73755884,-1.3628421
4,99627369768019,-0.06657903,0.19094865,-0.33156356
10,99627374872967,0.3741635,-0.93161774,-1.5748382
4,99627379644112,-0.03914847,0.2543319,-0.37736994
10,99627384644060,0.7909229,-1.0738635,-1.3269935
4,99627388450154,-0.013582122,0.41092578,-0.41385525
10,99627393343227,0.8120835,-0.88577795,-1.0137577
4,99627396621664,0.015446335,0.5182512,-0.40959418
10,99627404548644,0.43968356,-0.6919136,-0.42870188
4,99627409334008,0.055926383,0.8016115,-0.2958772
10,99627414389373,0.029761672,-0.25647163,0.26322365
4,99627417636248,0.09560748,0.85087997,-0.23409186
10,99627424288175,-0.38726723,0.4339385,0.80227757
4,99627429061821,0.14247912,0.7965515,-0.23036344
10,99627434104321,-0.67349535,0.9428477,1.1431732
4,99627437339737,0.12623383,0.69322085,-0.24261399
10,99627444066248,-0.84545404,1.2342472,1.294611
4,99627448912550,0.06258429,0.5725796,-0.24714136
10,99627454111456,-0.9673012,1.2352014,1.2245321
4,99627457330102,-0.009054748,0.44741106,-0.23116238
10,99627463852758,-1.0031661,1.0581336,1.1624022
4,99627468645519,-0.057790596,0.350472,-0.216515
10,99627473776039,-0.8023574,0.8325763,1.3622103
4,99627478559737,-0.06870956,0.3107909,-0.2197108
10,99627483502394,-0.76795274,0.61189127,1.3597941
4,99627487304060,-0.06578008,0.19867182,-0.2463424
10,99627492807446,-0.80892324,0.4514885,1.3638334
4,99627496038696,-0.06551377,0.16751283,-0.25539714
10,99627503403800,-0.78650326,0.37060595,1.3576441
4,99627508217185,-0.08229168,0.091080114,-0.2876214
10,99627513319842,-0.7642662,0.27161884,1.2792759
2,99627516570258,-34.0,-7.0,13.0
10,99627523188539,-0.78152186,0.12103081,1.0303111
4,99627527961144,-0.0628506,0.035153728,-0.30013826
10,99627533107758,-0.69132775,0.028018951,0.9544096
4,99627536341664,-0.040746365,0.029294772,-0.30120352
10,99627542955466,-0.6108757,-0.0034685135,1.0053687
4,99627547724633,0.0314253,0.020506341,-0.30466563
10,99627552787029,-0.4980837,0.20316601,0.9382639
4,99627556034477,0.09880328,0.010652645,-0.30786142
10,99627562738800,-0.61964613,0.3104086,0.7456002
4,99627567545987,0.120907515,-0.018642128,-0.2942793
10,99627572687185,-0.76997817,0.6013503,0.52846336
4,99627577519737,0.08442221,-0.046072688,-0.24660872
10,99627582427550,-0.75888866,0.6858802,0.50451803
4,99627586226664,0.07989483,-0.08229168,-0.18242654
10,99627591771508,-0.78113776,0.7967138,0.6524229
4,99627595000779,0.123836994,-0.11158645,-0.10279802
10,99627602284789,-0.8683074,0.7673907,0.65451956
4,99627607033956,0.17763285,-0.14114754,-0.013315806
10,99627611650623,-0.95836496,0.6248412,0.7054982
4,99627614895831,0.25646242,-0.15845808,0.08229168
10,99627622064112,-0.82125056,0.5457368,0.99899626
4,99627626832706,0.3619236,-0.18002969,0.17124127
10,99627631451456,-0.72421193,0.7071786,1.1884227
4,99627634665154,0.46924898,-0.16724652,0.27004454
10,99627641827602,-0.51452684,0.7546663,1.2892632
4,99627646744998,0.49028796,-0.06844324,0.40533313
10,99627650425414,-0.27904022,0.49873972,1.1407595
4,99627653697498,0.43196473,0.09347696,0.56751966
10,99627661666560,-0.261029,0.14853144,1.1268291
4,99627666431821,0.30306774,0.22450449,0.7595336
10,99627671033227,-0.41272688,0.32569504,0.7406664
4,99627675916404,0.2082592,0.2444782,0.8072041
10,99627680820519,-0.13145196,0.63832474,-0.22251654
4,99627684710987,0.08948222,0.24021713,0.55739963
10,99627689633591,0.14951718,-0.065060616,-0.21721792
2,99627694458487,-31.0,-12.0,13.0
10,99627701163279,-0.4137442,-0.5072999,0.2038145
4,99627706115571,-0.6396913,0.004261058,-0.06338324
10,99627710728227,-1.1847893,-0.0047888756,0.76898813
4,99627713990987,-0.61172813,-0.19121496,-0.20426446
10,99627720937498,-1.2628167,-0.23491955,0.40806437
4,99627725759789,-0.53476274,-0.32011196,-0.2876214
10,99627730362966,-0.48285627,-0.31167746,0.018753052
4,99627733609164,-0.3669836,-0.40879524,-0.3669836
10,99627740759685,-0.062538266,-0.071760654,-0.72502184
4,99627745605779,-0.14168017,-0.43089947,-0.36645097
10,99627750219893,0.091358185,0.6160641,-1.1243076
4,99627753451404,0.046871636,-0.3422162,-0.32410672
10,99627760520987,0.2775278,1.3396468,-1.2967086
4,99627765333018,0.09614012,-0.20186761,-0.33795515
10,99627769946716,0.2422651,1.449573,-1.3828397
4,99627774837602,-0.056991648,-0.15739283,-0.38269624
10,99627779717393,-0.07611561,1.6828198,-1.1500006
4,99627783507185,-0.22956449,-0.16458336,-0.36724994
10,99627786978539,-0.15992081,1.7091484,-0.8363657
4,99627793783956,-0.41598576,-0.12650016,-0.3289004
10,99627801578018,-0.2750436,1.3612452,-0.45715952
4,99627805563539,-0.62744075,-0.06844324,-0.26764768
10,99627811349737,-0.2930863,1.3997383,-0.41606855
4,99627814543539,-0.74248934,-0.048203215,-0.17390442
10,99627820051508,-0.720577,0.7257147,0.76363516
4,99627825051560,-0.6924219,-0.1073254,-0.068176925
10,99627829614893,-0.8324659,0.4639845,1.1155972
4,99627832839841,-0.5219796,-0.19680761,0.010120012
10,99627840300310,-0.7227502,0.27234173,1.201458
4,99627846247706,-0.29374668,-0.27830034,0.058589544
10,99627850820050,-0.7380942,0.28651285,1.2194247
4,99627854185987,-0.06870956,-0.30679616,0.091080114
10,99627860107758,0.021461606,0.18311882,0.6125579
4,99627865061196,0.09241169,-0.2396845,0.15499598
10,99627869615518,0.23011541,0.06146431,0.34659958
2,99627874506508,-31.0,-14.0,14.0
10,99627879431196,0.34864497,0.06722212,0.258636
4,99627883379529,0.104928546,0.06498113,0.3637878
10,99627885324998,0.24807453,0.13903761,0.5483322
4,99627891676664,0.11664646,0.13928333,0.4181163
10,99627898015414,0.1399597,0.01441431,0.6506114
4,99627902771716,0.15659387,0.26391926,0.5294364
10,99627906465675,-0.3145368,-0.8120346,0.68082523
4,99627911203227,0.14647387,0.32117724,0.5965481
10,99627918905258,-0.37753212,-0.9366121,0.7206874
4,99627923741560,0.20772657,0.25832662,0.5360943
10,99627927115675,-0.60711664,-0.8424401,0.80253696
4,99627930632289,0.24927188,0.21518342,0.49454904
10,99627939168696,-0.5824647,-0.82170105,0.77770376
4,99627944023904,0.35979307,0.11584751,0.39388153
10,99627947669477,-0.60167474,-1.0671377,0.56601715
4,99627950876925,0.39521313,0.10146644,0.3651194
10,99627958868227,-0.52860713,-1.0786743,0.57361984
4,99627963782133,0.57550913,0.053795855,0.2615224
10,99627967425414,-0.47441256,-0.9407859,0.7421489
4,99627972284945,0.6466155,0.02130529,0.21758026
10,99627977856143,-0.4573902,-0.852726,0.6549649
4,99627981684008,0.73290193,-0.06471482,0.113983296
10,99627986576716,-0.54097444,-0.48699474,0.47520542
4,99627989942393,0.74275565,-0.16005598,0.022104237
10,99627998399581,-0.51616555,-0.49570227,0.3553481
4,99628003251404,0.7057377,-0.14247912,0.01304949
10,99628006878904,-0.014999986,-0.83713007,0.9179516
4,99628010125623,0.6860303,-0.038083203,0.07057377
10,99628018205362,0.16162992,-1.1557021,1.3323779
4,99628023011560,0.65726817,0.36591834,0.3864247
10,99628026619268,-0.21249628,-1.6624608,2.3814926
4,99628029854789,0.67031765,0.46658584,0.536627
10,99628037968956,-0.5440297,-1.7494097,2.3041644
4,99628042849685,0.65007764,0.46552056,1.1171961
10,99628046585518,-0.5946955,-0.7495022,0.072175026
2,99628049845675,-35.0,-12.0,19.0
10,99628057757341,0.34292614,0.016332626,0.20288134
4,99628062581716,0.9984191,0.3619236,0.7946873
10,99628066238956,0.5940233,-0.5655494,0.031600952
4,99628071057706,0.45540056,0.37923414,0.09454222
10,99628076699789,-0.6452069,-0.4932232,-0.039313316
4,99628080539581,-0.5110606,0.19094865,-0.16245283
10,99628084004945,-2.9296062,0.06748867,1.3498149
4,99628084004945,-0.8183894,-0.011984225,-0.1107875
4,99628090315883,-0.9406285,-0.26551718,-0.03834952
10,99628097323123,-3.3486264,-0.80370903,1.7024155
4,99628102163904,-0.675644,-0.6644587,-0.0793622
10,99628105823175,-1.6165633,-1.7770181,0.68578434
4,99628109057498,-0.025033714,-0.7571367,-0.299073
10,99628117080935,-0.2198062,-1.2552967,-0.6872206
4,99628121913227,0.62371236,-0.67697555,-0.46578687
10,99628125592810,0.33784938,0.4401698,-2.1336665
4,99628128800883,0.8695221,-0.5390238,-0.61439127
4,99628136877810,0.79894835,-0.49028796,-0.7137272
4,99628140866352,0.5928197,-0.48735848,-0.8024104
10,99628144341195,-0.33580428,3.3122482,-3.1199212
4,99628148467029,0.060453758,-0.45513424,-0.7933557
10,99628155483748,-1.0702572,3.6452057,-2.559236
4,99628159839268,-0.36671728,-0.35952675,-0.5752428
10,99628164675362,-0.9874521,2.4886177,-1.5572085
4,99628169425935,-0.6442187,-0.2514024,-0.39388153
10,99628175710883,-0.78526,1.0043998,-0.4622159
4,99628179799529,-0.6892261,-0.15978967,-0.31638354
10,99628183635414,-1.1064482,0.08424473,0.25625086
4,99628187719216,-0.5030711,-0.122771725,-0.25353295
10,99628196170622,-1.5091517,-0.045578003,0.5745659
4,99628200455466,-0.19734024,-0.15978967,-0.180296
10,99628204966872,-1.5239743,0.6677718,0.52732944
4,99628208186247,0.027696876,-0.22210763,-0.108124346
10,99628215957758,-1.2027693,1.5318975,-0.20146513
4,99628220202914,0.07669904,-0.24367924,-0.025033714
10,99628224565518,-0.80502856,1.7477641,-0.94296026
2,99628227830154,-21.0,-2.0,17.0
10,99628235725675,-0.41471112,1.659513,-1.0670328
4,99628239698227,-0.1898834,-0.04181163,0.17204021
10,99628243841404,-0.3591143,1.482171,-0.7508631
4,99628247081664,-0.23702134,0.062051654,0.23782028
10,99628255126716,-0.611147,1.2031355,-0.4589734
4,99628259868227,-0.2660498,0.07749799,0.267914
10,99628263647341,-0.88323355,1.1294131,-0.08577585
4,99628268370570,-0.27403927,-0.016245283,0.25566345
10,99628274217133,-0.8254749,1.07025,0.12366152
4,99628278066872,-0.25406557,-0.12942964,0.2314287
11,99628282561977,-0.336574,0.134731,-0.529928,0.766642,0.0
4,99628286914789,-0.23409186,-0.16618125,0.23382555
10,99628294618956,-0.3505882,0.5554848,-0.13680363
4,99628299394060,-0.2644519,-0.13901702,0.34647727
10,99628303903695,-0.3571812,0.3426075,-0.23920536
4,99628307146143,-0.20879184,-0.076166406,0.4063984
10,99628314958591,-0.3777312,0.2316432,-0.025972843
4,99628319663122,-0.11318435,-0.03914847,0.40240365
10,99628324567393,-0.3529955,0.24848509,-0.015539169
4,99628328078227,-0.10040118,-0.07483483,0.3568636
10,99628334237185,-0.44383758,1.5354156E-4,0.36047935
4,99628338440883,-0.11851067,-0.15526229,0.28309402
10,99628341519893,-0.3535421,0.2145381,0.5047412
4,99628346258018,-0.13928333,-0.1949434,0.25326663
10,99628353800987,-0.28713906,0.27263165,0.57825136
4,99628358050779,-0.26658243,-0.2016013,0.27989823
10,99628362789008,-0.21981001,-0.02498436,0.35995436
4,99628367525466,-0.32437304,-0.18908444,0.31638354
10,99628372651195,-0.3029685,-0.0016403198,0.19008875
4,99628376446352,-0.38935417,-0.17310548,0.37230992
10,99628380940258,-0.38929248,-0.07754278,0.1452918
4,99628387090727,-0.37603834,-0.17976338,0.3800331
10,99628393024581,-0.34117782,-0.13858414,0.23825407
4,99628397785570,-0.31718248,-0.26631612,0.29960564
10,99628401035674,-0.18158352,-0.26164722,0.5321989
2,99628406655154,-29.0,4.0,14.0
10,99628413026195,-0.1972785,-0.24751234,0.5705695
4,99628417849841,-0.28682247,-0.40426785,0.19947077
10,99628421090258,-0.17032647,-0.20099688,0.60948324
4,99628426285674,-0.29827404,-0.42530683,0.20293288
10,99628431729737,-0.1775868,-0.26378822,0.50631
4,99628436527237,-0.34115094,-0.4628574,0.22397186
11,99628440265935,-0.358628,0.140125,-0.500884,0.775155,0.0
4,99628445144477,-0.3821636,-0.48336375,0.21411815
10,99628451662237,0.31990016,-0.34625816,0.1260829
4,99628455834737,-0.38562572,-0.45699844,0.16484967
10,99628460033695,0.53176844,-0.28984356,0.13811779
4,99628466410935,-0.38429415,-0.3930826,0.12703279
10,99628471502497,0.6996646,-0.2815771,0.20506477
4,99628475306143,-0.39254996,-0.35633096,0.082025364
10,99628480109112,0.66359377,-0.2734809,0.11432886
4,99628485128852,-0.406931,-0.33156356,0.030626353
10,99628492886247,0.6321415,-0.31981325,-0.020213127
4,99628497159164,-0.4114584,-0.31372038,-0.04527374
10,99628500524112,0.8836912,-0.28144503,0.089374065
4,99628504401872,-0.39468047,-0.29827404,-0.07803062
10,99628512155727,0.95903814,-0.25002718,0.1668272
4,99628516933331,-0.35073832,-0.24101609,-0.15126756
10,99628520154164,1.1012182,-0.21097517,0.35988474
4,99628525143747,-0.3320962,-0.12463594,-0.21411815
10,99628532213227,0.96934927,-0.31869698,0.34513092
4,99628537023799,-0.3717773,0.013582122,-0.22610238
10,99628540565831,0.8457892,-0.45719337,0.5104842
4,99628544004841,-0.39041942,0.111852765,-0.20932446
10,99628550706091,0.60844004,-0.47981644,0.3924513
4,99628555538904,-0.33662358,0.14594123,-0.19680761
10,99628559184268,0.45054626,-0.64188814,0.35442305
4,99628563897081,-0.24900557,0.14407702,-0.19254655
10,99628571724112,0.501799,-0.80788183,0.298028
4,99628575956247,-0.094009586,0.11318435,-0.2130529
10,99628579290779,0.56798077,-0.8845053,0.30711126
2,99628584519008,-33.0,14.0,11.0
10,99628592191924,0.5952605,-0.83927155,0.17427969
4,99628596956299,0.24048345,0.077231675,-0.2559298
10,99628600492862,0.55623627,-0.67404604,0.08683586
4,99628604940362,0.28495824,0.08894958,-0.26631612
10,99628610824841,0.5184878,-0.34759426,0.2055564
4,99628615778956,0.2580603,0.12543489,-0.25646242
10,99628619391924,0.4067495,-0.05501175,0.34445238
4,99628622833799,0.1555286,0.16378441,-0.22104238
10,99628631418383,0.20394075,0.2651701,0.54551363
4,99628636293591,0.037284255,0.17656758,-0.17576863
10,99628639892758,-0.031802297,0.3803792,0.6820502
4,99628643137393,-0.059921127,0.1454086,-0.11957593
10,99628649967133,-0.16460037,0.148942,0.77832556
4,99628654830831,-0.10945592,0.0892159,-0.07243799
10,99628658051560,-0.12750888,-0.07421827,0.81440973
4,99628664020935,-0.07749799,0.006924219,-0.073236935
10,99628669498956,0.0074716806,-0.10482359,0.745543
4,99628673313331,0.019707393,-0.06231797,-0.10705908
10,99628677268383,0.09606063,-0.0042705536,0.63061905
4,99628682995154,0.11371698,-0.09454222,-0.118776985
10,99628691048851,0.11100197,0.09516716,0.42908525
4,99628696769529,0.16112125,-0.07590009,-0.08841695
10,99628700009997,0.09800148,0.0813117,0.4179268
4,99628700009997,0.17496969,-0.053263225,-0.056459017
4,99628704592549,0.18295917,-0.025832662,-0.018642128
10,99628710445154,0.14238203,0.074053764,0.38212252
4,99628715413383,0.18242654,0.016511599,0.059388492
10,99628718939476,0.008473039,-0.04156065,0.18064785
4,99628722946612,0.20453078,0.029294772,0.09267801
10,99628730676247,-0.08792257,0.03160286,0.1649952
4,99628735261508,0.3075951,0.004261058,0.070307456
4,99628738615258,0.3651194,-0.01571265,0.04447479
4,99628741702029,0.3651194,-0.01571265,0.04447479
4,99628750024424,0.3997405,-0.028229509,0.01438107
4,99628753961612,0.38083205,-0.032490566,-0.052464273
10,99628756440154,-0.034684896,-0.04861784,-0.024698257
2,99628761677185,-32.0,12.0,13.0
10,99628767752601,-0.13906348,0.05238962,0.005952835
4,99628773273799,0.15446335,0.008255799,-0.15313177
10,99628777624685,-0.31664336,0.14245844,0.014418602
4,99628781059112,0.095074855,0.013582122,-0.15126756
10,99628788954633,-0.39724696,0.11098623,0.006661415
4,99628793824997,-0.0561927,0.03568636,-0.10705908
10,99628798859060,-0.34804523,-0.03911543,0.114346504
4,99628802079529,-0.07057377,0.04181163,-0.112119086
11,99628808694581,-0.378274,0.123362,-0.505617,0.765533,0.0
4,99628812636508,-0.021571605,0.052464273,-0.14567491
10,99628816758643,-0.29760206,-0.006634712,0.28135347
4,99628820915674,0.0026631611,0.06098639,-0.16112125
10,99628828468799,-0.36785078,0.032113075,0.3000965
4,99628833561404,0.029028457,0.06870956,-0.17417073
10,99628838644424,-0.5427128,0.24009085,0.36326265
4,99628841861976,0.03781689,0.048203215,-0.15659387
10,99628848238903,-0.5952712,0.37258434,0.40353584
4,99628853086976,0.046339005,0.016245283,-0.11930962
10,99628858129008,-0.54499245,0.42834187,0.2881112
4,99628862978278,0.050866377,0.006657903,-0.101999074
10,99628867886247,-0.3994428,0.45292616,0.23025179
4,99628871677862,0.050866377,0.007456851,-0.06897587
10,99628875876560,-0.30122173,0.3702674,0.18233109
4,99628880262914,0.030626353,0.05752428,-0.02743056
10,99628887821403,-0.2867788,0.3401494,0.17125607
4,99628892605414,0.0018642128,0.17816548,0.043409526
10,99628897238695,-0.4308982,0.3048005,0.42535448
4,99628900486872,0.008255799,0.21198763,0.072171666
10,99628907641872,-0.5356724,0.19700193,0.4460225
4,99628912390570,0.033289514,0.23808661,0.14168017
10,99628917019008,-0.7727771,0.0013594627,0.48895168
4,99628920256664,0.06098639,0.22264028,0.19920446
10,99628926275622,-0.75643516,0.02525425,0.47499657
4,99628930164789,0.11052119,0.17869811,0.21917816
2,99628945006716,-34.0,8.0,15.0
4,99628947904008,0.14407702,0.10519487,0.19627498
4,99628956946456,0.13741912,0.09880328,0.1949434
4,99628960056664,0.12463594,0.10626013,0.19947077
10,99628964186508,-0.4635923,0.4455886,-0.12829399
4,99628964186508,0.10626013,0.11531488,0.20719394
4,99628970051508,0.083090626,0.12144015,0.21678132
10,99628975602914,-0.4474336,0.52939796,-0.21563292
4,99628978832758,0.03089267,0.15153387,0.23755397
10,99628983843591,-0.5089505,0.54273367,-0.22341633
4,99628989405883,-0.021038974,0.17044231,0.23702134
10,99628996802966,-0.6033623,0.5405879,-0.22574711
4,99629000046456,-0.049801115,0.14647387,0.2034655
10,99629005029945,-0.67355406,0.5001893,-0.23933077
4,99629009194008,-0.053263225,0.09773801,0.1419465
10,99629016373070,-0.68293613,0.25398493,-0.10039616
4,99629019505101,-0.06657903,0.051665325,0.073236935
10,99629023405831,-0.6473022,-0.09287691,0.16241503
4,99629029004997,-0.082025364,0.010386328,0.019973708
10,99629035001872,-0.632455,-0.28663635,0.4385972
4,99629038227341,-0.06391586,-0.03834952,-0.009054748
10,99629043185987,-0.67054135,-0.33376074,0.6543031
4,99629049730049,-0.01917476,-0.09347696,-0.00958738
10,99629056118174,-0.6650105,-0.23597574,0.7070055
4,99629059368018,0.017044231,-0.13582122,0.007190535
10,99629064491143,-0.54104483,-0.05728054,0.55893326
4,99629069277341,0.018908445,-0.16644756,0.020772656
10,99629075836247,-0.35087144,0.07029343,0.4754076
4,99629079064216,0.004261058,-0.16777915,0.033822145
10,99629084183278,-0.17419446,0.19133425,0.3737569
4,99629088972549,-0.023702133,-0.1438107,0.054594804
10,99629095677237,-0.11056876,0.17161894,0.19081545
4,99629098915101,-0.047404267,-0.10466223,0.0892159
10,99629104080987,-0.05480385,0.15669727,0.17215252
4,99629108910570,-0.03914847,-0.061252706,0.11451593
10,99629115451664,-0.023054242,0.19914293,0.25282717
2,99629118708226,-34.0,8.0,17.0
10,99629122903278,-0.014194131,0.404037,0.31368685
4,99629129076195,0.012250541,-0.051931642,0.080960095
10,99629135349164,-0.063933015,0.46003342,0.3815031
4,99629138584945,-0.017576864,-0.040213734,0.083889574
10,99629143447601,-0.16277504,0.2974925,0.38136196
4,99629148203226,-0.088150635,-0.008788432,0.12197278
10,99629154375362,-0.23033321,0.044780254,0.48390722
4,99629157619893,-0.108124346,0.011984225,0.1536644
10,99629163278383,-0.32615244,-0.13673592,0.47454166
4,99629167827185,-0.059388492,0.0015978967,0.16804546
10,99629173361508,-0.4102689,-0.33368826,0.46123743
4,99629176612237,-0.0314253,-0.01571265,0.16724652
10,99629183055622,-0.29223883,-0.30062723,0.5350952
4,99629187883695,0.079095885,-0.098004326,0.09640643
10,99629193842028,-0.21557474,-0.03050375,0.5436058
4,99629197085101,0.1123854,-0.1488707,0.03834952
10,99629202877497,-0.17877066,0.22741413,0.40537834
4,99629207649268,0.06737798,-0.16218652,0.012516857
10,99629214837289,-0.15135765,0.34754515,0.30285883
4,99629218071976,-0.022903185,-0.13528858,0.03195793
10,99629222603174,-0.117504,0.18913603,0.32139778
4,99629227496508,-0.09321064,-0.088150635,0.081226416
10,99629234466716,-0.07532799,-0.072071075,0.30532646
4,99629237707549,-0.08149273,-0.058056913,0.105993815
10,99629242541091,-0.09267652,-0.19019604,0.30669785
4,99629247332133,-0.04527374,-0.05672533,0.10226539
10,99629254316716,-0.12222397,-0.21416473,0.20107603
4,99629257559476,0.082558,-0.10945592,0.035952676
10,99629262255726,-0.06456447,-0.101569176,0.20695496
4,99629267032185,0.11638014,-0.13156016,0.00479369
10,99629272700622,0.018415928,0.050903797,0.09173298
4,99629275801612,0.1355549,-0.16538231,-0.050866377
10,99629281943018,0.021531105,0.15143538,0.07437992
4,99629286721247,0.09720538,-0.16884442,-0.07057377
10,99629293862757,0.038592696,0.2650318,0.015257835
2,99629297119945,-32.0,11.0,17.0
10,99629301466820,0.104194164,0.13037539,-0.07962036
4,99629306266976,-0.034621093,-0.10705908,-0.019707393
10,99629313675362,0.1383183,0.06273842,-0.077305794
4,99629316888799,-0.050333746,-0.04527374,-0.007456851
10,99629321586143,0.25421298,-0.035371304,0.008802891
4,99629326385987,-0.03355583,-0.030626353,-0.016245283
10,99629333451247,0.19962668,-0.035619736,0.019872665
4,99629336691976,0.010918961,0.0013315806,-0.05006743
10,99629341320674,0.094780564,0.1407423,0.054243565
4,99629346101560,0.0127831735,0.009853696,-0.05486112
10,99629353203903,0.008145452,0.1872263,0.042158604
4,99629356456039,-0.0053263223,0.019973708,-0.048203215
10,99629361144632,-0.08128393,0.19916773,0.11956644
4,99629366051664,-0.02130529,0.03089267,-0.018908445
10,99629371535362,-0.07666755,0.15290165,0.12845612
4,99629374645726,-0.020240024,0.041279,0.009054748
10,99629380863174,-0.07424021,0.051792145,0.18239594
4,99629385707028,0.004527374,0.05539375,0.023702133
10,99629392745882,-0.09600353,0.0043992996,0.12667274
4,99629395989737,0.033289514,0.068176925,0.025566347
10,99629400711924,-0.124298215,-0.006295681,0.097869396
4,99629405572757,0.05352954,0.06977482,0.01438107
10,99629412511091,-0.15112936,0.074370384,0.12710857
4,99629415748643,0.061519023,0.05539375,-5.326322E-4
10,99629420491091,-0.16318655,0.12599993,0.0894866
4,99629425753591,0.045540057,0.049801115,-0.010918961
10,99629432408851,-0.17119741,0.1574521,0.06542921
4,99629435650674,0.011185277,0.046072688,-0.01304949
10,99629440166455,-0.19792116,0.072025776,0.04176569
4,99629445076403,-0.021837922,0.06711166,-0.0039947415
10,99629452075362,-0.16975057,-0.02575922,0.079463005
4,99629455289476,-0.025566347,0.09134643,0.0015978967
10,99629460051143,-0.19898403,-0.057578087,0.26388407
4,99629464904945,0.013582122,0.09827065,-0.009321064
10,99629470426455,-0.32847834,-0.062959194,0.29028177
2,99629473549528,-33.0,11.0,19.0
10,99629479669997,-0.4358257,-0.06739855,0.23663187
4,99629484532653,0.026897928,0.054328486,-0.052464273
10,99629491610778,-0.42139924,0.04554987,0.16277647
4,99629494851455,0.013582122,0.016777916,-0.08974853
10,99629499610257,-0.36719787,0.09893131,0.14329672
4,99629504462653,-0.0039947415,-0.010386328,-0.11052119
10,99629511419580,-0.24947286,0.081694126,0.078038216
4,99629514667445,-0.018908445,-0.0055926386,-0.10839066
10,99629519382289,-0.13356364,0.041469574,0.080675125
4,99629524307966,-0.025832662,0.031158986,-0.09241169
10,99629530806091,-0.07157135,0.06858301,0.09470463
4,99629534134737,-0.02396845,0.07882957,-0.07882957
10,99629536938122,-0.11466694,0.1188612,0.14019442
4,99629544617966,-0.015446335,0.1123854,-0.059921127
10,99629552196872,-0.25077438,0.037136078,0.119478226
4,99629555452757,-0.025300032,0.12916331,-0.045540057
10,99629559894268,-0.24404442,0.0383811,0.11906242
4,99629564737341,-0.02396845,0.12436963,-0.059921127
10,99629569805153,-0.4183216,0.1290493,0.33530474
4,99629572898122,-0.009321064,0.100933805,-0.07749799
10,99629576901820,-0.4733882,0.17453909,0.33769894
4,99629584168018,-0.010120012,0.07483483,-0.083090626
10,99629591747862,-0.50005436,0.17192173,0.3506751
4,99629595010674,-0.021038974,0.05566007,-0.07643273
10,99629599430049,-0.49947703,0.17099428,0.3495841
4,99629604324372,-0.02130529,0.04527374,-0.06897587
10,99629610601507,-0.5012721,0.2565055,0.4229622
4,99629613812393,-0.02609898,0.03568636,-0.056459017
10,99629616809945,-0.5419736,0.2541113,0.3894434
4,99629623888122,-0.04660532,0.027963191,-0.043675844
10,99629631457080,-0.57021964,0.26988697,0.41172647
4,99629634713226,-0.050866377,0.02743056,-0.034621093
10,99629639199112,-0.56761265,0.27181578,0.41305017
4,99629644094268,-0.053795855,0.006657903,-0.02743056
10,99629650414528,-0.64728975,0.1957097,0.42277718
2,99629653644476,-34.0,6.0,19.0
10,99629655718851,-0.59701145,0.12627792,0.40601778
4,99629663660466,-0.05672533,-0.03435478,-0.025566347
10,99629669993851,-0.5125439,0.02990055,0.4155717
4,99629674243643,-0.04580637,-0.030626353,-0.03222425
10,99629676321664,-0.5149381,0.0035643578,0.49218607
4,99629683054007,-0.038083203,-0.03568636,-0.0479369
10,99629689146976,-0.5454763,0.118011475,0.45150614
4,99629692390414,-0.0314253,-0.051931642,-0.057257965
10,99629697641195,-0.5772674,0.11675024,0.44863653
4,99629702423591,-0.0396811,-0.060720075,-0.058056913
10,99629708733643,-0.532007,0.19438982,0.37910843
4,99629711963434,-0.0644485,-0.066312715,-0.06391586
10,99629717217601,-0.4858322,0.3135581,0.31319618
4,99629722154268,-0.06578008,-0.064182185,-0.06471482
10,99629728358278,-0.5214324,0.33503103,0.29096556
4,99629731590257,-0.08468852,-0.049002163,-0.038615838
10,99629736991091,-0.4912206,0.3313532,0.279253
4,99629741758747,-0.08442221,-0.039947417,-0.027963191
10,99629748147132,-0.49925375,0.30217552,0.31087542
4,99629751391247,-0.070307456,-0.025300032,-0.0127831735
10,99629756768643,-0.49536633,0.3085513,0.29845476
4,99629761603591,-0.061252706,-0.029827405,-0.011185277
10,99629766539059,-0.4913137,0.39511728,0.3278389
4,99629769932445,-0.039414786,-0.037284255,-0.016511599
10,99629776246091,-0.518973,0.3754239,0.27262545
4,99629780518747,-0.03781689,-0.059921127,-0.006924219
10,99629787866247,-0.49039316,0.36741734,0.22701836
4,99629791104789,-0.04474111,-0.06764429,-0.0026631611
10,99629796360049,-0.39571,0.41023302,0.119953156
4,99629801177393,-0.053795855,-0.082558,-0.005060006
10,99629807457809,-0.38151646,0.40834284,0.08831215
4,99629810695049,-0.06950851,-0.09720538,-0.005060006
10,99629816120101,-0.2521646,0.3503604,0.02991581
4,99629820921872,-0.07563378,-0.103863284,-0.005060006
10,99629827254216,-0.10548961,0.29574585,-0.03655243
2,99629830479893,-34.0,7.0,18.0
10,99629835927132,0.013091803,0.31561708,-0.14296818
4,99629840693955,-0.07163903,-0.10626013,-0.010120012
10,99629847038643,0.1565162,0.3570156,-0.28728485
4,99629850277549,-0.068176925,-0.087085366,-0.009054748
10,99629856146143,0.31840706,0.3359723,-0.32623196
4,99629860907757,-0.09187906,-0.050600063,0.002396845
10,99629865903070,0.4247886,0.204422,-0.3683405
4,99629869009372,-0.099069595,5.326322E-4,0.02263687
10,99629874656976,0.51353145,0.08406639,-0.36903906
4,99629880510882,-0.087618,0.052996907,0.04580637
10,99629886651768,0.51190794,-0.03379202,-0.3207717
4,99629889861924,-0.07350325,0.095074855,0.056459017
10,99629895619997,0.49297333,-0.0280509,-0.26259947
4,99629900439424,-0.05139901,0.116912775,0.05139901
10,99629906563018,0.3976022,-0.061890602,-0.22320747
4,99629909797757,-0.052464273,0.1272991,0.039414786
10,99629915408382,0.33641374,-0.098293304,-0.2631688
4,99629920197080,-0.07669904,0.13369069,0.02263687
10,99629926269736,0.30610025,-0.17935705,-0.14174032
4,99629929484893,-0.1073254,0.14913702,0.010120012
10,99629935185518,0.2811222,-0.3425393,0.036408424
4,99629939971038,-0.13448964,0.16911073,0.010652645
10,99629946068695,0.17936003,-0.47724438,0.11812639
4,99629949317028,-0.13662016,0.19148129,0.013582122
10,99629954959997,0.051897407,-0.5516257,0.29535007
4,99629959777653,-0.100933805,0.19254655,0.0061252704
10,99629964659476,-0.10985005,-0.58249426,0.38150406
4,99629967764841,-0.06764429,0.17710021,-0.025300032
10,99629974478174,-0.20154572,-0.52792215,0.42645025
4,99629979308799,-0.05566007,0.14301175,-0.06657903
10,99629985439424,-0.2875389,-0.49483395,0.52978134
4,99629988651299,-0.05352954,0.11105382,-0.10066749
10,99629994492861,-0.33726716,-0.44143963,0.573092
4,99629999282497,-0.06391586,0.08735169,-0.11318435
10,99630005418903,-0.43710423,-0.40952873,0.5883074
2,99630008687913,-37.0,5.0,19.0
10,99630014365830,-0.49678206,-0.39156723,0.5921502
4,99630019133903,-0.07483483,0.076965354,-0.10759171
10,99630025248122,-0.4843253,-0.43540907,0.63710403
4,99630028464476,-0.06098639,0.06870956,-0.11265171
10,99630032945361,-0.5436133,-0.45617867,0.71461296
4,99630038670674,-0.042077947,0.04873585,-0.12330436
10,99630045014736,-0.6279235,-0.3664441,0.79739714
4,99630048252653,-0.02130529,0.020240024,-0.14594123
10,99630053836299,-0.70065737,-0.16400099,0.7516136
4,99630058595257,-0.0037284256,-0.021571605,-0.1603223
10,99630063539059,-0.73869085,-0.028239727,0.7404766
4,99630066630153,-0.0034621095,-0.05912218,-0.16618125
10,99630073290778,-0.7060778,0.07077217,0.7102308
4,99630078150830,-0.012516857,-0.086020105,-0.16644756
10,99630084353851,-0.62613523,0.20073128,0.7189007
4,99630087569997,-0.0127831735,-0.08894958,-0.16458336
10,99630093400413,-0.58054256,0.23229074,0.77544355
4,99630098216768,-0.009054748,-0.080960095,-0.1488707
10,99630104303434,-0.5862814,0.25415277,0.7621074
4,99630107534216,-0.008788432,-0.07163903,-0.1222391
10,99630113178278,-0.6254144,0.30035114,0.7413597
4,99630118003226,0.0077231675,-0.073236935,-0.10013486
10,99630124069528,-0.6504581,0.33397245,0.755301
4,99630127279945,0.03435478,-0.080960095,-0.08149273
10,99630132958018,-0.6792495,0.37832975,0.7006216
4,99630137782497,0.05219796,-0.08948222,-0.06338324
10,99630143876195,-0.62409484,0.43114138,0.6614628
4,99630147086455,0.056459017,-0.09986854,-0.047404267
10,99630152735726,-0.6071993,0.52213955,0.54796124
4,99630157526820,0.07137272,-0.104928546,-0.03542004
10,99630162419163,-0.5901164,0.6002674,0.5507841
4,99630165580153,0.07829694,-0.10466223,-0.024501082
10,99630171915153,-0.5838064,0.5519748,0.5490136
4,99630176956559,0.06711166,-0.10333065,0.002130529
10,99630183235830,-0.47078753,0.4642334,0.49554682
2,99630186498643,-35.0,3.0,17.0
11,99630191893226,-0.379928,0.139057,-0.52012,0.752191,0.0
4,99630197119320,0.070307456,-0.09773801,0.02396845
10,99630203178486,-0.472288,0.39046335,0.36531448
4,99630206427601,0.09054748,-0.10626013,0.03169162
10,99630211666872,-0.35906756,0.3334403,0.28506374
4,99630216463226,0.11371698,-0.112119086,0.035952676
10,99630222793122,-0.3138728,0.31876087,0.25219393
4,99630226029320,0.12117383,-0.11132014,0.033289514
10,99630231436195,-0.18335176,0.31119013,0.07585335
4,99630236228747,0.11824436,-0.094808534,0.029827405
10,99630242580465,-0.15537512,0.33474207,0.074186325
4,99630245828018,0.11611383,-0.0727043,0.034621093
10,99630251213278,-0.09700012,0.37042952,0.03634262
4,99630256157965,0.10892329,-0.045007423,0.04926848
10,99630261123486,-0.031111717,0.37131023,0.04679537
4,99630264341768,0.09347696,-0.011717909,0.06711166
10,99630270781351,-0.002527237,0.3255353,0.048023224
4,99630275691351,0.08042747,0.027696876,0.07590009
10,99630282158226,-0.03227353,0.25749397,0.06190586
4,99630285370882,0.061252706,0.054062173,0.08442221
10,99630290759163,-0.16894996,0.19564772,0.07877445
4,99630295633382,0.054062173,0.059921127,0.08362326
10,99630301894007,-0.26421773,0.20761442,0.16686773
4,99630305134528,0.06977482,0.04926848,0.07563378
10,99630310535622,-0.34413493,0.1588583,0.22573996
4,99630315624788,0.06684534,0.014913702,0.057790596
10,99630321782653,-0.37040472,0.14790583,0.25639534
4,99630325025934,0.0628506,-0.025033714,0.033289514
10,99630330318330,-0.34378898,0.2251234,0.29984713
4,99630335165934,0.053795855,-0.0628506,0.01571265
10,99630341479840,-0.31880498,0.26705074,0.22533321
4,99630344732549,0.038615838,-0.087884314,0.013848438
10,99630350103330,-0.19364834,0.3476863,0.14720154
4,99630355012393,0.036218993,-0.090281166,0.023435818
10,99630359866403,-0.07066393,0.3834815,0.10322094
2,99630363265882,-30.0,8.0,15.0
10,99630369269320,0.016105175,0.33599997,0.025688648
4,99630374150361,0.026365295,-0.041279,0.057790596
10,99630381031924,0.04382932,0.33750105,0.04420042
4,99630384305778,0.016245283,-0.022104237,0.07882957
10,99630389659007,0.033473253,0.3159685,0.007853031
4,99630393634476,0.014647386,-0.004261058,0.09081379
10,99630401004163,0.029868484,0.34559536,0.07483721
4,99630404304424,-0.009054748,0.010918961,0.094808534
10,99630409472809,-0.022131443,0.2960286,-0.009621143
4,99630414452028,-0.03089267,0.021837922,0.105727494
10,99630420531820,-0.031820536,0.14560795,0.0010476112
4,99630423743382,-0.03834952,0.0314253,0.11451593
10,99630429218538,-0.009339333,-0.07807112,0.03638935
4,99630434071247,-0.018109497,0.03781689,0.105993815
10,99630440340934,0.005776167,-0.19370222,0.16060257
4,99630443556142,0.033822145,0.037550572,0.08282431
10,99630447445934,-0.056473136,-0.2918644,0.16299677
4,99630454785257,0.070307456,0.028495824,0.05006743
10,99630461137705,-0.051940084,-0.23637962,0.122514725
4,99630465642236,0.075101145,0.0053263223,0.010918961
10,99630470230517,-0.048793435,-0.0911746,0.0070648193
4,99630475083955,0.05006743,-0.012250541,-0.021571605
10,99630481187601,-0.053712606,0.012468338,-0.017329693
4,99630484527601,0.0015978967,-0.008255799,-0.03435478
10,99630489680882,-0.034350753,0.030378819,0.035378933
4,99630494522132,-0.043942157,0.020240024,-0.029827405
10,99630500601767,-0.014719367,0.012560368,0.082874775
4,99630503830101,-0.05965481,0.05539375,-0.020772656
10,99630506771195,-0.08893967,-0.111938,0.23131514
4,99630513863382,-0.056459017,0.07057377,-0.016777916
10,99630521759840,-0.23131323,-0.11275768,0.2627597
4,99630524986247,-0.03701794,0.048469532,-0.031158986
10,99630530116195,-0.23014748,-0.11081362,0.2644763
4,99630535073174,-0.020240024,-0.0026631611,-0.05566007
10,99630541153070,-0.41844177,0.035838127,0.25660133
2,99630544508017,-30.0,10.0,16.0
10,99630549750361,-0.42748284,0.03635311,0.2595873
4,99630554641403,-0.03195793,-0.08282431,-0.08362326
10,99630559529163,-0.29761052,0.19278002,0.14381313
4,99630562637132,-0.035952676,-0.07590009,-0.07989483
10,99630564942236,-0.22817862,0.22390461,0.11508274
4,99630573053903,-0.04181163,-0.054328486,-0.072970614
10,99630581140309,-0.26611757,0.24554157,0.10609722
4,99630583977028,-0.038083203,-0.036218993,-0.05965481
10,99630589602913,-0.2722938,0.24666643,0.10899353
4,99630594453330,-0.037550572,-0.029294772,-0.045007423
10,99630600526455,-0.2682029,0.34605265,0.12616777
4,99630603788747,-0.037284255,-0.03435478,-0.032490566
10,99630606736819,-0.2682029,0.34605265,0.12616777
4,99630611520309,-0.03222425,-0.02876214,-0.02609898
10,99630618942809,-0.18461943,0.31622696,0.061892033
4,99630622187080,-0.030626353,0.01571265,0.009321064
10,99630626844424,-0.17021656,0.3109746,0.038238525
4,99630631668538,-0.031158986,0.03914847,0.020506341
10,99630638705101,-0.16619611,0.29391146,0.080685616
4,99630641952705,-0.023169503,0.08522116,0.04261058
10,99630646513069,-0.1771884,0.22665739,0.13164616
4,99630652247653,-0.025300032,0.09427591,0.04314321
10,99630657725986,-0.21425128,0.21455956,0.18195868
4,99630660832028,-0.039414786,0.09720538,0.04261058
10,99630666518226,-0.25517666,0.0529871,0.19755602
10,99630677109997,-0.24146092,-3.4809113E-5,0.22850037
4,99630680178278,-0.03888215,0.08735169,0.025566347
10,99630685919372,-0.17184949,0.001057148,0.32113552
4,99630690703694,-0.0127831735,0.07882957,0.0029294773
10,99630697776872,-0.13080168,-0.0046281815,0.3452506
4,99630700858538,0.004261058,0.07137272,-0.013315806
10,99630705642757,-0.10612321,0.10067129,0.30604696
4,99630711050778,0.008788432,0.070307456,-0.025033714
10,99630717566663,-0.09000552,0.13995028,0.29927874
2,99630720678382,-30.0,9.0,17.0
10,99630725385413,-0.07632589,0.12897539,0.25663328
4,99630730843747,-0.008522116,0.09773801,-0.020772656
10,99630737326351,-0.04712534,0.18559265,0.2908826
4,99630740407184,-0.018642128,0.1107875,-0.019441076
10,99630745197184,-0.08363962,0.25460958,0.3491683
4,99630751219528,-0.017310547,0.11558119,-0.013848438
10,99630756679424,-0.20212805,0.18099928,0.23565722
4,99630759636090,-0.018642128,0.1107875,0.004527374
10,99630764977757,-0.23304725,0.10100031,0.24710989
4,99630769626872,0.0,0.11158645,0.010386328
10,99630776900882,-0.18716991,0.011017323,0.25092506
4,99630779995726,0.013582122,0.11638014,0.0015978967
10,99630784765309,-0.17725062,-0.022702694,0.2846141
4,99630789535257,0.03542004,0.122771725,-0.014647386
10,99630796668122,-0.24636889,0.011136055,0.33310795
4,99630799750049,0.03781689,0.11584751,-0.025832662
10,99630804542496,-0.29942966,0.05841875,0.33773994
4,99630809905361,0.020772656,0.09560748,-0.022370555
10,99630816065934,-0.3271886,0.11336708,0.3575287
4,99630819155674,0.0063915867,0.09454222,-0.0031957934
10,99630824318799,-0.3255577,-0.035310745,0.2957368
4,99630829724476,-0.01571265,0.11371698,0.029028457
10,99630835829007,-0.29449177,-0.227005,0.35066748
4,99630838912340,-0.014647386,0.1387507,0.038615838
10,99630844096871,-0.3481984,-0.22144985,0.3146124
4,99630850089528,0.03222425,0.13475595,0.009054748
10,99630855062861,-0.4598018,-0.13777208,0.39257574
4,99630858030517,0.06524745,0.08362326,-0.02876214
10,99630863886403,-0.5237956,-0.08862162,0.3318162
4,99630868514580,0.05486112,0.017044231,-0.064182185
10,99630874406351,-0.42799687,0.11460829,0.36480093
4,99630877751507,0.03009372,-0.023435818,-0.090014845
10,99630883165778,-0.3455069,0.19134331,0.37823534
4,99630889343121,-0.015978966,-0.024234766,-0.08016115
10,99630895599840,-0.31674075,0.19224977,0.25161362
2,99630898865517,-33.0,5.0,16.0
10,99630903721403,-0.24475384,0.13933468,0.29815292
4,99630908711976,-0.06391586,0.014647386,-0.028495824
10,99630915206194,-0.19386458,0.061813354,0.30507088
4,99630918466924,-0.018642128,0.016511599,-0.02876214
10,99630923611507,-0.19739759,0.07069683,0.27602005
4,99630928425726,0.033023197,0.0061252704,-0.041545313
10,99630934987444,-0.17619717,0.085559845,0.24362183
4,99630938241871,0.05885586,-0.0034621095,-0.050600063
10,99630943375621,-0.1899519,0.21960354,0.21571064
4,99630948168538,0.05139901,-0.0015978967,-0.049534798
10,99630953323799,-0.20396996,0.36279202,0.16108656
4,99630956576455,0.025566347,0.0055926386,-0.034621093
10,99630962010621,-0.22392583,0.40707254,0.1126709
4,99630968732444,-0.017576864,0.016777916,-0.0034621095
10,99630975014371,-0.16771567,0.35673046,0.0554595
4,99630978262913,-0.059921127,0.048203215,0.021837922
10,99630982762809,-0.15556908,0.3313856,0.07987738
4,99630987613955,-0.07084008,0.084155895,0.03488741
10,99630994319267,-0.19458735,0.22661781,0.10057449
4,99630997552444,-0.07856325,0.10173275,0.033023197
10,99631002744892,-0.24840176,0.21311378,0.18092489
4,99631007541767,-0.10146644,0.1041296,0.02743056
10,99631012693174,-0.29176605,0.04153967,0.08634806
4,99631017158903,-0.11265171,0.0974717,0.026365295
10,99631022188069,-0.27638197,0.0196352,0.11788845
4,99631026967444,-0.13209279,0.08175905,0.0018642128
10,99631032812705,-0.27968335,0.015016556,0.15049791
4,99631036070934,-0.12543489,0.08016115,-0.0055926386
10,99631042156976,-0.2697097,-0.14552975,0.13521099
4,99631046943694,-0.05539375,0.08442221,-7.9894834E-4
10,99631052213955,-0.20225537,-0.2898202,0.2461605
4,99631055458851,-0.028229509,0.090281166,-7.9894834E-4
10,99631061907444,-0.22255802,-0.28735113,0.23048401
4,99631066676298,0.021038974,0.10066749,-0.017310547
10,99631073428226,-0.31729865,-0.03539276,0.2773614
2,99631076668851,-34.0,4.0,17.0
10,99631081653278,-0.44160604,0.070593834,0.25495768
4,99631086477757,0.05352954,0.08894958,-0.047670584
10,99631093203278,-0.49212503,0.079163074,0.259796110,99631100039267,-0.45200396,0.04915142,0.25020885
4,99631105888746,0.006924219,0.05832323,-0.029028457
10,99631111634007,-0.36783957,0.05354929,0.24431849
4,99631115593382,0.008255799,0.05486112,-0.039947417
10,99631120968173,-0.3496698,0.04053545,0.2261095
4,99631125657496,0.019441076,0.05965481,-0.051665325
10,99631134052288,-0.33423018,0.09846735,0.22380972
4,99631137179267,0.025566347,0.06098639,-0.047137953
10,99631141233955,-0.3663169,0.2419548,0.19681072
4,99631145879528,0.030360037,0.06471482,-0.04181163
10,99631151448642,-0.32311928,0.23454618,0.14075279
4,99631154411298,0.03222425,0.07536746,-0.017310547
10,99631160534996,-0.28525007,0.16051626,0.18524885
4,99631165222601,0.036751624,0.09773801,0.0029294773
10,99631172439111,-0.1875391,0.0982337,0.20736837
4,99631175532028,0.042077947,0.11744541,0.009054748
10,99631180311351,-0.19591057,0.11195278,0.24521446
4,99631185059944,0.05912218,0.14088123,0.010120012
10,99631191718746,-0.21224284,0.16745806,0.25018692
4,99631195005934,0.075101145,0.14620754,0.013582122
10,99631200088069,-0.21861064,0.15981865,0.24458265
4,99631204870205,0.080960095,0.15259913,0.023702133
4,99631212054736,0.084155895,0.15819177,0.028495824
4,99631215142601,0.088150635,0.16538231,0.03169162
10,99631219859267,-0.13035011,0.16298437,0.23921299
4,99631224551923,0.08548747,0.18722023,0.025033714
10,99631231790517,-0.098131776,0.19525814,0.24662256
4,99631234879996,0.08229168,0.19920446,0.014647386
10,99631239645986,-0.1441276,0.21032238,0.30848122
4,99631245577288,0.094808534,0.19973709,0.019973708
10,99631250963173,-0.19934285,0.20581007,0.3028431
2,99631254027861,-34.0,2.0,16.0
10,99631259611559,-0.17184055,0.21783257,0.29247522
4,99631264324163,0.09321064,0.18162759,0.008788432
10,99631271341767,-0.1340164,0.1631856,0.2996688
4,99631274435569,0.075101145,0.175236,-0.0018642128
10,99631279200465,-0.14428473,0.1339593,0.35873556
4,99631283917913,0.06231797,0.1685781,0.0063915867
10,99631291084736,-0.20158005,0.029191017,0.40200043
4,99631294240882,0.05965481,0.16458336,0.021837922
10,99631298644892,-0.21999526,0.029358387,0.41362143
4,99631303468121,0.07350325,0.15313177,0.020240024
10,99631311199684,-0.24428093,0.028804779,0.44871616
4,99631314610673,0.08575379,0.12863068,0.01571265
10,99631319084528,-0.25426054,-0.015193462,0.44332123
4,99631323929788,0.076166406,0.10066749,0.0055926386
10,99631330954423,-0.2050786,0.012747765,0.45069027
4,99631334225778,0.073236935,0.07137272,-0.015978966
10,99631338821663,-0.18571627,0.05734396,0.40844536
4,99631343707028,0.06364955,0.05219796,-0.030360037
10,99631349263538,-0.18951142,0.09096813,0.33404732
4,99631352364944,0.05006743,0.050600063,-0.025033714
10,99631357104788,-0.2038871,0.03591585,0.26223516
4,99631364194996,0.026897928,0.041279,-0.016511599
10,99631372128590,-0.19413102,0.024529934,0.27178478
4,99631375393486,0.022903185,0.030626353,-0.02396845
10,99631379820778,-0.19402099,0.023640633,0.27086544
4,99631384670569,0.016511599,0.013315806,-0.03435478
10,99631391332340,-0.27014148,-0.06527996,0.18952703
4,99631394602705,0.0061252704,-0.00479369,-0.048203215
10,99631399081767,-0.24321389,-0.048508167,0.19522715
4,99631404015257,-5.326322E-4,-0.018908445,-0.0644485
10,99631410756142,-0.2376312,-0.036332607,0.18243504
4,99631414075517,-0.0034621095,-0.028495824,-0.077231675
10,99631418494944,-0.2167263,-0.08145428,0.1701355
4,99631423430309,-0.0063915867,-0.027963191,-0.087618
10,99631430093538,-0.17297328,-0.017020226,0.1814332
2,99631433360517,-35.0,1.0,16.0
10,99631435418069,-0.12989521,0.014121532,0.12398577
4,99631443644215,-0.0077231675,-0.013848438,-0.12170646
10,99631449983486,-0.12890959,0.094587326,0.079660416
4,99631454492809,-0.0013315806,0.0029294773,-0.120907515
10,99631458115205,-0.13267374,0.122499466,0.056777
4,99631462937913,-0.0018642128,0.024767399,-0.10626013
10,99631469210205,-0.11988664,0.08418608,-0.0064558983
4,99631472458330,-0.004527374,0.045007423,-0.0958738
11,99631475364892,-0.358453,0.157311,-0.541959,0.743669,0.0
4,99631481378746,0.0010652645,0.056459017,-0.09960223
10,99631488681923,-0.097800374,0.09477806,0.07078028
4,99631491824163,0.013848438,0.05566007,-0.10945592
10,99631494495048,-0.12893593,0.11634016,0.09234238
4,99631501197496,0.029028457,0.06018744,-0.10972224
10,99631506950569,-0.052802682,0.14058924,0.06508064
4,99631510366507,0.03568636,0.06231797,-0.105993815
10,99631517250725,-0.036569595,0.12520409,0.10351467
4,99631522027288,0.03888215,0.09773801,-0.08628642
10,99631528142027,-0.07577753,0.095413685,0.105546474
4,99631531385673,0.031158986,0.12596752,-0.07190535
10,99631536745569,-0.13304412,0.1424737,0.14534473
4,99631541491559,0.025033714,0.13129385,-0.06977482
10,99631546450205,-0.23269844,0.15146828,0.24933481
4,99631549899111,0.02263687,0.12596752,-0.07057377
10,99631556170725,-0.2455982,0.14154291,0.2552662
4,99631560955934,0.026631612,0.10279802,-0.07190535
10,99631567702861,-0.15498745,0.12902832,0.25424337
4,99631570952705,0.032756884,0.08841695,-0.082025364
10,99631576307548,-0.13834,0.14695692,0.24822807
4,99631581040986,0.02956109,0.07669904,-0.08948222
10,99631587481142,-0.12808049,0.1978674,0.2827325
4,99631590722080,0.03009372,0.07483483,-0.092944324
10,99631596085621,-0.19229889,0.36305475,0.40523815
4,99631600853382,0.033822145,0.08335695,-0.07962852
10,99631607255361,-0.21921909,0.31745768,0.3262334
2,99631610513330,-35.0,-3.0,16.0
10,99631615983330,-0.2599734,0.23724079,0.44899464
4,99631620739111,0.006924219,0.09960223,-0.03222425
10,99631625598850,-0.31950784,0.21059847,0.5265479
4,99631630235934,0.011185277,0.101200126,-0.021571605
10,99631635629840,-0.43203712,0.06298113,0.47070217
4,99631640388538,0.010918961,0.08974853,-0.009054748
10,99631645344267,-0.46238494,-0.048133373,0.4966917
4,99631648795725,0.02263687,0.063116916,-0.011185277
10,99631655089007,-0.44635558,-0.047290325,0.5009041
4,99631659872392,0.052996907,0.029827405,-0.024767399
10,99631666555413,-0.39810717,-0.009997845,0.43225622
4,99631669794996,0.07456851,5.326322E-4,-0.042876896
10,99631675195986,-0.31579804,0.044763565,0.28384304
4,99631679986402,0.07803062,-0.011984225,-0.050600063
10,99631686326507,-0.23633683,0.14157915,0.23797798
4,99631689577236,0.082558,0.005060006,-0.033023197
10,99631694987027,-0.19637585,0.17082453,0.32541704
4,99631699761507,0.09880328,0.048469532,0.011984225
10,99631706115257,-0.27024198,0.1656785,0.47056055
4,99631709330257,0.13821806,0.07962852,0.07882957
10,99631714762652,-0.4504676,0.05184126,0.50757074
4,99631719542288,0.16964336,0.10146644,0.1371528
10,99631725929059,-0.5493875,-0.010977745,0.627666
4,99631729163902,0.20932446,0.08175905,0.1470065
10,99631734540725,-0.5539717,0.0839324,0.64925385
4,99631739321507,0.23728766,0.039947417,0.11664646
10,99631744252965,-0.54638535,0.24284983,0.52051115
4,99631747682600,0.22743396,-0.007456851,0.06684534
10,99631754018954,-0.45289254,0.52493715,0.37537956
4,99631758791246,0.20639499,-0.03488741,0.029028457
10,99631765453746,-0.39930654,0.7358928,0.10782814
4,99631768699423,0.14727281,-0.03222425,0.046072688
10,99631774577444,-0.37270284,0.69306135,-0.17406416
4,99631779352704,0.06737798,0.014647386,0.09960223
10,99631785447704,-0.2075913,0.5659995,-0.18937445
2,99631788709996,-35.0,-7.0,17.0
10,99631794358902,-0.23699725,0.27851152,-0.041508198
4,99631799215257,0.04580637,0.14647387,0.18642128
10,99631805323173,-0.389179,0.027757645,0.1628604
4,99631808537236,0.08335695,0.15100123,0.2000034
10,99631814049527,-0.5870008,-0.047606945,0.22582674
4,99631818821663,0.14247912,0.11824436,0.17097494
10,99631824909423,-0.6411931,-0.16034365,0.2689128
4,99631828156767,0.14780544,0.052996907,0.11584751
10,99631833804319,-0.6335811,-0.11996269,0.31353807
4,99631838582600,0.133957,-0.007989483,0.056991648
10,99631843489632,-0.52991027,-0.13202906,0.23089266
4,99631846612184,0.094808534,-0.051665325,0.025566347
10,99631853603538,-0.4332217,-0.16360521,0.19939089
4,99631858382392,0.046072688,-0.055926383,0.016245283
10,99631864473798,-0.24440205,-0.065693855,0.15428925
4,99631867688486,0.0053263223,-0.041279,-0.0053263223
10,99631873424319,-0.22391307,0.080387115,0.075963974
4,99631878196975,-0.035952676,-0.031158986,-0.03089267
10,99631884258225,-0.32584846,0.25734282,-0.057724
4,99631887509007,-0.079095885,-0.05352954,-0.05139901
10,99631893157861,-0.44133443,0.43514824,-0.3029375
4,99631897926194,-0.09161274,-0.08016115,-0.06471482
10,99631903991506,-0.37826753,0.21981001,-0.26316023
4,99631907222444,-0.09427591,-0.06258429,-0.051931642
10,99631912913069,-0.18624973,-0.0722661,0.13572216
4,99631917690204,-0.04234426,-0.033822145,-0.057257965
10,99631923787965,-0.23313046,0.052395344,0.52961636
4,99631927037861,0.019973708,-0.03701794,-0.066046394
10,99631932711246,-0.631035,0.27111673,0.7442689
4,99631937490256,0.011717909,-0.079095885,-0.037550572
10,99631942385413,-0.94118375,0.2999859,0.7975335
4,99631945558798,-0.0127831735,-0.113983296,-0.009054748
10,99631952486142,-0.91748536,0.27265358,0.88328075
4,99631957306923,-0.07536746,-0.2314287,0.040746365
10,99631963373642,-0.6575997,0.20350885,0.861125
2,99631966612548,-36.0,-7.0,19.0
10,99631972368069,-0.5253923,0.09355211,0.8447528
4,99631977132288,0.0013315806,-0.2862898,0.0396811
10,99631983193173,-0.4144094,0.12235832,0.60378456
4,99631986440413,0.050866377,-0.2615224,0.07536746
10,99631992031454,-0.3345734,0.18389988,0.46945477
4,99631996868642,0.054062173,-0.22024342,0.11611383
10,99632002965413,-0.29057539,0.30027008,0.27168703
4,99632006201350,0.029294772,-0.19201392,0.13741912
10,99632011820986,-0.29303932,0.46087837,0.24662638
4,99632016595986,0.01438107,-0.18375812,0.14301175
10,99632022688746,-0.33870816,0.50198936,0.1445961
4,99632025909475,-0.039947417,-0.16990969,0.14780544
10,99632032167288,-0.3190056,0.4764614,0.114513874
4,99632036999944,-0.072970614,-0.1669802,0.14753912
10,99632041940048,-0.2896675,0.2559924,0.052140713
4,99632045050621,-0.08655274,-0.16458336,0.1486044
10,99632051427236,-0.3073007,0.10556698,0.05713463
4,99632056200309,-0.08575379,-0.14594123,0.14594123
10,99632062295725,-0.31171882,-0.1315155,0.047086716
4,99632065547861,-0.03435478,-0.12623383,0.1257012
10,99632071139736,-0.3616271,-0.16215229,0.08323145
4,99632076028173,0.012250541,-0.123836994,0.091080114
10,99632082122340,-0.3357967,-0.13161802,0.078384876
4,99632085372704,0.013582122,-0.14168017,0.04527374
10,99632090530569,-0.23603237,0.019907951,0.19083881
4,99632095634527,-0.010652645,-0.1587244,0.011717909
10,99632101731506,-0.1946522,0.03460121,0.23173618
4,99632104959579,-0.047404267,-0.16138756,0.015978966
10,99632110290256,-0.13780951,-0.105167866,0.103497505
4,99632115196871,-0.07243799,-0.11771172,0.051132694
10,99632121453329,-0.07284641,-0.28093338,0.050537586
4,99632124700517,-0.06364955,-0.051132694,0.07536746
10,99632130122183,-0.05457568,-0.35778427,0.18387794
4,99632134971663,-0.012250541,-0.007190535,0.068176925
10,99632139892131,-0.17032194,-0.26952648,0.23533535
2,99632143241975,-34.0,-2.0,20.0
10,99632149297340,-0.31100583,-0.06898165,0.2347188
4,99632154133329,0.06737798,-0.059921127,7.9894834E-4
10,99632160994006,-0.2905488,0.14433527,0.20039654
4,99632164296194,0.035153728,-0.11584751,-0.025033714
10,99632169633017,-0.14986837,0.30441713,0.13098288
4,99632174532600,-0.018109497,-0.11744541,-0.033023197
10,99632180769840,0.014793038,0.33235455,0.14480448
4,99632184075048,-0.07483483,-0.06364955,0.0053263223
10,99632189410048,0.06987214,0.20492649,0.07091951
4,99632194377392,-0.096939065,0.0053263223,0.057257965
10,99632200533850,-0.04534352,0.14123964,0.015645027
4,99632203768590,-0.063116916,0.045540057,0.086020105
10,99632209157652,-0.1635859,0.090937614,0.1357646
4,99632214265517,0.010386328,0.04314321,0.07456851
10,99632220375517,-0.19057178,0.08906269,0.3551917
4,99632223609736,0.07536746,0.0026631611,0.026365295
10,99632228963433,-0.26148367,0.2060113,0.50323915
4,99632233806454,0.09187906,-0.05752428,-0.007989483
10,99632239002236,-0.35936916,0.3107028,0.48458767
4,99632242137340,0.04873585,-0.10865697,-0.00479369
10,99632247326975,-0.36954427,0.37166786,0.37493658
4,99632253970829,-0.016777916,-0.12516858,0.019707393
10,99632260063642,-0.20549071,0.44675636,0.23152637
4,99632263309996,-0.057790596,-0.11744541,0.033023197
10,99632268545777,-0.12361252,0.39393282,0.14173508
4,99632273366090,-0.07643273,-0.08229168,0.044208474
10,99632279662236,-0.07434738,0.18965816,0.1271925
4,99632282914267,-0.07882957,-0.035952676,0.042876896
10,99632286743173,-0.119837284,0.060370922,0.23493195
4,99632293814631,-0.04580637,-0.024767399,0.021571605
10,99632301392236,-0.29191518,0.09454727,0.3718257
4,99632306149267,-0.0053263223,-0.054062173,-0.0034621095
10,99632310817600,-0.29492855,0.09369993,0.37165546
4,99632315738850,0.021038974,-0.09853696,-0.014647386
10,99632321860569,-0.30199206,0.0915432,0.3710904
2,99632324599423,-34.0,-2.0,20.0
10,99632329562496,-0.3119588,0.08959103,0.37137556
4,99632334453850,0.010918961,-0.1419465,-0.005060006
10,99632339347079,-0.21260238,0.21554852,0.20286417
4,99632342451142,-0.002396845,-0.11638014,0.0015978967
10,99632346294579,-0.11205232,0.32807827,0.11427832
4,99632353113902,-0.011717909,-0.076166406,0.019707393
10,99632360633642,-0.11984682,0.3339281,0.055880547
4,99632363961663,-0.022903185,-0.016511599,0.05486112
10,99632368947704,-0.11736727,0.3366332,0.057977676
4,99632373870985,-0.03355583,0.028229509,0.08575379
10,99632379991194,-0.12033975,0.34445763,0.064269066
4,99632383230048,-0.014114754,0.053263225,0.09720538
10,99632386061090,-0.09400356,0.33966923,0.08342266
4,99632392569475,0.016511599,0.07376956,0.10066749
10,99632400182079,-0.1404835,0.26255322,0.102262974
4,99632403433121,0.034621093,0.07962852,0.10945592
10,99632406271767,-0.1404835,0.26255322,0.102262974
4,99632412067756,0.039414786,0.08442221,0.11771172
10,99632418845308,-0.20691633,0.1261115,-0.0776391
4,99632422078746,0.028229509,0.082558,0.12170646
10,99632426612079,-0.15096974,0.03818226,-0.02951479
4,99632431452183,0.023435818,0.08442221,0.11984225
10,99632437022392,-0.112038136,-0.034337044,-0.016200542
4,99632440132235,0.019707393,0.08868326,0.116912775
10,99632446330100,-0.12075436,-0.063382626,0.011829853
4,99632451149319,0.015978966,0.09986854,0.11451593
10,99632458251090,-0.13606775,-0.12345219,0.1667471
4,99632461461194,-0.0015978967,0.10892329,0.10519487
10,99632466153642,-0.21751702,-0.13093615,0.29268646
4,99632470947600,-0.013582122,0.10918961,0.10013486
10,99632478031038,-0.33176363,-0.13544989,0.3616104
4,99632481241767,-0.04447479,0.07163903,0.07057377
10,99632485876506,-0.43012166,-0.0814023,0.45816755
4,99632490683173,-0.050600063,0.048469532,0.054328486
10,99632497809892,-0.43407762,-0.05326748,0.46974516
2,99632501064371,-34.0,3.0,19.0
10,99632504524840,-0.3629477,-0.10164833,0.4587717
4,99632511334996,-0.053795855,-0.059921127,-0.006657903
10,99632518055256,-0.3197583,-0.109556675,0.40816975
4,99632521350100,-0.06578008,-0.10146644,-0.038615838
10,99632525830100,-0.18354392,-0.20757532,0.29962587
4,99632530594423,-0.06524745,-0.103863284,-0.043942157
10,99632536096819,-0.15801609,-0.21184349,0.275877
4,99632539198902,-0.049534798,-0.09720538,-0.04181163
10,99632545206090,-0.09466314,-0.21714783,0.3110857
4,99632549979110,-0.027164243,-0.08229168,-0.03542004
10,99632557121558,-0.068523765,-0.087889194,0.29392242
4,99632560370985,-0.010918961,-0.066312715,-0.042077947
10,99632564988121,-0.13002455,0.010797024,0.22687054
4,99632569798537,-0.019707393,-0.04873585,-0.037550572
10,99632576912496,-0.15629053,-0.01189518,0.18651533
4,99632580161662,-0.043409526,-0.03834952,-0.03009372
10,99632584769267,-0.13107789,0.07225418,0.2264061
4,99632589531871,-0.04261058,-0.03435478,-0.037550572
10,99632596683433,-0.11779225,0.09207392,0.15648174
4,99632599909579,-0.020772656,-0.040746365,-0.04926848
10,99632604594579,-0.056117535,0.112782955,0.123784065
4,99632609364892,-0.0029294773,-0.04234426,-0.056991648
10,99632616454996,0.023150206,0.18187332,0.13503218
4,99632619694892,0.0077231675,-0.02743056,-0.059921127
10,99632624367235,0.04040277,0.18083286,0.05935335
4,99632629190465,-0.010386328,0.002396845,-0.060453758
10,99632634827965,0.032981515,0.2089591,0.10346365
4,99632637948329,-0.047670584,0.032490566,-0.057257965
10,99632644104058,-0.054883838,0.17952871,0.1515379
4,99632648883902,-0.05219796,0.038615838,-0.041012682
10,99632656018381,-0.13292527,0.15599632,0.23604774
4,99632659259892,-0.0314253,0.020240024,-0.029028457
10,99632663990777,-0.09148848,0.12645197,0.3409338
4,99632668829631,-0.010652645,-0.008522116,-0.043942157
10,99632675814215,-0.052870035,0.14097643,0.2415247
2,99632679045100,-34.0,3.0,20.0
10,99632682544683,-0.013022304,0.1503048,0.25502872
4,99632689238381,-0.047670584,-0.032756884,-0.08681905
10,99632695914215,-0.075332284,0.14956188,0.20136642
4,99632699139840,-0.046072688,-0.03089267,-0.070041135
10,99632703580100,-0.09602547,0.07759905,0.21515703
4,99632708352756,-0.045007423,-0.027963191,-0.053795855
10,99632715350517,-0.086505175,0.0061302185,0.21954203
4,99632718596923,-0.04181163,-0.03488741,-0.0561927
10,99632723425621,-0.09844613,0.0012931824,0.27858162
4,99632728197756,-0.035153728,-0.04926848,-0.07563378
10,99632733352079,-0.13371754,0.017647743,0.20599747
4,99632736562027,-0.03089267,-0.07989483,-0.08681905
10,99632743005933,-0.16676319,0.07413292,0.15738964
4,99632747907704,-0.02743056,-0.0958738,-0.08681905
10,99632754518746,-0.16090727,0.1375122,0.06343889
4,99632757760985,-0.041012682,-0.09773801,-0.07989483
10,99632762921402,-0.12202895,0.16817951,-0.003209591
4,99632767762600,-0.06364955,-0.08522116,-0.07137272
10,99632774295152,-0.094164014,0.1859045,0.015172482
4,99632777504319,-0.08042747,-0.05672533,-0.05832323
10,99632782703537,-0.17073333,0.10733223,0.02269888
4,99632787448798,-0.092145376,-0.03089267,-0.04447479
10,99632794085673,-0.22702348,0.03952408,0.10243368
4,99632797328850,-0.08894958,-0.030360037,-0.043942157
10,99632802452704,-0.27006614,0.05069065,0.13635874
4,99632807206558,-0.06844324,-0.051931642,-0.052464273
10,99632813848798,-0.23372793,0.04598236,0.16447687
4,99632817087183,-0.048469532,-0.06258429,-0.061252706
10,99632822210881,-0.23730755,0.011238575,0.14618063
4,99632827017339,-0.054328486,-0.051132694,-0.05912218
10,99632832207704,-0.18113959,-0.08070755,0.14256287
4,99632835445308,-0.061519023,-0.03542004,-0.054062173
10,99632841894371,-0.20811129,-0.15473032,0.18487787
4,99632846640100,-0.06524745,0.01917476,-0.039414786
10,99632853408329,-0.30032194,-0.14738035,0.2812128
2,99632856663902,-34.0,2.0,20.0
10,99632860241714,-0.4040928,-0.12903547,0.3447399
4,99632867058954,-0.033023197,0.03888215,-0.038615838
10,99632873309527,-0.445024,-0.099974155,0.33023357
4,99632876520985,-0.028229509,0.022903185,-0.04926848
10,99632881406402,-0.4397322,-0.10020113,0.30359697
4,99632886215256,-0.027963191,0.016245283,-0.0628506
10,99632892959423,-0.40745032,-0.065386295,0.38663387
4,99632896204631,-0.017576864,0.023169503,-0.07350325
10,99632901359944,-0.35464764,-0.052888393,0.40209246
4,99632906180777,-0.009853696,0.03009372,-0.07563378
10,99632912733433,-0.3561356,-0.029734612,0.44953775
4,99632915984214,-0.0029294773,0.05912218,-0.07483483
10,99632921116923,-0.37308264,0.09338808,0.39311218
4,99632926093589,5.326322E-4,0.06791061,-0.07829694
10,99632931157287,-0.4319569,0.17718124,0.46942568
4,99632934350048,-2.663161E-4,0.07989483,-0.088150635
10,99632940759579,-0.435835,0.20055962,0.47336245
4,99632945656350,-0.009054748,0.08548747,-0.10066749
10,99632952287444,-0.4522605,0.3672552,0.54653454
4,99632955529319,-0.015180019,0.07882957,-0.1307612
10,99632960647079,-0.47984886,0.40444422,0.54086685
4,99632965526871,-0.021571605,0.075101145,-0.13582122
10,99632972070621,-0.53935444,0.4191742,0.45789957
4,99632975315204,-0.049534798,0.05486112,-0.13768543
10,99632980452131,-0.5972583,0.24315548,0.33766937
4,99632985353485,-0.08468852,0.036751624,-0.11638014
10,99632991851350,-0.582523,0.122143745,0.39439344
4,99632995088225,-0.08042747,0.023169503,-0.08894958
10,99633000205256,-0.4793011,0.08007765,0.7742572
4,99633005085881,-0.0018642128,-0.002130529,-0.082558
10,99633011628902,-0.50701225,0.12742138,0.76257706
4,99633014870673,0.090281166,-0.037550572,-0.08175905
10,99633019994371,-0.5155103,0.327487,0.62399244
4,99633024801141,0.12809806,-0.06950851,-0.07669904
10,99633030021298,-0.52629876,0.42750406,0.5272026
2,99633033215204,-33.0,2.0,20.0
10,99633039644839,-0.4315269,0.5455475,0.36764908
4,99633044581402,0.10173275,-0.10652645,-0.043409526
10,99633052708850,-0.27696764,0.498868,0.22541189
4,99633055977027,0.0561927,-0.0743022,-2.663161E-4
10,99633060431662,-0.11247718,0.39318657,0.0857811
4,99633065257964,0.04261058,-0.052996907,0.014913702
10,99633071894162,-0.120040655,0.38106966,0.040830135
4,99633075108329,0.033289514,-0.0061252704,0.04926848
10,99633079528746,-0.16500914,0.31995964,0.026855469
4,99633084518746,0.032756884,0.027696876,0.08362326
10,99633091192131,-0.19339919,0.27927542,0.051313877
4,99633094491766,0.033023197,0.04447479,0.11105382
10,99633098976141,-0.17345119,0.1435852,0.0040016174
4,99633103882912,0.03781689,0.051931642,0.113983296
10,99633110906610,-0.23659563,0.0960331,-0.01758337
4,99633114177287,0.047137953,0.049002163,0.101999074
10,99633118801089,-0.2815416,0.14294577,-0.025855064
4,99633123644996,0.06924219,0.04660532,0.0974717
10,99633129257287,-0.29504788,0.14313269,0.014850616
4,99633132347183,0.068176925,0.059388492,0.10359697
10,99633138533589,-0.32340527,0.0893569,0.02748537
4,99633143378746,0.04261058,0.076965354,0.10759171
10,99633150459214,-0.3908087,0.04928112,0.024721146
4,99633153694891,0.009054748,0.07989483,0.09374327
10,99633158270308,-0.45644796,0.12271929,0.10452604
4,99633163122079,0.0037284256,0.06657903,0.068176925
10,99633170234058,-0.5150372,0.09359312,0.17098475
4,99633173445256,5.326322E-4,0.033822145,0.058056913
10,99633178242912,-0.49306548,-0.02123022,0.12378979
4,99633183231454,2.663161E-4,0.013848438,0.05219796
10,99633190005516,-0.3616284,-0.07928038,0.12452316
4,99633193249371,0.010652645,0.002396845,0.036218993
10,99633196104266,-0.24670672,0.009305,0.15564775
4,99633203458225,0.036218993,5.326322E-4,0.02130529
10,99633211420308,-0.25538552,0.15759802,0.12119913
2,99633214666246,-32.0,4.0,19.0
10,99633218012652,-0.25320446,0.15567923,0.118769646
4,99633222826037,0.009054748,0.01438107,0.047670584
10,99633228284214,-0.19422734,0.29017925,0.13025236
4,99633231407808,-0.02609898,0.026365295,0.071106404
10,99633235168798,-0.18464768,0.22075367,0.16616535
4,99633243002964,-0.046072688,0.03222425,0.09054748
10,99633250961454,-0.21724498,0.14801884,0.21917105
4,99633254343902,-0.042876896,0.031158986,0.10759171
10,99633258947808,-0.20769787,0.15310717,0.22207212
4,99633263884006,-0.02876214,0.016777916,0.10945592
10,99633270558902,-0.23520994,-0.05136442,0.29819632
4,99633273811193,-0.010918961,-0.0055926386,0.096939065
10,99633276947652,-0.2292391,-0.04918289,0.29901934
4,99633282616662,-0.0015978967,-0.026365295,0.07803062
10,99633289322964,-0.26454628,0.11404133,0.35621643
4,99633292571871,0.0015978967,-0.047670584,0.06098639
10,99633295567183,-0.2813058,0.2145977,0.33706284
4,99633302368589,-0.023702133,-0.06791061,0.054328486
10,99633310296766,-0.23968828,0.16814184,0.17844486
4,99633313531818,-0.06178534,-0.07829694,0.04580637
10,99633318044162,-0.24397242,0.17320108,0.18452597
4,99633322903225,-0.0743022,-0.07856325,0.03701794
10,99633328373381,-0.0051614046,0.14280891,0.14345598
4,99633331483016,-0.05885586,-0.063116916,0.028229509
10,99633334753589,0.021174788,0.08055973,0.11711979
4,99633341896558,-0.039947417,-0.034088463,0.028229509
10,99633349974006,0.02134931,0.14562082,0.10727596
4,99633353234735,-0.022903185,-0.010652645,0.027696876
10,99633356152756,0.02134931,0.14562082,0.10727596
4,99633360950308,-0.01784318,-0.0010652645,0.02743056
10,99633367423329,-0.034635067,0.19757128,0.20255423
4,99633370644162,-0.0039947415,0.00958738,0.03488741
10,99633376083277,-0.07682991,0.1507535,0.1986351
4,99633380894996,-0.005060006,0.010386328,0.040480047
10,99633387205412,-0.0061118603,0.1374197,0.19699383
2,99633390467183,-32.0,6.0,17.0
10,99633395933121,0.02143395,0.19093037,0.19995546
4,99633400677704,2.663161E-4,0.014647386,0.031158986
10,99633406978381,-0.011125565,0.16760778,0.11896181
4,99633410216246,-0.0077231675,0.018375812,0.02609898
10,99633415617600,0.020597696,0.20436907,0.14362383
4,99633420373798,-0.022903185,0.032756884,0.021837922
10,99633425304683,0.009693146,0.18204117,0.14022684
4,99633428771870,-0.04314321,0.046339005,0.020240024
10,99633435405777,-0.026345968,0.14175367,0.19043255
4,99633440219058,-0.056459017,0.047404267,0.01917476
10,99633446533120,-0.047351718,0.09072018,0.21780014
4,99633449770204,-0.060720075,0.038083203,0.018109497
10,99633455181870,-0.07343817,0.092645645,0.22876263
4,99633459952287,-0.05912218,0.018375812,0.009853696
10,99633466307704,-0.06777203,0.09931278,0.21615887
4,99633469543068,-0.05965481,0.004261058,-0.0037284256
10,99633473544214,-0.02385819,0.09360981,0.2659583
4,99633480298173,-0.06711166,-0.0015978967,-0.010652645
10,99633486384995,-0.02410531,0.08080101,0.30652094
4,99633489620881,-0.07084008,0.0013315806,-0.009853696
10,99633494741818,-0.07886696,-0.0053691864,0.29755878
4,99633499554214,-0.0727043,0.0010652645,-0.0053263223
10,99633505853277,-0.12794483,0.006558895,0.36733913
4,99633509102287,-0.06098639,-0.011185277,-0.009321064
10,99633514510152,-0.1891433,0.036881447,0.37173986
4,99633519297495,-0.054328486,-0.03222425,-0.019707393
10,99633524230308,-0.21604621,-0.045585632,0.33076143
4,99633527646818,-0.06364955,-0.049534798,-0.032756884
10,99633534288485,-0.22591126,-0.027117252,0.3122282
4,99633539072912,-0.06897587,-0.068176925,-0.050333746
10,99633545412912,-0.264364,-0.013291836,0.28720284
4,99633548651037,-0.073236935,-0.07376956,-0.050333746
10,99633554058068,-0.3056953,-0.030106068,0.2580104
4,99633558823693,-0.082025364,-0.06791061,-0.043675844
10,99633565194891,-0.33899152,0.027860641,0.2364068
2,99633568466610,-33.0,6.0,18.0
10,99633573885152,-0.38083076,0.016795158,0.21498394
4,99633578727027,-0.07856325,-0.057257965,-0.04527374
10,99633584982912,-0.4316802,0.03188944,0.1956582
4,99633588203329,-0.06258429,-0.06098639,-0.048469532
10,99633593631766,-0.41355896,0.06727362,0.24458218
4,99633598483277,-0.03568636,-0.058589544,-0.051665325
10,99633604757964,-0.41495585,0.11043501,0.18878031
4,99633608006089,-0.029294772,-0.047404267,-0.045007423
10,99633613401975,-0.45103312,0.15018606,0.22739697
4,99633618180360,-0.041545313,-0.029294772,-0.033023197
10,99633623100412,-0.4826219,0.17388105,0.2159648
4,99633626537964,-0.045007423,-0.007190535,-0.02130529
10,99633633170777,-0.48081195,0.18851233,0.2428236
4,99633638015620,-0.03914847,0.021038974,-0.007190535
10,99633644316454,-0.46668184,0.1719408,0.2378087
4,99633647564735,-0.040746365,0.032490566,0.0037284256
10,99633652946141,-0.47216642,0.12678337,0.31148148
4,99633657696922,-0.033822145,0.032756884,0.0018642128
10,99633664091089,-0.49615407,0.19072771,0.40547132
4,99633667339631,-0.016245283,0.01917476,0.0010652645
10,99633672869995,-0.4543934,0.18888521,0.4363389
4,99633677636193,0.0015978967,0.015180019,0.013848438
10,99633683873225,-0.405676,0.18626833,0.34194756
4,99633687114631,0.007190535,0.019707393,0.02743056
10,99633692992183,-0.38240957,0.22378302,0.35689068
4,99633697781297,0.014647386,0.028229509,0.036218993
10,99633703871089,-0.3937943,0.22264528,0.3831401
4,99633707130100,0.019973708,0.040746365,0.054328486
10,99633712644318,-0.34609628,0.11405325,0.35902262
4,99633717479110,0.018375812,0.04314321,0.059388492
10,99633722376818,-0.33575714,0.15142345,0.38248587
4,99633725544839,0.01917476,0.030626353,0.048203215
10,99633732464058,-0.37420452,0.19802904,0.40821886
4,99633737215308,0.018375812,0.013315806,0.04261058
10,99633743300620,-0.36646962,0.19180155,0.40306425
2,99633746566297,-34.0,5.0,17.0
10,99633752240620,-0.31635594,0.15249395,0.44882202
4,99633757118225,0.011451593,0.0015978967,0.056459017
10,99633763246245,-0.31411946,0.09247351,0.36855173
4,99633766495256,0.011984225,-0.009853696,0.06471482
10,99633772015464,-0.2643838,0.037629128,0.34863138
4,99633776838120,0.023169503,-0.023435818,0.066046394
10,99633782957391,-0.2157979,0.0944829,0.3616495
4,99633786199318,0.051931642,-0.036751624,0.057790596
10,99633791772287,-0.18790102,0.10866451,0.35381746
4,99633796551297,0.066312715,-0.037550572,0.05352954
10,99633802652391,-0.173087,0.12910223,0.22318268
4,99633805890829,0.055127434,-0.02956109,0.053263225
10,99633811572339,-0.14145279,0.15699911,0.19338322
4,99633816383485,0.039947417,-0.020240024,0.05139901
10,99633821381714,-0.15707111,0.17645502,0.17897129
4,99633824541193,0.036485307,-0.019441076,0.052996907
10,99633830178277,-0.15552521,0.15573072,0.18177795
4,99633835992912,0.03568636,-0.017044231,0.058589544
10,99633842136558,-0.06089425,0.1374631,0.17753029
4,99633845350725,0.043409526,-0.007456851,0.05539375
10,99633851112756,-0.04515469,0.12602758,0.16092396
4,99633856000725,0.043409526,0.004527374,0.05006743
10,99633862099839,-0.060024858,0.15296173,0.096385
4,99633865348589,0.041279,0.010918961,0.04660532
10,99633871229214,-0.084233284,0.16580153,0.041638374
4,99633876297443,0.036218993,0.009321064,0.05486112
10,99633882417131,-0.072105765,0.10488081,0.08783436
4,99633885663381,0.029827405,0.010652645,0.061252706
10,99633890806402,0.0070461035,0.047365665,0.029736519
4,99633895696818,0.025033714,0.011185277,0.05752428
10,99633901823485,-0.0023781061,0.028279305,0.10822487
4,99633905067860,0.016511599,0.027696876,0.04261058
10,99633910437079,-0.0473423,-0.004712105,0.09613752
4,99633915337808,0.012250541,0.032490566,0.043675844
10,99633920243954,-0.03857541,-0.023058891,0.13915586
2,99633923379995,-33.0,8.0,18.0
10,99633929596766,-0.06952596,-0.045523167,0.16109514
4,99633934446974,-5.326322E-4,0.02876214,0.0479369
10,99633940997079,-0.14473867,-0.01762104,0.13073301
4,99633944274683,2.663161E-4,0.01917476,0.037550572
10,99633950001454,-0.08306289,-0.016246319,0.13173771
4,99633954826766,-2.663161E-4,0.011717909,0.019707393
10,99633960913537,-0.05663562,-0.04626751,0.14962006
4,99633964217808,-7.9894834E-4,0.010652645,0.0077231675
10,99633969776870,-0.05899012,-0.076345444,0.20576286
4,99633974772131,-0.011451593,0.016511599,0.011451593
10,99633980856610,-0.112873435,-0.0820117,0.2549467
4,99633984168172,-0.015446335,0.01917476,0.013582122
10,99633989700933,-0.14693439,-0.07547331,0.2970376
4,99633994589995,-0.015446335,0.012516857,0.010918961
10,99634000701089,-0.17240953,-0.09071827,0.31277275
4,99634003969683,-0.012250541,0.007456851,0.0029294773
10,99634007545204,-0.14839423,-0.118132114,0.3380623
4,99634007545204,-0.010386328,0.00479369,-0.002130529
4,99634013294995,-0.005060006,0.004261058,-0.010386328
10,99634018703381,-0.16845429,-0.12023687,0.3553338
4,99634022086714,0.0053263223,-0.0010652645,-0.025566347
10,99634027333068,-0.20165956,-0.061097145,0.40533638
4,99634032699370,0.01304949,-0.008522116,-0.035153728
10,99634038510568,-0.26742232,0.0068335533,0.35429716
4,99634041885672,0.009853696,-0.02130529,-0.039414786
10,99634047095620,-0.22633648,0.043266773,0.3892808
4,99634052808120,0.014647386,-0.027963191,-0.040746365
10,99634059663745,-0.226614,0.122386456,0.35694456
4,99634062908537,0.019707393,-0.032756884,-0.041012682
10,99634068273016,-0.27189767,0.14381504,0.33384132
4,99634073184162,0.011185277,-0.025832662,-0.033822145
10,99634079433589,-0.28945065,0.1706214,0.39004946
4,99634082657704,-7.9894834E-4,-0.021571605,-0.033023197
10,99634088051193,-0.33761203,0.15461636,0.45600557
4,99634092023381,0.004261058,-0.03089267,-0.03222425
10,99634099285568,-0.38359594,0.12652206,0.5099201
2,99634102541610,-33.0,8.0,17.0
10,99634108001974,-0.43021774,0.053670883,0.46658182
4,99634112882287,0.009054748,-0.066046394,-0.022104237
10,99634117787756,-0.42789853,-0.026013374,0.41673326
4,99634121812026,0.015180019,-0.081226416,-0.030626353
10,99634125476297,-0.39437687,-0.00685215,0.3688488
4,99634132991818,0.02396845,-0.08149273,-0.048469532
10,99634140515516,-0.41103292,0.061568737,0.2944374
4,99634143798954,0.025566347,-0.08069378,-0.06178534
10,99634148724006,-0.41935515,0.10462713,0.23641682
4,99634153546922,0.013582122,-0.07456851,-0.06391586
10,99634159657651,-0.43677104,0.158319,0.2129054
4,99634162903224,0.004527374,-0.07084008,-0.06098639
10,99634165770464,-0.44155943,0.23972178,0.16023302
4,99634172569266,0.007989483,-0.07137272,-0.056991648
10,99634180120256,-0.3992443,0.2677884,0.16067028
4,99634183365620,0.018109497,-0.07137272,-0.050333746
10,99634188230047,-0.35445166,0.26746702,0.1860919
4,99634193134162,0.033023197,-0.06711166,-0.04873585
10,99634199242912,-0.297616,0.3525839,0.05270815
4,99634202487651,0.041279,-0.061519023,-0.04181163
10,99634205404162,-0.3024044,0.41962147,0.01200676
4,99634212500672,0.040480047,-0.054328486,-0.021038974
10,99634218849579,-0.24781215,0.4585805,-0.07550144
4,99634223279839,0.028495824,-0.037284255,0.006924219
10,99634226950985,-0.19053245,0.49515104,-0.08385086
4,99634231760360,0.016777916,-0.004527374,0.033289514
10,99634237837339,-0.13876748,0.437572,-0.09151173
4,99634241060151,0.0061252704,0.026897928,0.057257965
10,99634243989214,-0.18186307,0.33940983,-0.031656742
4,99634252205464,-0.0077231675,0.05352954,0.071106404
10,99634259938745,-0.22264147,0.26143503,0.018695354
4,99634262635829,-0.005060006,0.062051654,0.07483483
10,99634268061922,-0.2137376,0.26345062,0.018632412
4,99634272893329,0.0039947415,0.055926383,0.06737798
10,99634279198797,-0.19924212,0.114227295,0.064040184
2,99634282439058,-32.0,9.0,18.0
10,99634284461141,-0.19924212,0.114227295,0.064040184
4,99634291202339,-7.9894834E-4,0.034621093,0.041012682
10,99634298862547,-0.10098231,-0.0036911964,0.088161945
4,99634303682756,-0.026897928,0.041012682,0.021837922
10,99634308411870,-0.09803033,-2.9087067E-5,0.0912385
4,99634313280412,-0.047670584,0.05539375,0.017310547
10,99634318110881,-0.094015956,0.004849434,0.095318794
4,99634321208276,-0.050333746,0.06897587,0.015180019
10,99634323229683,-0.13950574,-0.114860535,0.22221136
4,99634330756349,-0.045007423,0.076965354,0.0127831735
10,99634338609526,-0.16072011,-0.07710457,0.3019929
4,99634341848589,-0.027164243,0.07057377,-0.002396845
10,99634346461558,-0.15599155,-0.07400751,0.3040867
4,99634351236193,-0.026631612,0.05832323,-0.011984225
10,99634359165568,-0.24902308,-0.019793034,0.30639315
4,99634361886610,-0.03089267,0.05139901,-0.020240024
10,99634365267026,-0.24902308,-0.019793034,0.30639315
4,99634370065412,-0.035153728,0.04314321,-0.02396845
10,99634376720620,-0.27573788,0.082332134,0.36740446
4,99634379968745,-0.036751624,0.011185277,-0.035153728
10,99634384503693,-0.26373482,0.13425589,0.34995127
4,99634389270776,-0.036218993,0.006657903,-0.035952676
10,99634396446089,-0.2630298,0.1286149,0.33039474
4,99634399688485,-0.03435478,0.010386328,-0.030626353
10,99634404449683,-0.2407912,0.09892559,0.44002104
4,99634409216818,-0.027164243,0.01917476,-0.021837922
10,99634414771610,-0.2507162,0.10931826,0.43376303
4,99634417878901,-0.01438107,0.013315806,-0.013582122
10,99634424080933,-0.3170377,0.16440678,0.4264331
4,99634428860672,-7.9894834E-4,0.0058589545,-0.010120012
10,99634436008849,-0.3711275,0.1947422,0.39666128
4,99634439251297,-0.006657903,-0.017044231,-0.0061252704
10,99634443958381,-0.32137144,0.22060537,0.34362316
4,99634448751401,-0.025033714,-0.033822145,-0.007456851
10,99634455778485,-0.31848764,0.21406126,0.32078362
2,99634459050047,-34.0,7.0,18.0
10,99634463342964,-0.28787696,0.21552372,0.2846737
4,99634468654422,-0.03355583,-0.039414786,-0.00958738
10,99634475541349,-0.27431726,0.19332457,0.28484106
4,99634478787964,-0.025033714,-0.04234426,-0.0053263223
10,99634483623641,-0.1990124,0.15383053,0.33006525
4,99634488411037,-0.01438107,-0.042876896,-0.0055926386
10,99634495309162,-0.1978693,0.1212492,0.26965904
4,99634498527651,0.0010652645,-0.04527374,-0.0063915867
10,99634503290881,-0.17337978,0.13100529,0.22535706
4,99634508068328,0.012516857,-0.041012682,-7.9894834E-4
10,99634513682964,-0.1272881,0.13755369,0.18977737
4,99634516792443,0.023169503,-0.03169162,0.006924219
10,99634522980308,-0.13285434,0.18663788,0.12704992
4,99634527760985,0.02876214,-0.016245283,0.014913702
10,99634534874214,-0.11555457,0.18965626,0.16396141
4,99634538118797,0.02130529,0.0063915867,0.02743056
10,99634542889422,-0.12942863,0.14295197,0.19370222
4,99634547760464,0.00958738,0.026631612,0.038615838
10,99634554651245,-0.20246017,0.1022172,0.214365
4,99634557888537,-0.0031957934,0.030626353,0.045540057
10,99634562705828,-0.30928957,0.022281647,0.20735312
4,99634567462130,-0.007456851,0.02396845,0.047670584
10,99634574420985,-0.34151483,-0.07616997,0.27992344
4,99634577665620,0.004261058,0.011717909,0.04580637
10,99634582400255,-0.2982577,-0.21547604,0.31429672
4,99634587178641,0.016777916,-0.01304949,0.0314253
10,99634594201089,-0.22672534,-0.040943146,0.40932083
4,99634597445985,0.053263225,-0.037284255,0.0037284256
10,99634602279735,-0.31130922,0.1499896,0.26992512
4,99634607060047,0.051931642,-0.04181163,0.005060006
10,99634612591922,-0.28498363,0.22990179,0.2329402
4,99634615701297,0.034088463,-0.047137953,0.023435818
10,99634621867339,-0.16792,0.21760464,0.24270916
4,99634626652235,0.021038974,-0.03568636,0.037284255
10,99634633906922,-0.09289622,0.122879505,0.2776022
2,99634637159683,-33.0,7.0,18.0
10,99634641451505,-0.061400533,0.11013031,0.2982545
4,99634646235933,0.025033714,0.018375812,0.047670584
10,99634653186037,-0.14202535,0.121106625,0.2821164
4,99634656423276,0.028229509,0.020772656,0.056459017
10,99634661365308,-0.19005466,0.17715263,0.27476788
4,99634666161870,0.03488741,0.016777916,0.06844324
10,99634672925933,-0.15869749,0.070774555,0.2557621
4,99634676153068,0.03781689,0.024767399,0.08868326
10,99634681382651,-0.05937183,-0.12829542,0.24922371
4,99634686127860,0.03355583,0.039414786,0.080960095
10,99634692707026,-0.016932845,-0.11413574,0.28100777
4,99634695927964,0.051931642,0.05965481,0.055127434
10,99634701037599,-0.022696733,-0.15842676,0.26397753
4,99634705537130,0.04873585,0.082558,0.043942157
10,99634711057703,-0.030330896,-0.26292467,0.29913378
4,99634714286401,0.03888215,0.09267801,0.041545313
10,99634720740620,-0.039412856,-0.11814356,0.322402
4,99634725588380,0.041012682,0.11451593,0.0010652645
10,99634732259422,-0.13494444,-0.043437958,0.28522158
4,99634735506662,0.045540057,0.11584751,-0.027164243
10,99634740611089,-0.14369452,-0.055508614,0.21913242
4,99634745471662,0.045540057,0.10439592,-0.058589544
10,99634752041297,-0.11237812,-0.06062174,0.1630745
4,99634755287495,0.058056913,0.09267801,-0.08841695
10,99634760434682,-0.105683684,-0.09024191,0.061644077
4,99634765318901,0.058589544,0.09134643,-0.10146644
10,99634771807130,-0.0911355,-0.18734884,0.087044716
4,99634775055307,0.07137272,0.11851067,-0.123836994
10,99634780169943,-0.088329315,-0.14470577,0.24012518
4,99634785017599,0.08468852,0.12942964,-0.12863068
10,99634791645724,-0.2200036,-0.052105904,0.34689856
4,99634794883953,0.11584751,0.13662016,-0.13662016
10,99634799849735,-0.35538137,0.081692696,0.3317976
4,99634804745828,0.11158645,0.12410331,-0.13821806
10,99634809942651,-0.4060682,0.11233044,0.31685352
2,99634813203120,-33.0,6.0,18.0
10,99634819803328,-0.3534038,0.1872468,0.3232808
4,99634824647912,0.08229168,0.046072688,-0.15259913
10,99634831147807,-0.19492543,0.19106579,0.29553175
4,99634834445932,0.0777643,0.040213734,-0.15606125
10,99634839566922,0.033988237,0.18800735,0.17266512
4,99634844454110,0.07829694,0.06657903,-0.16005598
10,99634850923380,0.051620603,0.21322012,0.13993216
4,99634854201297,0.087085366,0.10892329,-0.15472966
10,99634859323380,-0.014980555,0.17408276,0.0945611
4,99634864291922,0.08016115,0.1504686,-0.13156016
10,99634870697339,-0.05300176,0.13865566,0.080574036
4,99634874003589,0.07137272,0.16911073,-0.11504856
10,99634879120047,-0.14601076,0.037165165,0.11490631
4,99634884023485,0.06977482,0.16564862,-0.11424961
10,99634890461922,-0.18156886,-0.0066981316,0.06801796
4,99634893708953,0.08042747,0.15765914,-0.12650016
10,99634898876297,-0.19948196,-0.032619,0.111245155
4,99634903702807,0.10333065,0.14301175,-0.14008227
10,99634908812026,-0.19330442,-0.02425766,0.100699425
4,99634912070464,0.10892329,0.13156016,-0.15845808
10,99634918509422,-0.1937654,0.09575701,0.029881954
4,99634923370151,0.09720538,0.12756541,-0.17576863
10,99634930025307,-0.22164154,0.21419477,0.017595291
4,99634933267391,0.056459017,0.13848437,-0.18002969
10,99634938485464,-0.2317468,0.23727798,0.031824112
4,99634943350412,0.014913702,0.14807177,-0.17630127
10,99634949811818,-0.2527293,0.18868637,0.07705784
4,99634953047026,-0.0053263223,0.14594123,-0.17337179
10,99634958274109,-0.30389857,0.17428827,0.15865755
4,99634963191662,-0.0010652645,0.14168017,-0.16458336
10,99634971123172,-0.37816298,0.16711473,0.18503952
4,99634974462495,0.013848438,0.1387507,-0.1520665
10,99634978939005,-0.47272658,0.16841316,0.2699089
4,99634983848745,0.020240024,0.12969595,-0.1419465
10,99634990499839,-0.4789238,0.2074132,0.22973251
2,99634993801453,-32.0,2.0,18.0
10,99634997149162,-0.48701847,0.3012066,0.2639494
4,99635003566818,0.015978966,0.083889574,-0.14674018
10,99635009067130,-0.55587256,0.30278778,0.19177198
4,99635012174162,-0.008788432,0.07483483,-0.1323591
10,99635017353641,-0.55917716,0.34638548,0.21406364
4,99635022168328,-0.03568636,0.0727043,-0.12010857
10,99635029304839,-0.59985745,0.42749596,0.27841616
4,99635032547182,-0.058056913,0.058056913,-0.10546118
10,99635037211714,-0.6646072,0.44110012,0.2704668
4,99635041360099,-0.08282431,0.02956109,-0.09187906
10,99635049063901,-0.6346198,0.44194412,0.2858858
4,99635052309474,-0.0892159,0.008255799,-0.08495484
10,99635055162026,-0.65377337,0.37730074,0.2715206
4,99635062547287,-0.0958738,-0.00479369,-0.07403588
10,99635070508589,-0.6153687,0.3338952,0.22426367
4,99635073763745,-0.09161274,-0.00958738,-0.059388492
10,99635078351662,-0.61737835,0.3385086,0.22928
4,99635083206401,-0.08016115,-0.017576864,-0.04580637
10,99635089909943,-0.5765641,0.3735609,0.16186762
4,99635093163537,-0.06524745,-0.034621093,-0.04314321
10,99635097698120,-0.5803286,0.3773651,0.16649675
4,99635102464109,-0.072171666,-0.040480047,-0.0396811
10,99635108062339,-0.40798545,0.22723055,0.079683304
4,99635111158224,-0.09560748,-0.025832662,-0.03222425
10,99635114494839,-0.29066956,0.1170969,0.074894905
4,99635121867391,-0.10226539,0.0029294773,-0.023169503
10,99635129815672,-0.2513361,0.11898708,0.14940786
4,99635133048016,-0.08495484,0.03435478,-0.00479369
10,99635137639109,-0.24803734,0.124592304,0.15422869
4,99635142400828,-0.06524745,0.058056913,0.007989483
10,99635149080620,-0.34070528,0.107405186,0.2243433
4,99635152354630,-0.0561927,0.0561927,0.006657903
10,99635155179943,-0.33831108,0.15289497,0.29856396
4,99635161246662,-0.05965481,0.05006743,-0.0015978967
10,99635169242130,-0.28943944,0.14857054,0.25404453
2,99635172495568,-34.0,-2.0,18.0
10,99635175928745,-0.28619766,0.15206623,0.2567997
4,99635180736401,-0.054594804,0.06498113,0.006657903
10,99635185482443,-0.21197248,0.09222031,0.38609505
4,99635190289005,-0.042077947,0.076965354,0.011451593
10,99635196048953,-0.24720919,0.056849003,0.39016962
4,99635200877234,-0.020772656,0.10546118,0.04234426
10,99635208975307,-0.2496618,-0.0020580292,0.45859003
4,99635212237807,-0.005060006,0.10839066,0.04447479
10,99635215128276,-0.2496618,-0.0020580292,0.45859003
4,99635219893068,0.0055926386,0.105993815,0.043409526
10,99635226498068,-0.31508744,-0.056815624,0.5305958
4,99635229733589,0.018642128,0.09267801,0.033289514
10,99635235549526,-0.3494271,0.04532385,0.61585903
4,99635240346661,0.023169503,0.07190535,0.019707393
10,99635246427547,-0.4188869,0.08632803,0.5685444
4,99635249676766,0.015446335,0.055127434,0.01571265
10,99635255305568,-0.4566245,0.1200676,0.5024042
4,99635260081036,0.010652645,0.048469532,0.013582122
10,99635266168172,-0.43572974,0.09218836,0.5209727
4,99635269389786,0.0039947415,0.022903185,0.00479369
10,99635274380151,-0.42351282,0.060226917,0.55733824
4,99635279173380,0.009321064,0.013315806,-2.663161E-4
10,99635285839786,-0.42973006,0.06603432,0.564806
4,99635289072234,0.028229509,-0.0034621095,-0.0063915867
10,99635294510099,-0.41844547,0.113767624,0.44218445
4,99635299578536,0.03701794,-0.02609898,-0.011451593
10,99635304466245,-0.41654873,0.1559844,0.4150753
4,99635307604526,0.043675844,-0.047670584,-0.011451593
10,99635313312130,-0.3689022,0.26197243,0.35167313
4,99635318220932,0.042077947,-0.05752428,-0.0037284256
10,99635325389161,-0.28672016,0.2797823,0.25066233
4,99635328601818,0.03701794,-0.049534798,0.019973708
10,99635334039161,-0.19436288,0.22456884,0.16029453
4,99635338857859,0.03195793,-0.028229509,0.04181163
10,99635345175568,-0.16411924,0.2539587,0.09412289
2,99635348398901,-34.0,-1.0,17.0
10,99635353862443,-0.147784,0.2501378,0.0874877
4,99635358687807,0.04181163,0.01571265,0.07190535
10,99635364956714,-0.19794571,0.24343204,0.13478899
4,99635368195776,0.043409526,0.020772656,0.07829694
10,99635373598016,-0.24661112,0.27021885,0.12667322
4,99635378367339,0.03701794,0.008522116,0.07590009
10,99635384732651,-0.25501668,0.2376399,0.11436701
4,99635387955359,0.023702133,2.663161E-4,0.072171666
10,99635393375568,-0.20742214,0.16780806,0.10102987
4,99635398123484,0.010652645,0.004527374,0.07190535
10,99635403072026,-0.16974735,0.10647869,0.07231474
4,99635406511088,0.005060006,0.015978966,0.07057377
10,99635413153068,-0.17428613,0.08866072,0.13241339
4,99635417983224,0.005060006,0.024501082,0.06950851
10,99635424285828,-0.20893192,0.049036026,0.2183814
4,99635427525099,0.0055926386,0.029028457,0.066312715
10,99635433064838,-0.23592746,0.05952549,0.24423027
4,99635437855620,-0.0034621095,0.01304949,0.05352954
10,99635444065880,-0.304587,0.15847445,0.2438364
4,99635447303172,-0.014114754,-7.9894834E-4,0.033023197
10,99635452696609,-0.34879732,0.18112898,0.28246164
4,99635457491505,-0.01571265,-0.022370555,0.041012682
10,99635463835984,-0.37026381,0.08928251,0.33134317
4,99635467054734,-0.00958738,-0.029294772,0.05139901
10,99635472474630,-0.305825,0.10229778,0.3869815
4,99635477307859,-0.0053263223,-0.039947417,0.04261058
10,99635483619109,-0.31175172,0.14588737,0.38242102
4,99635486867234,-0.007989483,-0.052996907,0.033822145
10,99635492260932,-0.33579135,0.19616556,0.40877676
4,99635497111453,-0.010386328,-0.06897587,0.03701794
10,99635502017286,-0.38218927,0.23462677,0.39236116
4,99635505405255,-0.021571605,-0.084155895,0.051931642
10,99635512037234,-0.36441457,0.24542475,0.35315847
4,99635516821401,-0.029827405,-0.09614012,0.06471482
10,99635523173120,-0.31341398,0.25435495,0.37919283
2,99635526433849,-34.0,-1.0,18.0
10,99635531841974,-0.34591174,0.24420881,0.36932755
4,99635536680203,-0.026631612,-0.10892329,0.08548747
10,99635542947443,-0.4061718,0.23193502,0.36670732
4,99635546177755,-0.02396845,-0.11345066,0.095074855
10,99635551589838,-0.43918788,0.23360252,0.48078775
4,99635556358953,-0.02130529,-0.13528858,0.10359697
10,99635562719318,-0.4820851,0.20686913,0.45400095
4,99635565961922,-0.023435818,-0.16751283,0.114782244
10,99635571358745,-0.45954406,0.2068429,0.396801
4,99635576106870,-0.020240024,-0.19734024,0.11797804
10,99635582505047,-0.39150226,0.25206518,0.35902166
4,99635585750307,-0.021837922,-0.21252026,0.12010857
10,99635591180672,-0.31577027,0.21131372,0.35538244
4,99635596142599,-0.028229509,-0.21358553,0.12836437
10,99635601035828,-0.27599323,0.19745874,0.35710382
4,99635604266453,-0.03169162,-0.21092236,0.13102753
10,99635611174786,-0.24804139,0.17465544,0.31634235
4,99635616022495,-0.040746365,-0.216515,0.13688648
10,99635622113484,-0.26761043,0.112080574,0.3003912
4,99635625356453,-0.053263225,-0.22050974,0.1419465
10,99635631049526,-0.22283614,8.9263916E-4,0.23589468
4,99635635974995,-0.05832323,-0.23062976,0.13688648
10,99635642056765,-0.14357805,0.00274086,0.22970915
4,99635645307495,-0.04234426,-0.23648871,0.12783173
10,99635650866661,-0.09688306,-0.0391922,0.20880318
4,99635655957443,-0.030360037,-0.22716765,0.12516858
10,99635662011453,-0.022277951,-0.012537003,0.110641
4,99635665253120,-0.03222425,-0.20905815,0.11797804
10,99635670646401,0.014508963,0.06883907,0.06710625
4,99635675471193,-0.043675844,-0.19254655,0.098004326
10,99635689643120,-0.019231796,0.106287,-0.10692644
4,99635694654318,-0.13422333,-0.1520665,0.08628642
10,99635699841505,-0.07720876,-0.0057144165,-0.0020189285
2,99635704163328,-34.0,4.0,19.0
10,99635710062130,-0.074222565,-0.07905197,0.054618835
4,99635714721349,-0.11797804,-0.104928546,0.12836437
10,99635720677182,-0.07124758,-0.10333681,0.35365534
4,99635723768797,-0.05139901,-0.096939065,0.11611383
10,99635729699370,-0.20717812,-0.06214428,0.25121737
4,99635734367286,-0.025566347,-0.11797804,0.087085366
10,99635740457807,-0.2743925,-0.030293465,0.24304867
4,99635743552911,-0.025033714,-0.16165388,0.061519023
10,99635749485515,-0.2706132,0.108967304,0.2334323
4,99635754311557,-0.046072688,-0.21598236,0.033822145
10,99635760230620,-0.24174535,0.22590876,0.104803085
4,99635763312078,-0.10945592,-0.25060347,0.01438107
10,99635769274682,-0.13033724,0.32044172,0.09607029
4,99635773948120,-0.20026971,-0.23675503,0.011984225
10,99635780053536,-0.06514037,0.38122845,0.28808212
4,99635783143172,-0.27350664,-0.21225394,0.023169503
10,99635789035047,-0.14870739,0.46028423,0.49038315
4,99635793713380,-0.32170987,-0.20213392,0.047670584
10,99635798632547,-0.353153,0.3923087,0.6121335
4,99635802063588,-0.36005938,-0.23995082,0.07376956
10,99635808827390,-0.53398836,0.17551517,0.6071291
4,99635813540099,-0.39734364,-0.30812773,0.0777643
10,99635819575255,-0.5431572,-0.01700306,0.57789946
4,99635822652182,-0.391751,-0.38775626,0.055127434
10,99635828647130,-0.46829247,-0.17022085,0.5516195
4,99635833371817,-0.31824777,-0.45513424,0.043942157
10,99635839340620,-0.41731596,-0.31353712,0.42388773
4,99635842418901,-0.21837921,-0.48363006,0.059388492
10,99635848364161,-0.31722617,-0.40001154,0.24535704
4,99635853102078,-0.11957593,-0.49028796,0.070041135
10,99635859115828,-0.22088075,-0.36274242,-0.044006824
4,99635862204995,-0.045540057,-0.48016796,0.055127434
10,99635868205307,-0.056991577,-0.23130989,-0.29636526
4,99635872851974,-0.008788432,-0.45140582,0.025300032
10,99635878924161,0.02686596,-0.18205976,-0.55630827
2,99635882032963,-33.0,7.0,22.0
10,99635887617703,0.1669811,-0.1646266,-0.7522445
4,99635892352234,-0.06950851,-0.3158509,-0.014647386
10,99635897532651,0.27579343,-0.19578934,-0.73676205
4,99635900959057,-0.08948222,-0.19281286,-0.023702133
10,99635908089786,0.35613513,-0.2885971,-0.6891055
4,99635913087807,-0.08894958,-0.046339005,-0.03009372
10,99635919198484,0.34747148,-0.3341956,-0.59213734
4,99635922428745,-0.06391586,0.08841695,-0.049801115
10,99635927337547,0.29584396,-0.33405924,-0.5811014
4,99635932189370,-0.034621093,0.20053603,-0.08016115
10,99635937159422,0.22078288,-0.31489038,-0.5553088
4,99635941676922,-0.009321064,0.2873551,-0.09560748
10,99635947256401,0.17700529,-0.29187727,-0.417408
4,99635952099213,0.033023197,0.36724994,-0.096939065
10,99635958272390,0.1577506,-0.22413778,-0.30138683
4,99635961503172,0.08042747,0.44714475,-0.09880328
10,99635966909057,0.10029125,-0.09524727,-0.2696638
4,99635971734474,0.11824436,0.5161206,-0.101200126
10,99635978062703,0.087958455,-0.016414642,-0.29183912
4,99635981353172,0.1307612,0.5608617,-0.10066749
10,99635985144995,0.020913124,0.048231125,-0.23916626
4,99635992507390,0.14487597,0.59361863,-0.08894958
10,99635998907963,0.069500685,0.09678316,-0.17954397
4,99636003363276,0.16564862,0.61572284,-0.079095885
10,99636007042703,0.079209566,0.26907396,-0.1654501
4,99636011824109,0.17550232,0.6399576,-0.076965354
10,99636017917286,0.038559437,0.44976854,-0.083571434
4,99636021165880,0.15819177,0.6599313,-0.07882957
10,99636024165828,-0.097907424,0.6077943,0.031350136
4,99636032211974,0.12170646,0.6575345,-0.07536746
10,99636039782703,-0.25641322,0.6286006,0.043248177
4,99636042509734,0.07749799,0.6250439,-0.063116916
10,99636047867390,-0.21856987,0.6223755,0.02720642
4,99636052647494,0.033822145,0.5744439,-0.0479369
10,99636058731349,-0.5289583,0.30942488,0.4018383
2,99636062020047,-35.0,5.0,20.0
10,99636066439734,-0.60468787,0.12809181,0.7077532
4,99636071186505,0.03781689,0.44794372,-0.0396811
10,99636077424057,-0.669594,0.0019974709,1.0050955
4,99636080654682,0.077231675,0.36964676,-0.043675844
10,99636083541661,-0.7916983,-0.014762402,1.120017
4,99636091351401,0.11638014,0.27164245,-0.06471482
4,99636100769734,0.11345066,0.1520665,-0.07749799

11,99636102708172,-0.372314,0.153171,-0.510052,0.760109,0.0
4,99636109612651,0.09321064,0.06684534,-0.08548747
10,99636116526505,-0.53371924,-0.011593342,0.82996464
4,99636119725567,0.09534117,0.025566347,-0.09134643
10,99636124695880,-0.32357645,0.010917664,0.8065524
4,99636129373119,0.113983296,0.039947417,-0.090281166
10,99636136201192,-0.27476215,0.015661716,0.60324764
4,99636139298015,0.09534117,0.06338324,-0.080960095
10,99636144470724,-0.29893625,-0.008108139,0.58907413
4,99636149860463,0.07669904,0.07190535,-0.07829694
10,99636155983380,-0.3586179,0.096601486,0.6454334
4,99636159077963,0.042876896,0.059921127,-0.09161274
10,99636164257026,-0.4369526,0.11662722,0.6338568
4,99636168891974,0.034621093,0.037284255,-0.09321064
10,99636175760776,-0.440426,0.08053398,0.5474615
4,99636178847286,0.03089267,0.0013315806,-0.090281166
10,99636184025880,-0.31299603,0.066990376,0.45083046
4,99636189992599,0.04474111,-0.004527374,-0.09454222
10,99636194966349,-0.20033097,0.17000294,0.34684467
4,99636197927078,0.053795855,0.0063915867,-0.09933591
10,99636203794369,-0.1696068,0.24333572,0.27551317
4,99636209194630,0.048203215,0.03888215,-0.09614012
10,99636215296713,-0.1444869,0.36200953,0.22284651
4,99636218382599,0.02956109,0.07563378,-0.07669904
10,99636223572390,-0.23753607,0.37409163,0.27108717
4,99636228946192,0.017044231,0.109988555,-0.046339005
10,99636235098119,-0.31069112,0.3707924,0.2884364
2,99636238200463,-36.0,5.0,17.0
10,99636243043849,-0.34717405,0.3649583,0.36721182
4,99636248775151,0.049801115,0.11424961,-0.022903185
10,99636255350463,-0.40429592,0.36030912,0.35595322
4,99636258448849,0.072970614,0.094009586,-0.02396845
10,99636263127286,-0.3599069,0.43267965,0.38366795
4,99636268535099,0.088150635,0.06578008,-0.026365295
10,99636275028744,-0.3489815,0.46288824,0.37208223
4,99636278120880,0.09187906,0.047137953,-0.014647386
10,99636282915619,-0.28701842,0.50483704,0.29119968
4,99636288585359,0.07590009,0.043942157,0.009321064
10,99636293930255,-0.24586523,0.48322248,0.27833414
4,99636298308171,0.053795855,0.048203215,0.033289514
10,99636301520880,-0.18888736,0.42507362,0.3627658
4,99636307121349,0.041012682,0.052996907,0.05539375
10,99636314957442,-0.20624399,0.35635853,0.40028524
4,99636318593796,0.040213734,0.050600063,0.07483483
10,99636323069734,-0.21231282,0.17150354,0.42430592
4,99636327907390,0.041279,0.03355583,0.09081379
10,99636334600776,-0.18009281,0.104724884,0.41081715
4,99636337843640,0.05486112,0.007456851,0.094009586
10,99636342608744,-0.12565863,0.028038979,0.41411304
4,99636347415880,0.06924219,-0.019973708,0.08175905
10,99636354406817,-0.06222689,0.074326515,0.40929174
4,99636357616974,0.08229168,-0.03195793,0.05672533
10,99636362447078,-0.028247595,0.12419462,0.34882164
4,99636367257130,0.07137272,-0.043409526,0.033822145
10,99636374204109,-0.046743393,-0.008654594,0.122888565
4,99636377417390,0.01438107,-0.013315806,0.011984225
10,99636382176921,0.060700893,-0.26000595,0.09235811
4,99636386957390,-0.07829694,0.031158986,-0.013848438
10,99636392541765,0.057048917,-0.3739376,0.25173998
4,99636395639890,-0.11664646,0.057790596,-0.043675844
10,99636401892130,-0.083994865,-0.47768068,0.42588902
4,99636406677807,-0.08282431,0.050600063,-0.051132694
10,99636413756869,-0.19823813,-0.60394955,0.52712584
2,99636417025776,-37.0,5.0,17.0
10,99636421365411,-0.112635136,-0.61801004,0.5017772
4,99636426149005,0.10759171,-0.03195793,-0.11504856
10,99636433524161,0.06836629,-0.46821833,0.52911806
4,99636436764265,0.17070863,-0.05273059,-0.17896444
10,99636441620255,0.11557233,-0.26455784,0.2860422
4,99636446475567,0.16777915,-0.04873585,-0.22050974
10,99636453292494,0.07307291,0.036853313,0.24923134
4,99636456548953,0.10892329,-0.015978966,-0.21438447
10,99636459745776,-0.029704332,0.20898628,0.20736265
4,99636459745776,0.07084008,5.326322E-4,-0.19627498
4,99636465315046,0.038615838,0.011185277,-0.17550232
10,99636471656817,-0.06312859,0.29735804,0.24126482
4,99636471656817,0.017576864,0.024767399,-0.15765914
4,99636474795203,0.0037284256,0.032756884,-0.14327806
10,99636479549161,-0.05652392,0.21195078,0.34956837
4,99636485514526,0.0015978967,0.041545313,-0.12516858
10,99636491416765,-0.109268785,0.039642334,0.39909983
4,99636494595880,0.022370555,0.051665325,-0.122771725
10,99636499293536,-0.25998032,-0.013814449,0.44239473
4,99636506084682,0.05139901,0.05672533,-0.12809806
10,99636512713901,-0.4496523,0.09082174,0.47100973
4,99636515955098,0.07563378,0.039414786,-0.12942964
10,99636520446869,-0.6150482,0.23613358,0.48992538
4,99636525379786,0.08016115,0.010652645,-0.11638014
10,99636532415515,-0.7422289,0.3376379,0.41000366
4,99636535651192,0.05832323,-0.029028457,-0.10226539
10,99636540395723,-0.7750194,0.39991236,0.32710028
4,99636545247182,0.028495824,-0.071106404,-0.09853696
10,99636552189890,-0.7602299,0.40727377,0.21144724
4,99636555404890,0.014114754,-0.09374327,-0.094808534
10,99636560186921,-0.70459354,0.39462614,0.16729641
4,99636564147442,0.010120012,-0.09454222,-0.07989483
10,99636571594317,-0.70381486,0.3925562,0.078617096
4,99636574847755,-0.0010652645,-0.08149273,-0.061252706
10,99636579982286,-0.74148864,0.47273684,0.05014658
4,99636584885619,-0.0010652645,-0.08548747,-0.043675844
10,99636589981869,-0.7989315,0.5121703,0.10024357
2,99636593169161,-33.0,-2.0,19.0
10,99636599573848,-0.8200259,0.5155282,0.073462486
4,99636604422807,0.015180019,-0.116912775,-0.011984225
10,99636611162755,-0.76517147,0.45180368,0.049185753
4,99636614429786,0.025832662,-0.15526229,0.016511599
10,99636619578953,-0.6922895,0.48118877,0.027304173
4,99636624429526,0.023169503,-0.15899073,0.022104237
10,99636630903692,-0.6697332,0.4782591,-0.09152079
4,99636634276817,-0.039414786,-0.15579493,0.05486112
10,99636639129057,-0.6576969,0.48137236,-0.17589903
4,99636644098432,-0.070041135,-0.15233281,0.07057377
10,99636650667078,-0.5858735,0.3647027,-0.1339693
4,99636653955359,-0.123836994,-0.13156016,0.11797804
10,99636659126036,-0.5254774,0.17502213,-0.07949543
4,99636663989838,-0.12836437,-0.12436963,0.12942964
10,99636670451505,-0.49162865,0.08678818,0.016104698
4,99636673690203,-0.111852765,-0.11371698,0.13768543
10,99636678887130,-0.45012438,-0.002940178,0.07181835
4,99636683833640,-0.07882957,-0.118776985,0.12436963
10,99636688920098,-0.48413813,0.015027046,0.060747623
4,99636692056244,-0.05885586,-0.128897,0.11158645
10,99636698478901,-0.43628323,0.106138706,-0.027572155
4,99636703342494,-0.06684534,-0.13528858,0.10705908
10,99636709997286,-0.4038949,0.16156626,-0.06988764
4,99636713242755,-0.08735169,-0.12623383,0.10359697
10,99636718473275,-0.26615834,0.17258215,0.030168533
4,99636723315984,-0.10439592,-0.099069595,0.10226539
10,99636729771609,-0.24585998,0.14598417,0.07058239
4,99636732990255,-0.11132014,-0.06098639,0.10945592
10,99636738257703,-0.2932135,0.088160515,0.25118542
4,99636743128380,-0.101999074,-0.03355583,0.11957593
10,99636749549525,-0.39019608,0.083770275,0.450984
4,99636752796088,-0.07590009,-0.03568636,0.11664646
10,99636757986400,-0.54443884,0.12789679,0.4693694
4,99636762820723,-0.06711166,-0.066312715,0.112918034
10,99636769326244,-0.64368504,0.21629047,0.5158119
2,99636772578119,-33.0,-1.0,19.0
10,99636777509994,-0.61302596,0.35901594,0.5073919
4,99636783298171,-0.06844324,-0.13741912,0.08841695
10,99636788397911,-0.51626587,0.43261147,0.40907335
4,99636791492755,-0.076166406,-0.16431704,0.091080114
10,99636797474682,-0.4529978,0.4684062,0.3429575
4,99636802251557,-0.0793622,-0.16777915,0.10146644
10,99636808877078,-0.2802421,0.49686146,0.3462801
4,99636812120671,-0.05832323,-0.15100123,0.11717909
10,99636817292859,-0.16528773,0.46898317,0.40766573
4,99636822081088,-0.0314253,-0.11717909,0.14327806
10,99636828658640,-0.10823107,0.41363287,0.3495431
4,99636831901817,-0.01438107,-0.087618,0.16884442
10,99636837066192,-0.16484118,0.40603256,0.35508633
4,99636841972442,-0.0063915867,-0.079095885,0.18295917
10,99636848442963,-0.16793025,0.3531747,0.31758308
4,99636851678796,-0.008255799,-0.08894958,0.19094865
10,99636856698171,-0.06019199,0.27915,0.252141
4,99636861454161,-0.006924219,-0.094009586,0.19254655
10,99636868213536,0.06582391,0.21509886,0.201684
4,99636871457755,0.0018642128,-0.08628642,0.1898834
10,99636876694578,0.14387071,0.15081406,0.11030483
4,99636881449421,0.011451593,-0.059921127,0.1933455
10,99636886591348,0.20444036,0.040902615,0.083055496
4,99636889821921,0.025566347,-0.025033714,0.19307919
10,99636896265098,0.28816557,-0.002737999,0.08336878
4,99636901076817,0.046871636,-0.009054748,0.17603496
10,99636907802650,0.3156997,-0.088261604,0.030031204
4,99636911024786,0.05752428,-0.0061252704,0.15180019
10,99636913915307,0.37555468,-0.1074152,0.00848341
4,99636921620307,0.05912218,-0.007190535,0.1257012
10,99636929323640,0.46474993,-0.14126825,-0.00984478
4,99636932575463,0.0561927,0.004261058,0.104928546
10,99636937043380,0.46539605,-0.14093971,-0.009647846
4,99636941875307,0.040213734,0.03542004,0.094009586
10,99636948191036,0.5802735,-0.38088894,-0.024986744
2,99636951420671,-35.0,4.0,19.0
10,99636953519786,0.5563313,-0.43116713,0.03247404
4,99636961168119,0.03701794,0.11132014,0.08149273
10,99636968771140,0.47873282,-0.46848726,0.09526014
4,99636972014005,0.04926848,0.123836994,0.07137272
10,99636976509109,0.4874338,-0.46794462,0.0938983
4,99636981348171,0.053795855,0.11771172,0.050866377
10,99636986418067,0.2502128,-0.55191994,0.14243937
4,99636989514317,0.04926848,0.09454222,0.013315806
10,99636993224525,0.16880989,-0.51361275,0.21665955
4,99637000714786,0.04527374,0.068176925,-0.025832662
10,99637008340411,0.07602191,-0.52397346,0.18885374
4,99637011600567,0.027164243,0.053795855,-0.05832323
10,99637016090098,0.072610974,-0.5239663,0.1896038
4,99637020839890,0.004527374,0.043942157,-0.08841695
10,99637027145515,0.017237425,-0.42993927,0.2776041
4,99637030392442,-0.017044231,0.036485307,-0.113983296
10,99637033516921,-0.097684264,-0.3509307,0.3278823
4,99637040367859,-0.0314253,0.021837922,-0.13156016
10,99637047949838,-0.19829273,-0.28877163,0.38857412
4,99637051210150,-0.036751624,-0.002396845,-0.1355549
10,99637054153900,-0.19829273,-0.28877163,0.38857412
4,99637058922442,-0.029028457,-0.025566347,-0.14114754
10,99637065803171,-0.21763778,-0.0317626,0.4179716
4,99637069045098,-0.002130529,-0.035952676,-0.14620754
10,99637074459994,-0.21997654,0.08948469,0.39822912
4,99637079237182,0.00479369,-0.036751624,-0.14647387
10,99637084144942,-0.2399224,0.20134544,0.30695295
4,99637087595411,0.007190535,-0.035952676,-0.128897
10,99637094227182,-0.23045683,0.24814892,0.3228507
4,99637099026765,0.02263687,-0.019441076,-0.100933805
10,99637105365046,-0.2685305,0.42589045,0.35412312
4,99637108585098,0.042077947,-0.0058589545,-0.056459017
10,99637114014317,-0.2749405,0.45896244,0.34535408
4,99637118789109,0.043942157,0.002396845,-0.04261058
10,99637125146661,-0.2546072,0.48679686,0.40012026
2,99637128383692,-36.0,1.0,21.0
10,99637133771973,-0.3012731,0.46131754,0.4392972
4,99637138566140,0.07563378,0.02263687,0.0053263223
10,99637144928327,-0.30696785,0.41602564,0.42690182
4,99637148163119,0.080960095,0.047670584,0.036485307
10,99637153570932,-0.35900426,0.26840878,0.4286151
4,99637158373484,0.06764429,0.080960095,0.058056913
10,99637164707911,-0.4088577,0.23241091,0.39014006
4,99637167937963,0.05832323,0.10546118,0.07137272
10,99637173389838,-0.524009,0.10661316,0.48842955
4,99637178216713,0.06897587,0.11531488,0.08282431
10,99637183110827,-0.636209,-0.052011967,0.47906542
4,99637186492650,0.08681905,0.10626013,0.07856325
10,99637193295827,-0.7236838,-0.092335224,0.5998173
4,99637198070671,0.108124346,0.07163903,0.043942157
10,99637204264421,-0.74772906,-0.043720722,0.60200596
4,99637207510984,0.1222391,0.01784318,-0.009054748
10,99637212923223,-0.7237984,0.0457983,0.5652275
4,99637217719682,0.11531488,-0.04234426,-0.054328486
10,99637224032442,-0.6602815,0.14674807,0.46270895
4,99637227288692,0.109988555,-0.0777643,-0.07989483
10,99637232681192,-0.47676814,0.24468994,0.4353156
4,99637237485775,0.10040118,-0.084155895,-0.079095885
10,99637243805619,-0.34367657,0.27134705,0.36118078
4,99637247014421,0.0958738,-0.059921127,-0.06737798
10,99637252467442,-0.26216674,0.21768856,0.26160955
4,99637257240879,0.08681905,-0.023702133,-0.053263225
10,99637263582390,-0.27289474,0.18161392,0.3105545
4,99637266819369,0.09933591,-0.005060006,-0.05352954
10,99637272226661,-0.31503785,0.3073945,0.31259394
4,99637277005827,0.12809806,-0.006657903,-0.057257965
10,99637281932494,-0.36644065,0.34529924,0.2386713
4,99637285383796,0.12703279,-0.022370555,-0.05752428
10,99637292016400,-0.3092208,0.3637023,0.1480012
4,99637296822129,0.12037488,-0.046871636,-0.06178534
10,99637303141400,-0.15463912,0.41845274,0.08964825
2,99637306395254,-34.0,1.0,22.0
10,99637311664369,-0.010110855,0.39689064,-0.06350136
4,99637316641557,0.116912775,-0.04314321,-0.064182185
10,99637322925254,0.17161644,0.36631775,-0.14157152
4,99637326141869,0.11318435,0.005060006,-0.047670584
10,99637331567911,0.23687983,0.2838149,-0.12623453
4,99637336481817,0.10626013,0.05832323,-0.019707393
10,99637342753067,0.18350697,0.1693778,-0.15851831
4,99637345992286,0.105993815,0.09720538,0.0053263223
10,99637351336452,0.11422908,0.0631609,-0.12880039
4,99637356102442,0.11105382,0.107858025,0.011717909
10,99637362475984,0.076200366,-0.045331,-0.056432724
4,99637365714317,0.11771172,0.10439592,0.01438107
10,99637371102911,0.05528915,-0.22030497,-0.07216978
4,99637376022650,0.1536644,0.08282431,0.018908445
10,99637380914525,0.07173407,-0.24365759,-0.07968092
4,99637384270411,0.20080236,0.072171666,0.0029294773
10,99637389734994,0.21440125,-0.1658907,-0.061915398
4,99637396279577,0.21331921,0.08362326,-0.029827405
10,99637402367286,0.23108745,-0.027718067,-0.22276068
4,99637405588484,0.20559604,0.09933591,-0.061252706
10,99637410700515,0.28151023,0.1282692,-0.20481014
4,99637415596713,0.15472966,0.13262543,-0.08069378
10,99637421858900,0.22054303,0.27899122,-0.1612525
4,99637425075359,0.108124346,0.16964336,-0.08042747
10,99637430441400,0.11720836,0.19826412,-0.09612274
4,99637435515306,0.03834952,0.21092236,-0.0628506
10,99637441632025,-0.028578758,0.11960411,0.113396645
4,99637444879161,0.020240024,0.2231729,-0.05219796
10,99637450221921,-0.20849442,0.026463509,0.31942797
4,99637455108067,0.064182185,0.21225394,-0.043409526
10,99637461362025,-0.36499,-0.03315401,0.5275588
4,99637464613275,0.13928333,0.17230652,-0.03488741
10,99637470002963,-0.5049062,-0.016151428,0.5755296
4,99637474941504,0.25007084,0.10359697,-0.028229509
10,99637479861036,-0.54331994,0.084208965,0.6003213
2,99637483161400,-35.0,-3.0,25.0
10,99637489211400,-0.4508177,0.20379114,0.5981927
4,99637494100619,0.52357745,-0.029028457,-0.0063915867
10,99637500910619,-0.21352887,0.31754637,0.58994246
4,99637504210254,0.6178534,0.02130529,0.0063915867
10,99637509599734,0.00967133,0.33209753,0.6246362
4,99637514464786,0.624245,0.17257284,0.040480047
10,99637520689213,0.10131502,0.4927907,0.48574066
4,99637523964109,0.56751966,0.37044573,0.09880328
10,99637529352338,0.09557986,0.81517076,1.2311058
4,99637534292494,0.52863747,0.5944176,0.3222425
10,99637540503796,-0.72976834,-0.22865772,1.3978686
4,99637543732963,0.3603257,0.7392935,0.8269115
10,99637549110150,-1.4471871,-1.0732913,0.9490881
4,99637553958015,0.3123888,0.70653665,1.0535465
10,99637560287650,-0.6759602,-0.37916756,1.7582369
4,99637563517129,0.74781567,0.5850965,0.7342335
10,99637568878275,-1.0251558,-1.719048,1.6373162
4,99637573714890,0.5520733,0.5550028,0.41412157
10,99637578682025,-2.7171664,-1.541677,1.3803782
4,99637582035202,-0.14993598,0.31957933,-0.22397186
10,99637588426244,-3.5117865,-0.9685278,2.0098958
4,99637593287546,-0.42077947,-0.16911073,-0.5275722
10,99637599863796,-4.3743124,-1.3182535,2.3721304
4,99637603091036,-0.50173956,-0.76059884,-0.48043427
10,99637608441817,-2.326685,-1.1959996,1.1575518
4,99637613385306,-0.2514024,-1.2543489,-0.48975533
10,99637619619213,-1.443455,-0.7751403,0.5818405
4,99637622848067,0.29987195,-1.3896375,-0.6021407
10,99637628220567,0.78431904,0.7152338,-1.3265357
4,99637633188327,0.6314355,-1.1494204,-0.6892261
10,99637639394265,0.94454646,1.067307,-1.7467666
4,99637642636556,0.43223104,-0.7344999,-0.6631271
10,99637647997494,0.50917184,1.8143182,-1.9715128
4,99637652836296,0.06657903,-0.38402784,-0.43196473
10,99637659172598,-0.36369646,2.6639678,-0.85650253
2,99637662417129,-29.0,-3.0,27.0
10,99637667835671,-1.2696397,1.8804255,-0.37245035
4,99637672591973,-0.36272255,-0.17443706,-0.002130529
10,99637677485254,-1.4506434,1.1959543,0.3325534
4,99637680930827,-0.31611723,-0.35260254,-0.023169503
10,99637687278900,-1.1992044,0.8044472,0.689507
4,99637692059629,-0.11265171,-0.5707154,-0.116912775
10,99637698677546,-0.8588114,0.5493355,0.3211689
4,99637701920827,0.0561927,-0.6791061,-0.15100123
10,99637707328900,-0.4143262,0.79647017,-0.09345007
4,99637712178223,0.16724652,-0.6623282,-0.10892329
10,99637718453327,-0.045500398,1.1314263,-0.477314
4,99637721685098,0.17070863,-0.5470133,-0.010120012
10,99637727096244,0.24302089,1.3329444,-0.69379187
4,99637731912494,0.09827065,-0.3997405,0.09720538
10,99637738305723,0.5138712,1.2555251,-0.6530452
4,99637741535775,-0.013315806,-0.26338664,0.1834918
10,99637746876504,0.5771644,1.075264,-0.56702137
4,99637751707650,-0.08548747,-0.14993598,0.25406557
10,99637758059786,0.5557529,0.74058104,-0.23265696
4,99637761331036,-0.096939065,-0.06657903,0.31132352
10,99637766651296,0.5106429,0.41152906,0.083146095
4,99637771416765,-0.041012682,-0.018908445,0.34088463
10,99637776384786,0.4277047,0.2259016,0.24239111
4,99637779817702,0.050600063,-0.0058589545,0.34754252
10,99637786075515,0.34331334,0.320055,0.39244986
4,99637790860098,0.16058862,-0.024767399,0.3435478
10,99637797644733,0.23606646,0.44896173,0.12827492
4,99637800859838,0.21385184,-0.03542004,0.33981937
10,99637805344160,0.20944631,0.2288127,-0.21183252
4,99637811444473,0.18722023,0.009853696,0.34993938
10,99637817407963,0.45668924,-0.18381691,-0.17348671
4,99637820649317,0.17630127,0.08069378,0.34434673
10,99637825985775,0.5084219,-0.5115881,-0.10202074
4,99637830923431,0.19973709,0.1504686,0.31611723
10,99637837116973,0.35631514,-0.73045874,-0.14275217
2,99637840344942,-26.0,7.0,26.0
10,99637843859577,0.17914414,-0.71369934,-0.09965658
4,99637851150515,0.16431704,0.23276028,0.20879184
10,99637859287338,0.13375103,-0.5281248,-0.021775246
4,99637861999108,0.14061491,0.20559604,0.1454086
10,99637867740931,0.15360391,-0.53377247,-0.03123045
4,99637872556608,0.14727281,0.17603496,0.10626013
10,99637877451348,0.12361765,-0.14612389,-0.021972656
4,99637880548952,0.165116,0.19148129,0.108124346
10,99637882614733,0.29600012,-0.06711531,-0.014790058
4,99637890920410,0.19547603,0.2615224,0.12197278
10,99637899039265,0.48304975,0.10953903,0.17829323
4,99637901761660,0.24101609,0.39254996,0.1555286
10,99637907548431,0.5202662,0.0920248,0.15530443
4,99637912436140,0.2612561,0.6018744,0.2657835
10,99637918567494,0.5850619,0.07567644,0.12786579
4,99637921830202,0.25752768,0.8245147,0.45140582
10,99637926992546,0.68376184,0.06479359,0.09912491
4,99637931787858,0.26551718,0.953678,0.67324716
10,99637937942129,-0.7806649,-0.88158464,0.9746666
4,99637941180254,0.32517198,0.9552759,0.86472845
10,99637946429004,-0.65127826,-0.8984976,0.9392867
4,99637951204473,0.464189,0.8002799,0.75127774
10,99637957422285,-0.75148004,0.33046913,1.7307081
4,99637960683535,0.48043427,0.6175871,0.29454562
10,99637963562806,-1.8480225,-0.22737312,1.5631142
4,99637970419733,-0.13129385,0.3206446,-0.06524745
10,99637978306556,-3.134324,0.06113243,2.1578674
4,99637981010567,-0.44661212,-0.13954964,-0.19201392
10,99637986878223,-3.1315536,0.09077549,2.1816516
4,99637991662546,-0.42290998,-0.6740461,-0.122771725
10,99637997832598,-3.1766856,0.1243391,2.2150106
4,99638000549265,-0.20399815,-1.1126688,-0.13502227
10,99638003992806,-3.1766856,0.1243391,2.2150106
4,99638008794473,0.0010652645,-1.2423646,-0.22583607
10,99638015709733,-0.14883155,-0.74540806,-0.51874685
2,99638018981921,-28.0,11.0,25.0
10,99638023342025,0.28844345,0.75743866,-1.8108726
4,99638028237702,0.49508166,-1.1084076,-0.6261092
10,99638035491244,-0.22756231,2.192183,-2.5830522
4,99638038711712,-0.105727494,-0.79868203,-0.5091964
10,99638042705306,-0.61475515,2.8219192,-2.4756107
4,99638048779785,-0.30146983,-0.70813453,-0.38748994
10,99638055462702,-0.80162764,2.7542892,-1.9790516
4,99638058677442,-0.577107,-0.42024684,-0.006924219
10,99638063275150,-0.8291751,0.97243977,-0.88014174
4,99638068056035,-0.59095544,-0.33316147,0.07084008
10,99638073614890,-0.75139475,0.51496696,-0.44730473
4,99638076722962,-0.4215784,-0.23222765,0.112918034
10,99638082919212,-0.68009216,0.009602547,0.2879672
4,99638087741556,-0.096939065,-0.27776772,0.09134643
10,99638094885879,-0.7889093,0.014349937,0.10525322
4,99638098127910,0.23435818,-0.37124467,0.20532973
10,99638102689108,-0.12510669,0.38865757,-0.5002866
4,99638107475358,0.26711506,-0.35473305,0.28495824
10,99638114641921,0.21214747,0.7071624,-0.6187215
4,99638117878431,0.27403927,-0.23755397,0.4530037
10,99638122722181,1.2388214,1.1816993,-1.392489
4,99638127557077,0.15659387,0.006657903,0.6010755
10,99638134413587,1.4405254,1.2730293,-1.6887531
4,99638137664577,0.016511599,0.3270362,0.71612406
10,99638142490462,2.0624254,1.0284038,-1.5166078
4,99638147287494,-0.13315806,0.628506,0.72943985
10,99638154219369,1.9598478,0.5821719,-1.350285
4,99638157429733,-0.38083205,0.87165266,0.6263755
10,99638162111087,1.5437202,-0.6539135,0.34509325
4,99638166898275,-0.6921556,0.9488843,0.46392268
10,99638172136244,0.0015586615,-2.0356112,1.6458416
4,99638175363379,-0.88470215,0.6942861,0.30146983
10,99638181850306,-1.5458796,-2.8517776,2.9509864
4,99638186682858,-0.711863,0.18695392,0.19281286
10,99638193315723,-2.0229862,-3.7601838,3.3897343
2,99638196549577,-24.0,22.0,21.0
10,99638201645515,-1.1398739,-3.7089143,2.9245095
4,99638206463692,0.14727281,-0.9009474,-0.24474451
10,99638213102077,-0.064611316,-2.4888573,1.5388322
4,99638216323587,0.5273059,-1.1030813,-0.45327002
10,99638221452337,0.65655506,-0.8200059,-0.41025734
4,99638226309525,0.59228706,-1.0186591,-0.48815745
10,99638232903327,1.2935975,1.0005269,-1.7777848
4,99638236122077,0.39361522,-0.7470167,-0.42850262
10,99638241373171,1.8214029,2.1490211,-2.3052592
4,99638246157962,0.015446335,-0.37444046,-0.33502567
10,99638252804473,1.8582584,2.3095436,-1.7601538
4,99638256052962,-0.3901531,-0.051665325,-0.2231729
10,99638261170254,0.940017,1.4325147,-1.4516296
4,99638266093483,-0.6332997,0.13422333,-0.09454222
10,99638271217077,0.26752627,0.5397439,-0.5274906
4,99638274387494,-0.5763081,0.18775286,-0.036485307
10,99638280693431,-0.18676686,-0.19936132,0.36436749
4,99638285541921,-0.4183826,0.11957593,-0.08282431
10,99638292250150,-0.56458163,-0.69664097,0.63263416
4,99638295498275,-0.2591256,-0.02609898,-0.17763285
10,99638300624421,-0.7478132,-0.50410795,0.7334857
4,99638305560098,-0.12117383,-0.16990969,-0.2591256
10,99638311993223,-0.71362007,-0.07106638,0.52710676
4,99638316753171,-0.07350325,-0.25007084,-0.27217507
10,99638320502754,-0.5330092,0.30742788,0.21699381
4,99638325392077,-0.11265171,-0.2298308,-0.21704763
10,99638332156660,-0.23818433,0.6293936,0.032584667
4,99638335540462,-0.175236,-0.15180019,-0.14753912
10,99638340004629,-0.07716298,0.7797375,-0.1939373
4,99638344906348,-0.24234766,-0.05885586,-0.083090626
10,99638351588744,-0.0020651817,0.683341,-0.39001894
4,99638354828067,-0.29507825,0.024767399,-0.03701794
10,99638360012650,0.008545518,0.5988364,-0.20109987
4,99638364887285,-0.299073,0.092944324,-0.026365295
10,99638370004994,-0.11905956,0.5510225,0.044033527
2,99638373173223,-22.0,20.0,20.0
10,99638379686921,-0.33239162,0.42794466,0.2772913
4,99638384553483,-0.2743056,0.12916331,-0.023702133
10,99638391093952,-0.5283991,0.31142855,0.3919549
4,99638394395098,-0.272974,0.09427591,-0.02130529
10,99638399558275,-0.6055305,0.25699425,0.47323608
4,99638404410619,-0.2644519,0.03568636,-0.0314253
10,99638410883067,-0.6175579,0.30797625,0.27330256
4,99638414187702,-0.2625877,-0.007456851,-0.054062173
10,99638419314889,-0.47531772,0.19860029,0.1254096
4,99638424273014,-0.29880667,-0.0063915867,-0.07989483
10,99638430665514,-0.18009555,0.16446161,0.23371267
4,99638433968952,-0.31505197,0.022370555,-0.11158645
10,99638439090671,-0.016014576,0.2641816,0.33763885
4,99638443060931,-0.31957933,0.05885586,-0.1257012
10,99638450436139,-0.06357813,0.3184762,0.26178598
4,99638453671087,-0.33262882,0.09534117,-0.10945592
10,99638458870775,-0.154881,0.25166035,0.32476664
4,99638463774264,-0.34248254,0.108124346,-0.09720538
10,99638468861608,-0.16866493,0.25814772,0.32378817
4,99638471991452,-0.3435478,0.11531488,-0.08042747
10,99638478456869,-0.16521776,0.30646563,0.37421703
4,99638483381608,-0.29321405,0.09667275,-0.082025364
10,99638490483431,-0.043693304,0.20449924,0.5382438
4,99638493694421,-0.19574234,0.09667275,-0.06018744
10,99638498272337,-0.047910333,0.15604162,0.5567713
4,99638503132233,-0.1667139,0.10040118,-0.048203215
10,99638510133066,-0.10012746,0.17145157,0.4733405
4,99638513343639,-0.09347696,0.105727494,-0.01784318
10,99638518242546,-0.13127553,0.3267784,0.5053139
4,99638523231035,-0.073236935,0.10040118,-0.013582122
10,99638529946764,-0.15474439,0.44786787,0.49809456
4,99638533193952,-0.05912218,0.07403588,0.0058589545
10,99638537794264,-0.26442075,0.4499693,0.29768848
4,99638542654004,-0.07882957,0.06578008,0.016777916
10,99638549709889,-0.23102772,0.43089437,0.28460407
2,99638552964994,-27.0,18.0,21.0
10,99638557372389,-0.1330272,0.28739834,0.28363228
4,99638563433223,-0.11717909,0.059921127,0.043942157
10,99638568940306,-0.10493159,0.18348598,0.23317623
4,99638572048744,-0.1107875,0.08282431,0.06498113
10,99638577410410,-0.09050894,-0.020473957,0.29736137
4,99638582249056,-0.09960223,0.103863284,0.07163903
10,99638589274785,-0.101230025,-0.06466627,0.2839856
4,99638592496452,-0.07856325,0.107858025,0.051665325
10,99638597196348,-0.16088402,-0.15081167,0.21456814
4,99638601994316,-0.070307456,0.096939065,0.03355583
10,99638609061660,-0.15783429,-0.17531729,0.1761837
4,99638612296087,-0.071106404,0.08042747,0.023435818
10,99638616792077,-0.09013271,-0.17357588,0.21498299
4,99638621636452,-0.06897587,0.06844324,0.010918961
10,99638628836191,-0.081799746,-0.1794095,0.20121336
4,99638632075879,-0.061519023,0.06578008,-0.004261058
10,99638636704681,-0.036884904,-0.15459108,0.089271545
4,99638641493223,-0.06684534,0.06391586,-0.017576864
10,99638648616139,-0.019176126,-0.16324282,0.073385715
4,99638651824004,-0.072970614,0.072970614,-0.031158986
10,99638656463796,-0.006485343,-0.15053368,0.16990137
4,99638662226452,-0.08175905,0.07483483,-0.04261058
10,99638667768014,-0.017864943,-0.14722633,0.25946236
4,99638670880671,-0.08522116,0.076965354,-0.04660532
10,99638676361712,-0.066995144,-0.20145321,0.3464055
4,99638681127650,-0.07803062,0.07456851,-0.043409526
10,99638688172702,-0.13245082,-0.2558174,0.33734417
4,99638691408431,-0.07084008,0.072970614,-0.04926848
10,99638695997650,-0.1885463,-0.2874937,0.4012537
4,99638700771921,-0.055127434,0.06737798,-0.06684534
10,99638707939525,-0.231233,-0.3271985,0.514822
4,99638711192910,-0.047670584,0.046072688,-0.07803062
10,99638715769160,-0.27168286,-0.3146577,0.43229675
4,99638720560254,-0.05539375,0.02743056,-0.090014845
10,99638727729316,-0.2145493,-0.23534155,0.40535688
2,99638731000879,-31.0,15.0,21.0
10,99638734497285,-0.14940846,-0.17563868,0.36161423
4,99638741347962,-0.05139901,0.020240024,-0.09454222
10,99638748056660,-0.15380704,-0.19905043,0.39458132
4,99638751357754,-0.06364955,0.05139901,-0.06391586
10,99638755843118,-0.19902813,-0.27830505,0.341815
4,99638760676504,-0.07669904,0.07882957,-0.055127434
10,99638766175931,-0.31595027,-0.20211029,0.43664074
4,99638769284577,-0.06791061,0.07749799,-0.0727043
10,99638773779264,-0.40692997,-0.1494379,0.5252266
4,99638780884785,-0.04926848,0.053795855,-0.092145376
10,99638788991921,-0.49661016,-0.081626415,0.6383424
4,99638791714889,-0.036751624,0.02130529,-0.10759171
10,99638796876296,-0.5000986,-0.081902504,0.6389885
4,99638801712858,-0.04660532,-0.006657903,-0.116912775
10,99638808054629,-0.57551587,0.12584448,0.556232
4,99638811359160,-0.047670584,-0.02876214,-0.12942964
10,99638815784316,-0.583374,0.12479973,0.5572505
4,99638820570775,-0.04527374,-0.03914847,-0.12809806
10,99638826858639,-0.62249005,0.24801207,0.66820097
4,99638830109160,-0.043942157,-0.041012682,-0.112918034
10,99638833094681,-0.57700026,0.24801207,0.70171976
4,99638840223171,-0.038615838,-0.042077947,-0.10146644
10,99638846491243,-0.6333338,0.27533674,0.758801
4,99638846491243,-0.038615838,-0.042077947,-0.10146644
4,99638851361764,-0.016777916,-0.05566007,-0.0958738
10,99638855195462,-0.63959897,0.27186918,0.75688124
4,99638855195462,-0.0034621095,-0.06657903,-0.091080114
4,99638859404889,0.0039947415,-0.0743022,-0.083889574
11,99638865031712,-0.394238,0.076445,-0.397148,0.825229,0.0
4,99638865031712,0.0039947415,-0.0743022,-0.083889574
4,99638871197493,0.009853696,-0.0958738,-0.06657903
10,99638875590046,-0.7396716,0.29186153,0.67731524
4,99638875590046,0.015446335,-0.10759171,-0.05912218
4,99638878717441,0.026631612,-0.11771172,-0.055127434
10,99638885214577,-0.64075875,0.46090078,0.6498108
4,99638885214577,0.038083203,-0.12676647,-0.049002163
4,99638889199368,0.04926848,-0.12916331,-0.040213734
10,99638891251660,-0.5210506,0.4441557,0.5660267
4,99638897255931,0.055926383,-0.12676647,-0.026365295
10,99638903723327,-0.4915123,0.45218468,0.40382147
2,99638907863483,-32.0,10.0,21.0
10,99638912342650,-0.49899828,0.60711956,0.25174665
4,99638917039681,0.05566007,-0.12703279,-0.0034621095
10,99638923496191,-0.44685435,0.62559843,0.19314575
4,99638927621452,0.070307456,-0.11584751,0.014647386
10,99638932123223,-0.28147125,0.39528418,0.14414978
4,99638932123223,0.06950851,-0.10519487,0.03009372
4,99638937624473,0.072970614,-0.07190535,0.050600063
10,99638943266712,-0.18334055,0.35245895,0.10728693
4,99638947396608,0.0777643,-0.052996907,0.05539375
10,99638951908431,-0.21585393,0.31690693,0.12701511
4,99638956966191,0.08841695,-0.030360037,0.0628506
10,99638963048639,-0.23370492,0.31928492,0.085746765
4,99638967169473,0.09321064,-0.01571265,0.07590009
10,99638971682545,-0.24964845,0.3072648,0.058276176
4,99638976368118,0.08868326,-0.011717909,0.090281166
10,99638982813118,-0.23080516,0.24606848,-0.033042908
4,99638987030202,0.07057377,-0.007456851,0.1025317
10,99638991451035,-0.18261075,0.21775293,-0.13707304
4,99638996156816,0.06551377,0.010652645,0.10466223
10,99639002594629,-0.10263038,0.21603584,-0.042296886
4,99639002594629,0.071106404,0.025566347,0.103863284
4,99639006726191,0.07749799,0.039947417,0.10226539
10,99639011250566,-0.1281941,0.16089344,0.041529655
4,99639015945931,0.077231675,0.05486112,0.10759171
10,99639022417650,-0.22317815,0.14614439,0.09325409
4,99639026512493,0.068176925,0.054328486,0.105993815
10,99639031004837,-0.30048656,0.17498016,0.092586994
4,99639035701139,0.051931642,0.03781689,0.094009586
10,99639042168066,-0.29786265,0.14508581,0.0552001
4,99639046274993,0.02956109,0.018642128,0.08894958
10,99639050770931,-0.25199652,0.10921192,0.09388399
4,99639055856504,0.024767399,0.0127831735,0.087884314
10,99639061932285,-0.20955682,0.07864523,0.14297009
4,99639066052025,0.03355583,0.023435818,0.09134643
10,99639070546660,-0.20723844,0.052838326,0.08893204
4,99639075237441,0.02876214,0.029028457,0.08948222
10,99639081704577,-0.21864796,0.084462166,0.068212986
2,99639085858275,-29.0,12.0,19.0
10,99639090338535,-0.19971728,0.15191555,0.095508575
4,99639095023066,0.010386328,0.025832662,0.06737798
10,99639101477858,-0.2104758,0.11227274,0.06627512
4,99639105602025,-0.008255799,0.027963191,0.07084008
10,99639110104785,-0.2138027,0.08585358,0.1052928
4,99639114795618,-0.013582122,0.03435478,0.06764429
10,99639121301295,-0.23099923,0.06706858,0.15424204
4,99639125390775,-0.014913702,0.03701794,0.064182185
10,99639130369316,-0.24079871,0.033774853,0.2412939
4,99639134570254,-0.018375812,0.029827405,0.05672533
10,99639141026035,-0.30577886,0.069574356,0.3208599
4,99639145156087,-0.020240024,0.012250541,0.03914847
10,99639150009160,-0.40071523,0.117114544,0.31910563
4,99639154731972,-0.03009372,-0.01784318,0.0314253
10,99639160945097,-0.4737531,0.16229773,0.3394823
4,99639164929160,-0.039414786,-0.050866377,0.03089267
10,99639169848535,-0.41543758,0.19082117,0.42769957
4,99639174135879,-0.04580637,-0.08016115,0.03169162
10,99639180590618,-0.34790206,0.2273674,0.2924614
4,99639184711191,-0.0628506,-0.09534117,0.018642128
10,99639189620879,-0.31167555,0.3240614,0.25875044
4,99639193912441,-0.09667275,-0.09321064,0.016777916
10,99639200356191,-0.3333056,0.31537104,0.22280788
4,99639204491608,-0.11584751,-0.087085366,0.047670584
10,99639209398952,-0.32896614,0.22784615,0.16506386
4,99639213680775,-0.10626013,-0.06578008,0.07350325
10,99639220148170,-0.31173396,0.17411041,0.24561405
4,99639224268118,-0.08362326,-0.052996907,0.07749799
10,99639229177233,-0.3403567,0.10512495,0.22417355
4,99639233457650,-0.06578008,-0.05912218,0.06391586
10,99639239917702,-0.3766414,0.14961672,0.18700361
4,99639244048327,-0.04447479,-0.06578008,0.053795855
10,99639248931400,-0.45671916,0.14925289,0.24635077
4,99639253633639,-0.03781689,-0.06924219,0.061519023
10,99639259699108,-0.45789838,0.15338087,0.14499903
2,99639263857493,-28.0,16.0,19.0
10,99639268744004,-0.39704704,0.23934698,0.11122513
10,99639279761243,-0.32573617,0.29729939,0.054647923
4,99639283922702,-0.06791061,-0.09347696,0.05752428
10,99639288908639,-0.27058482,0.34599352,0.013264179
4,99639292792597,-0.09081379,-0.09347696,0.06364955
10,99639299257910,-0.19936538,0.27183723,-0.06689215
4,99639303384837,-0.11824436,-0.08149273,0.07829694
10,99639308291243,-0.12948167,0.2763734,-0.025401592
4,99639312576972,-0.105727494,-0.066312715,0.092944324
10,99639319028222,-0.09855819,0.23541737,-0.017855644
4,99639323171868,-0.0958738,-0.05752428,0.10759171
10,99639328074212,-0.049452543,0.24159098,0.01725626
4,99639328074212,-0.0958738,-0.05752428,0.10759171
4,99639332352285,-0.096939065,-0.049801115,0.11052119
10,99639338814420,-0.028084159,0.2219634,-0.004763603
4,99639338814420,-0.10626013,-0.04873585,0.111852765
4,99639345843899,-0.12650016,-0.049002163,0.118776985
10,99639349469004,-0.025299788,0.23216105,0.0053863525
4,99639349469004,-0.13502227,-0.04580637,0.12543489
4,99639352857233,-0.14061491,-0.04314321,0.133957
10,99639358582389,0.007283449,0.11204243,0.14603472
4,99639362716087,-0.14274544,-0.03834952,0.14594123
10,99639367629577,0.07665014,0.031358242,0.06744242
4,99639371912754,-0.1438107,-0.03834952,0.1488707
10,99639378385254,0.162287,-0.04439926,0.11847353
4,99639382586660,-0.13901702,-0.03488741,0.13582122
10,99639387414160,0.24221122,-0.1513505,0.1290183
4,99639391688743,-0.13315806,-0.021571605,0.12809806
10,99639398166139,0.22490048,-0.18742466,0.1790433
4,99639402276868,-0.11957593,0.0018642128,0.11584751
10,99639407477337,0.08975494,-0.2818036,0.2324791
4,99639411458639,-0.107858025,0.025033714,0.107858025
10,99639417915879,0.051792502,-0.29819727,0.2629094
4,99639422046087,-0.098004326,0.03568636,0.09560748
10,99639426948222,-0.024624586,-0.36785603,0.35023642
4,99639431235774,-0.098004326,0.030626353,0.072171666
10,99639437680827,-0.05790043,-0.36149788,0.3968444
2,99639441845514,-30.0,19.0,17.0
10,99639446355827,-0.037000656,-0.31075525,0.43832493
4,99639451414941,-0.09773801,-0.002130529,0.010120012
10,99639457477024,-0.05423808,-0.35140228,0.45603323
4,99639461604160,-0.0974717,0.0026631611,-0.00479369
10,99639466119993,-0.08834207,-0.347301,0.55196524
4,99639470798431,-0.088150635,0.00958738,-0.015446335
10,99639478344681,-0.18691361,-0.2752328,0.57680273
4,99639478344681,-0.07989483,0.006924219,-0.022370555
4,99639482551712,-0.061252706,-0.0013315806,-0.03781689
10,99639487595306,-0.284001,-0.114210606,0.65232563
4,99639487595306,-0.061252706,-0.0013315806,-0.03781689
4,99639490635097,-0.053795855,-0.013582122,-0.04580637
10,99639497009212,-0.2804489,-0.045986176,0.65459967
4,99639497009212,-0.047137953,-0.025033714,-0.054328486
4,99639503776868,-0.05006743,-0.052464273,-0.06391586
10,99639507418118,-0.28658772,-0.045654774,0.6566067
4,99639507418118,-0.05006743,-0.052464273,-0.06391586
4,99639511221608,-0.05486112,-0.06551377,-0.06764429
10,99639516794160,-0.32129645,0.124423504,0.73316765
4,99639520940254,-0.04527374,-0.07829694,-0.06258429
10,99639525688691,-0.3177315,0.16735363,0.70411634
4,99639525688691,-0.04527374,-0.08362326,-0.055926383
4,99639530139368,-0.048469532,-0.08495484,-0.05273059
10,99639536577233,-0.35006893,0.25379372,0.6946902
4,99639540721295,-0.05832323,-0.08548747,-0.04447479
10,99639545217493,-0.36195838,0.29767752,0.61608744
4,99639545217493,-0.05672533,-0.084155895,-0.03781689
4,99639550301504,-0.05006743,-0.08442221,-0.026631612
10,99639556354472,-0.39106107,0.19799423,0.6232567
4,99639560508951,-0.021571605,-0.09161274,-0.0034621095
10,99639565018847,-0.41475618,0.15883589,0.64031124
4,99639569710774,0.024234766,-0.1041296,-0.0010652645
10,99639576174056,-0.3942963,0.19117022,0.62116957
4,99639580278066,0.057790596,-0.1222391,-0.00958738
10,99639584801035,-0.37624085,0.18374968,0.4167447
4,99639589492389,0.06897587,-0.1304949,-0.017044231
10,99639595947129,-0.3166511,0.24538708,0.25303793
4,99639600062806,0.06551377,-0.12703279,-0.014647386
10,99639604560826,-0.24004924,0.27262783,0.14605427
4,99639609268899,0.04261058,-0.1025317,-0.002396845
10,99639615716504,-0.16359985,0.2441535,0.1074152
2,99639619856712,-28.0,18.0,18.0
10,99639624352597,-0.12460971,0.18385506,0.03864193
4,99639629029420,0.023169503,-0.030626353,0.0039947415
10,99639635491087,-0.1514095,0.1850791,-0.0073428154
4,99639639650931,0.047670584,-0.025832662,-0.0055926386
10,99639644133847,-0.18122935,0.1774311,0.0072216988
4,99639649208222,0.075101145,-0.03488741,-0.0058589545
10,99639655354837,-0.12407935,0.14181662,-0.008291721
4,99639659377545,0.090281166,-0.0479369,-0.007456851
10,99639663890097,-0.05400753,0.24410343,-0.08190632
4,99639668570514,0.09427591,-0.047404267,-0.010652645
10,99639675055722,0.018233657,0.3082857,-0.18635559
4,99639679180201,0.08362326,-0.022370555,0.002396845
10,99639683664889,0.08339441,0.25453997,-0.21290827
4,99639688341920,0.046871636,0.015446335,0.025832662
10,99639694824837,0.1474179,0.16273642,-0.20885181
4,99639698935931,0.021571605,0.052996907,0.035952676
10,99639702138795,0.16417146,0.16513824,-0.15138721
4,99639708133326,0.014647386,0.08548747,0.03488741
10,99639716129472,0.06969333,0.038442135,-0.11980343
4,99639719859368,0.007456851,0.10892329,0.038083203
10,99639721918170,0.048131704,-0.11480188,-0.026436329
4,99639727910410,0.008788432,0.12410331,0.03222425
10,99639735841035,0.013909936,-0.26612043,0.009706497
4,99639739564733,0.02263687,0.1272991,0.015446335
10,99639743655566,-0.05256307,-0.2917843,0.08250046
4,99639743655566,0.029028457,0.12410331,0.005060006
4,99639748089524,0.036218993,0.1222391,-0.0077231675
10,99639754132910,-0.113589525,-0.24010658,0.14677
4,99639758273795,0.03568636,0.11345066,-0.033023197
10,99639761474264,-0.18302083,-0.18982315,0.14916945
4,99639767461556,0.013848438,0.10546118,-0.045007423
10,99639775847441,-0.22769511,-0.13350773,0.1696248
4,99639779608795,-0.020772656,0.09853696,-0.06391586
10,99639781528118,-0.28035998,-0.025766373,0.32525015
4,99639787239524,-0.03914847,0.08495484,-0.087884314
10,99639795507285,-0.39708817,0.023864746,0.39100122
2,99639799503431,-27.0,19.0,18.0
10,99639801429212,-0.5311706,0.031040668,0.474792
4,99639801429212,-0.06498113,0.066046394,-0.101999074
4,99639807031139,-0.0727043,0.056459017,-0.105993815
10,99639815325410,-0.61220753,0.083464146,0.52585316
4,99639819076243,-0.060720075,0.004527374,-0.118776985
4,99639836443691,-0.019707393,-0.08548747,-0.13342437
4,99639839513222,-0.009853696,-0.103064336,-0.13635385
10,99639846426191,-0.56650364,0.4286766,0.4767642
4,99639849657753,0.006657903,-0.12836437,-0.13502227
10,99639851541816,-0.56649137,0.42868376,0.47676754
4,99639856861816,0.006657903,-0.1323591,-0.12463594
10,99639862919264,-0.3706789,0.6582303,0.28690052
4,99639867048483,-0.0055926386,-0.113983296,-0.084155895
10,99639871959264,-0.26377904,0.70730543,0.14600945
4,99639876562337,-0.031158986,-0.06924219,-0.02956109
10,99639882675670,-0.22758901,0.6964593,0.1616497
4,99639886818222,-0.0396811,-0.0055926386,0.021038974
10,99639891732337,-0.34370697,0.4942212,0.18733788
4,99639891732337,-0.03542004,0.018375812,0.04234426
4,99639896027806,-0.030626353,0.032756884,0.059921127
10,99639902500826,-0.3784473,0.4745078,0.2379198
4,99639906606503,-0.005060006,0.034088463,0.07243799
10,99639911503222,-0.44399774,0.41817045,0.21991348
4,99639917266139,0.02609898,-0.008788432,0.06098639
10,99639922524264,-0.37274492,0.3079424,0.12694502
4,99639922524264,0.02609898,-0.008788432,0.06098639
4,99639926384576,0.024234766,-0.02263687,0.058589544
10,99639931352910,-0.29996645,0.21933794,0.05415106
4,99639935581295,0.0127831735,-0.01784318,0.05965481
10,99639942021347,-0.14264548,0.12445545,0.042668343
4,99639946443847,0.007190535,0.022104237,0.060720075
10,99639951145774,-0.08181691,0.10438824,0.024196625
4,99639951145774,0.00479369,0.04660532,0.06524745
4,99639955750878,0.0063915867,0.06870956,0.06950851
10,99639961819368,-0.079779506,0.03723669,-0.030287266
4,99639965934576,0.002130529,0.103064336,0.07350325
10,99639970886451,-0.09148502,-0.0034651756,0.022250652
2,99639975134524,-29.0,17.0,19.0
10,99639981574108,-0.12317288,0.006000519,0.06946373
4,99639985710410,-0.0029294773,0.1272991,0.043675844
10,99639990630930,-0.17201245,-0.003757,0.061664104
4,99639990630930,-0.010386328,0.12623383,0.036751624
4,99639994899680,-0.012250541,0.12357068,0.025832662
10,99640001396399,-0.205248,0.041583538,0.10450983
4,99640005494368,-0.010386328,0.111852765,0.013315806
10,99640010401399,-0.20412719,0.028925896,0.1711483
4,99640014683795,-0.014114754,0.10679276,0.010918961
10,99640021142285,-0.18002737,-0.07441187,0.19050169
4,99640025275566,-0.024767399,0.10013486,0.007456851
10,99640030159628,-0.16140461,-0.04349661,0.25814533
4,99640034459628,-0.014913702,0.09560748,-0.007190535
10,99640040920514,-0.15351748,0.024864674,0.29402733
4,99640045057597,-0.011451593,0.08681905,-0.011717909
10,99640049954837,-0.17539918,0.041962147,0.34347057
4,99640054648483,-0.024767399,0.092944324,0.0031957934
10,99640060683326,-0.20327342,-0.02823162,0.30304623
4,99640064826035,-0.03834952,0.1041296,0.02743056
10,99640069723274,-0.24753344,-0.06353426,0.35438538
4,99640074017024,-0.03009372,0.10439592,0.020772656
10,99640080462858,-0.2766919,-0.020292282,0.43375206
4,99640084600149,-0.0058589545,0.08628642,0.002130529
10,99640089120305,-0.30528438,-0.048223972,0.42310715
4,99640093783222,-0.013582122,0.049002163,-0.018642128
10,99640100256295,-0.27550673,0.04301071,0.40332127
4,99640104375201,-0.015978966,0.018375812,-0.040480047
10,99640108892858,-0.27138793,0.12663507,0.3937297
4,99640113567180,-0.029028457,0.0053263223,-0.03888215
10,99640120033587,-0.24029672,0.096012115,0.3709879
4,99640124153691,-0.049002163,0.02609898,-0.021038974
10,99640128665722,-0.22404122,0.009480953,0.43804693
4,99640133346243,-0.059388492,0.042876896,-0.008255799
10,99640139801660,-0.2553085,-0.004283428,0.51738644
4,99640143930983,-0.033289514,0.048203215,-0.010120012
10,99640148456764,-0.32599604,-0.004785061,0.5257282
2,99640153556712,-30.0,16.0,19.0
10,99640159575930,-0.3736099,0.009405136,0.47933483
4,99640163721555,0.022104237,0.015978966,-0.03009372
10,99640168219941,-0.38947368,0.0192914,0.50072145
4,99640172913691,0.0314253,-0.0061252704,-0.04234426
10,99640179383222,-0.3552251,0.10446024,0.49977255
4,99640183490410,0.040746365,-0.015446335,-0.047670584
10,99640188016087,-0.32757413,0.16744995,0.40045166
4,99640192698743,0.040480047,-0.0034621095,-0.03568636
10,99640199160514,-0.28981268,0.20407486,0.35601425
4,99640203274368,0.038083203,0.021571605,-0.018642128
10,99640207767024,-0.2853694,0.2051487,0.36637402
4,99640213888222,0.03888215,0.040480047,-0.0018642128
10,99640219090982,-0.3377328,0.20694017,0.2857294
4,99640223027128,0.04660532,0.046072688,0.004527374
4,99640237484316,0.061519023,0.04527374,0.011717909
648,0.0
4,99640228027128,0.061519023,0.04527374,0.011717909
4,99640255166399,0.09241169,0.0479369,0.0029294773
4,99640242484316,0.09241169,0.0479369,0.0029294773
11,99640247484316,-0.399297,0.092156,-0.405789,0.81694,99640260166399,0.09960223,0.042077947,-0.002396845
4,99640266760357,0.104928546,0.043675844,-0.006657903
10,99640274426555,-0.09848523,0.10073185,0.05215788
4,99640276569160,0.103064336,0.053263225,-0.007456851
11,99640288349732,-0.398408,0.092211,-0.406563,0.81699,0.0
4,99640281569160,0.094009586,0.06364955,-0.008788432
4,99640290700097,0.09321064,0.07376956,-0.00958738
10,99640295954055,-0.018940926,0.18495321,-0.009083748
4,99640297705826,0.08681905,0.095074855,-0.006924219
11,99640305250566,-0.397475,0.09262,-0.407658,0.816853,0.0
4,99640307160357,0.07882957,0.11052119,-0.0026631611
10,99640311576243,0.084754825,0.081582546,0.09217453
4,99640315019941,0.08016115,0.119043306,-0.002396845
4,99640326234889,0.08442221,0.12703279,-0.0063915867
4,99640320019941,0.08442221,0.12703279,-0.0063915867
4,99640328069368,0.084155895,0.12969595,-0.0077231675
11,99640334095253,-0.396051,0.09337,-0.408958,0.816809,0.0
4,99640335861660,0.087618,0.1307612,-0.01304949
10,99640344725305,0.049518466,0.13457584,0.11258268
4,99640344725305,0.09241169,0.13342437,-0.019707393
4,99640346493795,0.10146644,0.13448964,-0.030626353
10,99640351146972,-7.597208E-4,0.14894104,0.105400085
4,99640351146972,0.10146644,0.13448964,-0.030626353
4,99640354581139,0.09667275,0.13182648,-0.029827405
4,99640365757962,0.08149273,0.13475595,-0.027696876
4,99640359581139,0.08149273,0.13475595,-0.027696876
4,99640367594472,0.050600063,0.12942964,-0.029028457
10,99640373637441,2.1648407E-4,0.21273518,0.11207056
4,99640375819785,0.04181163,0.13182648,-0.032490566
10,99640384587753,-0.016245127,0.12867689,0.12469864
4,99640386415514,0.027696876,0.15100123,-0.020772656
10,99640390814055,-0.08807111,0.011361122,0.22525501
4,99640394132128,0.026631612,0.16005598,-0.0127831735
11,99640405793274,-0.392359,0.097637,-0.415854,0.814607,0.0
4,99640408256816,0.0628506,0.15978967,-0.011984225
11,99640414252389,-0.391778,0.098107,-0.416239,0.814634,0.0
4,99640416022805,0.068176925,0.1486044,-0.015978966
11,99640424190618,-0.391123,0.0988,-0.417498,0.814221,0.0
4,99640425970722,0.072171666,0.112119086,-0.033023197
10,99640430258378,-0.22670937,0.1406331,0.34992456
4,99640433691191,0.07590009,0.09374327,-0.04234426
4,99640445284107,0.07350325,0.10040118,-0.034088463
4,99640438691191,0.07350325,0.10040118,-0.034088463
4,99640447127441,0.04447479,0.13848437,0.007190535
11,99640453190514,-0.389417,0.100579,-0.419788,0.813643,0.0
4,99640455178222,0.024234766,0.16271915,0.02956109
11,99640463775566,-0.388765,0.102135,-0.420897,0.813188,0.0
4,99640465680722,0.0058589545,0.19201392,0.047404267
10,99640470106347,-0.95785046,-0.08626032,0.39643145
4,99640473632389,0.009054748,0.16618125,0.02876214
4,99640478632389,0.009054748,0.12623383,0.011185277
4,99640486776347,0.017576864,0.0077231675,-0.035952676
10,99640491799732,-1.0912185,0.24931717,0.6276574
4,99640491799732,0.017576864,0.0077231675,-0.035952676
4,99640493665045,0.024767399,-0.0628506,-0.05672533
11,99640502791868,-0.387131,0.105195,-0.423657,0.812144,0.0
4,99640504894055,0.06471482,-0.18429075,-0.0777643
10,99640512539889,-0.91088927,0.38320065,0.5637388
4,99640512539889,0.082025364,-0.21944448,-0.072171666
4,99640515477962,0.09960223,-0.2396845,-0.058589544
4,99640525155826,0.114782244,-0.2428803,-0.03834952
4,99640520477962,0.114782244,-0.2428803,-0.03834952
4,99640531713691,0.10013486,-0.20959078,0.0127831735
11,99640535229003,-0.386232,0.102365,-0.4242,0.812649,0.0
4,99640535229003,0.06657903,-0.18722023,0.03914847
4,99640543255305,-0.004261058,-0.15233281,0.075101145
11,99640552793587,-0.3859,0.102659,-0.424772,0.812471,0.0
4,99640554735826,-0.047137953,-0.16484967,0.10146644
10,99640560660618,-1.5699735,0.7487521,0.78449774
4,99640560660618,-0.057790596,-0.18935075,0.112918034
4,99640562497649,-0.05965481,-0.22077605,0.12650016
11,99640573439732,-0.385788,0.102865,-0.423714,0.813051,0.0
4,99640575357128,-0.05006743,-0.2942793,0.1470065
10,99640581425722,-1.598043,0.68813944,0.7288666
4,99640583749993,-0.040746365,-0.36671728,0.15126756
11,99640592272232,-0.386272,0.10195,-0.421258,0.814212,0.0
4,99640594192753,-0.03701794,-0.40293628,0.15259913
11,99640599774628,-0.386717,0.101059,-0.419747,0.814891,0.0
4,99640601776139,-0.0644485,-0.41065946,0.17283916
11,99640612092909,-0.387388,0.099923,-0.417667,0.81578,0.0
4,99640614961191,-0.100933805,-0.4263721,0.20133498
4,99640625072753,-0.11052119,-0.4527374,0.20612867
4,99640619961191,-0.11052119,-0.4527374,0.20612867
4,99640628247337,-0.1025317,-0.45833004,0.20293288
11,99640634231191,-0.390491,0.096692,-0.412367,0.817385,0.0
4,99640634231191,-0.087085366,-0.4609932,0.19867182
4,99640638371764,-0.072970614,-0.44821003,0.19920446
10,99640641569211,-0.39426494,0.5587559,-0.04372549
4,99640641569211,-0.061252706,-0.4215784,0.20799288
4,99640647551711,-0.05352954,-0.38589206,0.22184132
10,99640655858222,-0.2338109,0.39201403,-0.09589052
4,99640655858222,-0.046871636,-0.34621096,0.24074976
4,99640662569836,-0.03542004,-0.27031085,0.27563718
11,99640669988899,-0.393588,0.092121,-0.403741,0.820727,0.0
4,99640671900097,-0.017576864,-0.22583607,0.29134983
10,99640680061399,-0.03153217,0.0983963,-0.14691687
4,99640683873482,-5.326322E-4,-0.22370553,0.2892193
10,99640706769576,0.35202432,0.19264793,-0.426149310,99640713394576,0.34173417,0.19743824,-0.41841698
091,0.0
4,99640716765670,0.008255799,-0.22343922,0.20479709
10,99640723453743,0.8314899,0.1175704,-0.6435337
4,99640727419368,-0.018642128,-0.16644756,0.20186761
10,99640730640514,1.0038897,-0.02608633,-0.6722703
4,99640730640514,-0.018642128,-0.16644756,0.20186761
4,99640736561139,-0.027696876,-0.13502227,0.20426446
10,99640744507389,1.057991,-0.16379404,-0.6381707
4,99640748270409,-0.046339005,-0.038083203,0.20293288
10,99640750351034,1.0148975,-0.2643528,-0.56874037
4,99640756321607,-0.064182185,-0.009054748,0.19520971
10,99640764327805,0.95242417,-0.29761076,-0.3928342
4,99640768080149,-0.0777643,0.033289514,0.15606125
10,99640770126034,0.8351054,-0.3718214,-0.1941104
4,99640776107753,-0.071106404,0.03488741,0.14460965
10,99640782580097,0.7362386,-0.46218586,-0.06903362
4,99640782580097,-0.066046394,0.03169162,0.13582122
4,99640786689211,-0.05885586,0.008522116,0.123836994
10,99640791193691,0.6890186,-0.60153484,0.016813755
4,99640791193691,-0.05885586,0.008522116,0.123836994
4,99640796272128,-0.06258429,-0.007456851,0.119043306
10,99640802361399,0.67821026,-0.65208864,0.0028486252
4,99640806627389,-0.07084008,-0.038083203,0.1041296
10,99640810965253,0.70030963,-0.75908613,-0.1648159
4,99640810965253,-0.07829694,-0.041012682,0.0958738
4,99640817642441,-0.09986854,-0.02956109,0.07669904
10,99640822409159,0.75130713,-0.7624626,-0.027058125
4,99640826543795,-0.112119086,-0.014647386,0.066046394
10,99640830752389,0.6896483,-0.74355173,0.05893421
4,99640835726139,-0.14141385,0.019973708,0.041012682
10,99640842210774,0.59371877,-0.72119045,0.088279724
4,99640846144368,-0.16165388,0.041012682,0.01784318
10,99640850806555,0.37048352,-0.7122221,0.14459753
4,99640855504732,-0.17044231,0.033822145,0.0034621095
10,99640861874211,0.30483854,-0.8934164,0.09013367
2,99640866099784,-25.0,31.0,19.0
10,99640870591086,0.48501194,-1.0862556,0.12793493
4,99640875272805,-0.10439592,0.054594804,-0.064182185
10,99640881625201,0.74743545,-1.1589046,0.28883696
4,99640887963013,0.08974853,0.18242654,-0.16937704
10,99640891191763,0.7384447,-1.1565237,0.29394102
4,99640891191763,0.08974853,0.18242654,-0.16937704
4,99640896691555,0.15180019,0.23196134,-0.19307919
10,99640901484680,0.61975586,-1.0301814,0.4184208
4,99640905350149,0.25193503,0.3054646,-0.24181503
10,99640911637597,0.3920611,-0.65468836,0.51451015
4,99640914766138,0.29374668,0.34115094,-0.29640985
10,99640921665149,0.13655424,-0.14483643,0.5930934
4,99640926072388,0.27004454,0.3581952,-0.35233623
10,99640929647232,-0.1554122,0.2644658,0.714859
4,99640935601399,0.18402444,0.35340148,-0.37923414
10,99640942200045,-0.4235227,0.473238,0.7946863
4,99640947004316,0.083090626,0.32437304,-0.36778256
10,99640951603378,-0.7267939,0.56525373,1.0719395
4,99640954814576,0.012250541,0.26818034,-0.33449304
10,99640962015618,-0.7947747,0.48587942,1.1304178
4,99640966802805,0.013315806,0.19734024,-0.30013826
10,99640971422961,-0.887248,0.2983775,1.2511501
4,99640974667753,0.03834952,0.11851067,-0.2775014
10,99640981758951,-0.944007,0.19905663,1.2572293
4,99640986523118,0.084155895,0.03568636,-0.27137613
10,99640990231191,-0.96931565,0.3144827,1.2491531
4,99640995202753,0.120907515,-0.045540057,-0.26977822
10,99641000167597,-1.0425017,0.40854025,1.0796022
4,99641004235670,0.13608754,-0.11930962,-0.24607609
10,99641009900826,-1.0384502,0.5138974,0.8889694
4,99641014738430,0.12996227,-0.18109496,-0.21518342
10,99641021315566,-0.8730343,0.52247,0.657887
4,99641026105357,0.11052119,-0.22663501,-0.18961707
10,99641029514524,-0.69868195,0.49280024,0.41601944
4,99641033842701,0.090281166,-0.24074976,-0.16990969
10,99641041082857,-0.5425992,0.43475962,0.1704545
2,99641046064888,-29.0,23.0,20.0
10,99641050361920,-0.46196938,0.40024567,0.09198809
4,99641053606503,0.063116916,-0.1834918,-0.128897
10,99641060855826,-0.46858668,0.38427114,-0.05256605
4,99641065693951,0.061519023,-0.13768543,-0.10626013
10,99641070306555,-0.5301269,0.39815378,-0.13501358
4,99641073550826,0.06098639,-0.096939065,-0.07643273
10,99641080634888,-0.61476135,0.26270056,-0.22223473
4,99641085527753,0.0396811,-0.072970614,-0.04873585
10,99641090140357,-0.63319075,0.30110073,-0.22042131
4,99641095039211,0.042077947,-0.07962852,-0.04314321
10,99641099940878,-0.5842173,0.41392422,-0.24483728
4,99641103727284,0.05832323,-0.08681905,-0.046871636
10,99641108672649,-0.50817525,0.45388746,-0.334507
4,99641113515461,0.053263225,-0.073236935,-0.02876214
10,99641120227909,-0.40318167,0.43922806,-0.42375183
4,99641125114888,0.037284255,-0.025566347,-0.0055926386
10,99641129725722,-0.28540576,0.4474511,-0.4287176
4,99641132937180,0.026897928,0.033289514,0.01438107
10,99641139992753,-0.25105977,0.3589077,-0.40018034
4,99641144966451,0.013848438,0.0892159,0.031158986
10,99641149548534,-0.28538465,0.2739873,-0.31689835
4,99641152798065,0.0077231675,0.13102753,0.03914847
10,99641159737076,-0.32497668,0.21076345,-0.10062313
4,99641164588274,0.0063915867,0.15286545,0.052464273
10,99641169210670,-0.44220924,0.21692753,0.018769741
4,99641172453378,0.013315806,0.15952335,0.06684534
10,99641179517076,-0.5163716,0.3083024,0.15085506
4,99641184418586,0.01917476,0.16112125,0.08149273
10,99641188087805,-0.62650084,0.29414654,0.19832563
4,99641192991138,0.015180019,0.15632756,0.09187906
10,99641197920513,-0.6657833,0.26157284,0.26779032
4,99641202012545,-0.018109497,0.14301175,0.11424961
10,99641206803847,-0.67803895,0.23314524,0.30067968
4,99641211617284,-0.024501082,0.13369069,0.11558119
10,99641219068743,-0.7743293,0.24370909,0.3176694
2,99641223998951,-28.0,22.0,21.0
10,99641228242753,-0.8051423,0.23582506,0.48180342
4,99641231479836,0.024501082,0.06338324,0.10839066
10,99641238847128,-0.78300357,0.24939156,0.617578
4,99641243744836,0.049801115,0.00958738,0.10945592
10,99641247400826,-0.7191721,0.3300686,0.64421177
4,99641250761138,0.06711166,-0.02609898,0.11265171
10,99641258675618,-0.69797206,0.37477922,0.6789994
4,99641263570201,0.1123854,-0.12863068,0.14620754
10,99641268154003,-0.5520786,0.5327339,0.53606987
4,99641271400930,0.13182648,-0.15819177,0.16458336
10,99641278435201,-0.29530334,0.6552081,0.368217
4,99641283289420,0.18216023,-0.24474451,0.21997711
10,99641287899940,0.08833265,0.7566581,0.2284131
4,99641292844836,0.18615496,-0.27164245,0.23355924
10,99641297794524,0.42834473,0.9131074,-0.008194923
4,99641301596920,0.1555286,-0.34088463,0.24607609
10,99641306548951,0.6365044,1.2380414,-0.25688982
4,99641311330617,0.1486044,-0.3584615,0.24580978
10,99641318034472,0.71635604,1.4400921,-0.35450077
4,99641322847336,0.18402444,-0.30173615,0.33449304
10,99641326570722,0.8502283,1.3776631,-0.5840311
4,99641329835357,0.16538231,-0.23515713,0.40906155
10,99641337788534,0.85883486,1.167098,-0.6670518
4,99641342554003,0.072171666,0.05539375,0.6010755
10,99641346233586,0.97292817,0.81983566,-0.7078781
4,99641350999055,0.07190535,0.15819177,0.5925534
10,99641357555149,1.042714,0.6070399,-0.40501118
4,99641362418899,-0.13369069,0.46019423,0.4564658
10,99641367023795,-0.001203537,-0.7667866,0.055111885
4,99641370258690,-0.29001826,0.43010053,0.44101948
10,99641377341867,-0.5515456,-0.7305255,-0.00454998
4,99641382165201,-0.27403927,0.3640541,0.40293628
10,99641386755878,-1.1024015,-1.6714153,1.3116131
4,99641390376451,-0.2197108,0.25859293,0.3107909
4,99641403080670,-0.34301516,-0.105727494,0.049534798
11,99641411371138,-0.396791,0.065173,-0.32897,0.854451,0.0
4,99641413325045,-0.20080236,-0.3685815,-0.120907515
10,99641421712701,-0.77760124,-2.2456775,2.0746422
4,99641423673534,-0.08841695,-0.54941016,-0.22610238
4,99641428673534,-0.03834952,-0.5933523,-0.2559298
4,99641434859003,0.0058589545,-0.6130597,-0.26844665
10,99641443829055,-0.13608432,-1.3953614,0.9366498
4,99641443829055,0.040480047,-0.6151902,-0.26738137
4,99641445801763,0.09241169,-0.5882923,-0.2580603
10,99641453837440,0.37425387,-0.31098032,0.40474272
4,99641453837440,0.09241169,-0.5882923,-0.2580603
4,99641455809888,0.15259913,-0.5406217,-0.2647182
4,99641465735982,0.15259913,-0.5406217,-0.2647182
4,99641471009680,0.175236,-0.4775048,-0.25007084
10,99641474837076,0.47593212,0.1714859,-0.2833681
4,99641478216763,0.1355549,-0.39414784,-0.24314661
10,99641486376920,0.5796405,0.50427294,-0.63839674
4,99641491189940,0.094009586,-0.31851408,-0.27537087
10,99641494905878,0.66322505,0.84091043,-0.7979212
4,99641498555617,0.06950851,-0.25699505,-0.3174488
10,99641504644784,0.6381706,0.82559395,-1.0650597
4,99641509346347,0.008788432,-0.1736381,-0.3358246
10,99641514029732,0.71410084,0.55435085,-1.0311494
4,99641518802753,-0.06551377,-0.071106404,-0.32943302
10,99641525898222,0.7495856,0.26810217,-0.9612937
4,99641530651763,-0.104928546,0.080960095,-0.34487936
10,99641534422597,0.88919806,-0.17520952,-0.32599354
4,99641537668013,-0.1669802,0.20799288,-0.37550572
10,99641545629367,0.5552242,-0.42388773,-0.33152294
4,99641550428326,-0.12410331,0.2428803,-0.40373522
10,99641554154628,0.25388288,-0.15954256,-0.08354521
4,99641557395669,0.050866377,0.25166872,-0.40080574
10,99641565453690,0.16621447,-0.11055946,-0.15954304
4,99641570275305,0.12996227,0.28868666,-0.4167847
10,99641574004472,0.32210994,-0.119582176,-0.28170633
2,99641577257336,-28.0,22.0,26.0
10,99641585186242,0.4414506,0.16216564,-0.15372276
4,99641589972857,0.18295917,0.3768373,-0.484429
10,99641593763951,0.32680273,0.24248457,-0.035063744
4,99641598548169,0.19920446,0.4543353,-0.43436158
10,99641603655357,0.06561279,0.19035864,-0.1385746
4,99641607508847,0.180296,0.53529537,-0.36645097
10,99641611746659,-0.042125225,0.24064302,0.0074768066
4,99641617884576,0.19307919,0.5837649,-0.33795515
10,99641626078534,-0.099556446,0.11080837,0.054779053
4,99641630879003,0.20373182,0.5840312,-0.350472
10,99641634608951,-0.08648586,0.09015894,0.029186726
4,99641637860930,0.22024342,0.55606806,-0.38802257
10,99641644514524,-0.24477899,0.14134121,0.07435942
4,99641649289055,0.24341293,0.5142564,-0.40293628
10,99641653074888,-0.27937376,0.16905165,0.087641716
4,99641656288013,0.25992453,0.4854943,-0.37763625
10,99641664298430,-0.14708376,0.20323324,0.0551548
4,99641669093326,0.27324033,0.484429,-0.35313517
10,99641671195617,0.013327122,0.27745247,0.17246771
4,99641677513326,0.27830034,0.49641323,-0.34621096
10,99641685360930,0.052342653,0.21779966,0.16482067
4,99641690132024,0.24261399,0.56272596,-0.31664985
10,99641693859784,0.070088625,0.1963582,0.13818741
4,99641698658274,0.17896444,0.5928197,-0.2873551
10,99641703705097,-0.21893275,-0.06018114,0.3373232
4,99641707523430,0.15180019,0.58483016,-0.27190876
10,99641710672649,-0.2716006,-0.21340227,0.63420725
4,99641716787180,0.15765914,0.566987,-0.27137613
10,99641723419524,-0.27056742,-0.29172707,0.70036983
4,99641728209055,0.21198763,0.50600064,-0.28788772
10,99641731864471,-0.3745283,-0.4984169,0.8832021
4,99641736633534,0.23489082,0.4825648,-0.29507825
10,99641743189263,-0.41665196,-0.5095372,0.8796382
4,99641748000305,0.29933932,0.4063984,-0.31132352
10,99641752616555,-0.5391648,-0.2777338,0.90735674
2,99641755872440,-34.0,5.0,30.0
10,99641762975617,-0.58622026,-0.04053974,0.84374666
4,99641767793378,0.3368899,0.30333406,-0.32463935
10,99641772414367,-0.6323919,0.14148235,0.6690054
4,99641775655201,0.34115094,0.2692456,-0.31824777
10,99641782748221,-0.65350723,0.35629082,0.5834713
4,99641787562961,0.35739622,0.20053603,-0.2892193
10,99641792189367,-0.5512829,0.45239496,0.40933943
4,99641796983482,0.35446674,0.17896444,-0.27643612
10,99641801877492,-0.5207517,0.5178199,0.3155241
4,99641805734576,0.36804888,0.180296,-0.24740767
10,99641811334784,-0.46818364,0.76654434,0.3932886
4,99641814577024,0.4048005,0.19893813,-0.2050634
10,99641822298482,-0.49317074,0.82335997,0.45103598
4,99641827099732,0.47137952,0.2825614,-0.12703279
10,99641831720357,-0.59312654,1.1272674,0.5562439
4,99641834955461,0.4663195,0.31718248,-0.095074855
10,99641842124836,-0.6927999,1.125989,0.51462364
4,99641846898430,0.43915528,0.4463458,0.02876214
10,99641851527701,-0.92959714,0.45323467,0.9752579
4,99641854781711,0.4013384,0.6468818,0.28655612
10,99641861903169,-1.072766,0.011140823,1.0232191
4,99641866729159,0.38562572,0.81412834,0.6314355
10,99641871346815,-1.8807312,-0.95802164,0.9433222
4,99641874585565,0.4822985,0.8764463,0.9648633
10,99641881679211,-1.8886062,-0.97187805,0.85310364
4,99641886520409,0.65194184,0.74248934,1.0378339
10,99641891131451,-0.94556975,0.8751006,0.7764602
4,99641896048846,0.8519452,0.6823019,0.57098174
10,99641901018534,-1.1972516,0.41619587,0.54676247
4,99641904900201,0.20133498,0.6330334,-0.022104237
10,99641909768690,-2.9110565,-0.3430934,0.5059986
4,99641914623794,-0.54461646,0.37337518,-0.36618465
10,99641921249888,-4.612152,-0.5459347,2.1662498
4,99641926140721,-0.7488809,-0.07084008,-0.34834146
10,99641930748794,-5.0897055,-2.2038279,2.4114861
2,99641934072544,-30.0,-1.0,35.0
10,99641940999940,-3.5445995,-3.456851,1.6087909
4,99641945903430,-0.047670584,-1.0735203,-0.43809
10,99641950507805,-1.7574451,-3.3749928,0.5695753
4,99641953796346,0.7643272,-1.2096078,-0.6676545
10,99641960755148,-0.3389157,-1.9351687,-0.5837984
4,99641965641086,1.2716595,-1.0271813,-0.83942837
10,99641970249732,0.37478733,0.25393057,-1.7177572
4,99641973491815,1.1195929,-0.7155914,-0.8990832
10,99641980575773,0.12528431,2.251421,-2.647911
4,99641985409263,0.5203817,-0.48309743,-0.7957525
10,99641990029940,-0.48804557,3.9742866,-2.4583297
4,99641994961503,-0.034621093,-0.2860235,-0.52624065
10,99641999896503,-0.634279,3.6541126,-2.290165
4,99642003718690,-0.6173208,-0.12996227,-0.2609898
10,99642008733534,-0.35159445,2.4538202,-1.7344985
4,99642012193378,-0.90920323,-0.033822145,-0.18482338
10,99642020109680,-0.15774786,1.2754521,-0.9160538
4,99642024961659,-0.8410263,0.01917476,-0.20053603
10,99642030009523,-0.34398878,0.32298994,-0.22294712
4,99642033251190,-0.5832323,0.0561927,-0.1965413
10,99642039883846,-0.6977922,-0.1551075,0.3478012
4,99642044883898,-0.30173615,0.04181163,-0.14221281
10,99642050008690,-1.1196623,-0.09116697,0.4213419
4,99642053255357,-0.10173275,-0.018375812,-0.070041135
10,99642059619003,-1.2244875,0.37892914,0.42729473
4,99642064457648,0.008522116,-0.101200126,-0.027963191
10,99642069695357,-1.0376719,0.9171338,0.15493393
4,99642072937128,-0.002130529,-0.15632756,-0.009321064
10,99642079411919,-0.7712872,1.3144097,-0.17009735
4,99642084303430,-0.103064336,-0.15686019,0.0015978967
10,99642089450617,-0.51014674,1.4445434,-0.31953764
4,99642094376711,-0.25726137,-0.10652645,0.026897928
10,99642099341242,-0.36082447,1.2060361,-0.3184209
4,99642103137284,-0.40772998,-0.05832323,0.0777643
10,99642108057336,-0.3124758,0.8020086,-0.16352034
2,99642111356763,-23.0,4.0,24.0
10,99642118957909,-0.34345627,0.36096048,0.018514156
4,99642123857857,-0.43569317,-0.054328486,0.20106867
10,99642128986555,-0.39168632,0.11095953,0.021774292
4,99642132243638,-0.33768883,-0.103064336,0.21571605
10,99642138736607,-0.36965573,0.207129,0.001581192
4,99642143684784,-0.24847293,-0.16005598,0.19787288
10,99642148813065,-0.26480782,0.32140303,-0.040814877
4,99642152046555,-0.2396845,-0.2050634,0.17923075
10,99642158556815,-0.10163784,0.45624924,-0.022138596
4,99642163406555,-0.29028457,-0.24740767,0.18375812
10,99642167918950,0.07810521,0.5117173,-2.1266937E-4
4,99642171170721,-0.35633096,-0.25060347,0.20399815
10,99642178316294,0.21650636,0.44004488,0.14819002
4,99642183157596,-0.41598576,-0.21012342,0.2394182
10,99642188292388,0.21098435,0.3210845,0.21183777
4,99642193228846,-0.4543353,-0.15765914,0.2724414
10,99642198179055,0.05728221,0.31841707,0.24363184
4,99642201994419,-0.46472162,-0.13475595,0.30120352
10,99642206871867,-0.05957997,0.2503271,0.3618517
4,99642210079211,-0.45806372,-0.13981596,0.30786142
10,99642217836398,-0.023419261,0.19383097,0.44661427
4,99642222671294,-0.44101948,-0.21358553,0.2790993
10,99642227812700,0.08893645,-0.007668495,0.5893445
4,99642231046138,-0.39840892,-0.27377295,0.24767399
10,99642237629055,0.23259962,0.022022724,0.59940434
4,99642242458950,-0.3571299,-0.31451932,0.2146508
10,99642247507805,0.31488144,0.1123147,0.5094938
4,99642250726346,-0.34594464,-0.3320962,0.2031992
10,99642257411190,0.376325,0.18598175,0.4260049
4,99642261373690,-0.34940675,-0.3371562,0.2016013
10,99642266260096,0.496271,0.24528265,0.34793663
4,99642269467440,-0.35926044,-0.32463935,0.20266657
10,99642277187128,0.5196601,0.2575817,0.40460968
4,99642281128742,-0.36671728,-0.26391926,0.21891184
10,99642286122388,0.49940467,0.0819006,0.44469595
2,99642290095409,-28.0,9.0,19.0
10,99642296792961,0.47941422,0.009037018,0.48343372
4,99642301576867,-0.3339604,-0.19068234,0.23116238
10,99642306666346,0.439358,-0.18356466,0.662467
4,99642309913325,-0.28815404,-0.1635181,0.2247708
10,99642316920825,0.40331483,-0.19725943,0.6394143
4,99642321687805,-0.22903186,-0.15606125,0.2066613
10,99642326317440,0.30911303,-0.1034646,0.59721994
4,99642329526763,-0.1667139,-0.15126756,0.1834918
10,99642336545982,0.25981832,-0.0925169,0.52982473
4,99642341341919,-0.13182648,-0.13981596,0.17337179
10,99642345929940,0.2755549,-0.18801832,0.46364117
4,99642349165148,-0.13981596,-0.11771172,0.17763285
10,99642356321919,0.2903762,-0.17602062,0.44708395
4,99642361157700,-0.13022858,-0.09267801,0.16964336
10,99642364944784,0.32049322,-0.121767044,0.58025837
4,99642368198586,-0.10839066,-0.08575379,0.16484967
10,99642376102336,0.27669215,-0.07384014,0.43885422
4,99642380917544,-0.09187906,-0.071106404,0.16271915
10,99642384638482,0.28804493,0.017891884,0.32682467
4,99642389418377,-0.08175905,-0.05006743,0.15446335
10,99642394448482,0.3438716,0.09745455,0.42248678
4,99642398564940,-0.07989483,-0.024501082,0.15819177
10,99642404494784,0.27298582,0.021743774,0.36213636
4,99642407770096,-0.07749799,-0.006924219,0.16911073
10,99642414667440,0.19528282,0.022319794,0.30063772
4,99642419493065,-0.046871636,-0.0026631611,0.16884442
10,99642423248273,0.12646008,0.022790432,0.31097078
4,99642427991659,-0.018109497,-0.015978966,0.1504686
10,99642435430617,0.15335953,0.08563471,0.34602594
4,99642440571919,0.002130529,-0.033023197,0.1371528
10,99642444292440,0.15972137,0.101976395,0.31339312
4,99642447531398,0.017044231,-0.029827405,0.14247912
10,99642454056086,0.12909913,0.090797424,0.28871012
4,99642458827648,0.024501082,-0.011451593,0.15579493
10,99642463454888,0.1433922,0.11989164,0.3659873
2,99642468236138,-28.0,14.0,18.0
10,99642474978482,0.12370813,0.17875242,0.29834747
4,99642479725773,0.053795855,-0.008522116,0.13182648
10,99642483520044,0.13088,0.23387384,0.26577282
4,99642488348273,0.059921127,-0.01571265,0.11957593
10,99642493317440,0.15839076,0.18674183,0.19837284
4,99642497437127,0.045007423,0.002130529,0.11957593
10,99642501986450,0.18950808,0.02872324,0.14569807
4,99642507733065,0.0055926386,0.03914847,0.1307612
10,99642516006971,0.15140271,-0.079277515,0.11265898
4,99642520775565,-0.013848438,0.06551377,0.1272991
10,99642525436659,0.16204631,-0.0757823,0.11322594
4,99642528680252,0.006924219,0.06391586,0.10945592
10,99642534627127,0.0061005354,-0.031023026,0.22003555
4,99642539462023,0.03222425,0.045540057,0.087618
10,99642543948377,-0.0063192844,-0.05029583,0.22276545
4,99642547183794,0.021837922,0.03089267,0.06764429
10,99642554093846,-0.0065327883,-0.088299274,0.26008844
4,99642558942336,0.01438107,0.02396845,0.04926848
10,99642563530825,-0.022173882,-0.021706581,0.33522654
4,99642566780409,0.040213734,0.030360037,0.046072688
10,99642573844836,-0.072318435,-0.056695938,0.3490529
4,99642578637752,0.054328486,0.040213734,0.058589544
10,99642580752648,-0.14654362,-0.085437775,0.30834055
4,99642587556555,0.057790596,0.04261058,0.05912218
10,99642593904732,-0.19428742,-0.009538174,0.33030796
4,99642598332596,0.06471482,0.029028457,0.03355583
10,99642600441190,-0.25415397,-0.002357483,0.38298035
4,99642606952388,0.06338324,0.018908445,0.029827405
10,99642614877179,-0.30329084,-0.05585289,0.2910099
4,99642619688586,0.042876896,0.0031957934,0.03089267
10,99642623415304,-0.3008634,-0.05783081,0.2882762
4,99642626653794,0.045007423,-0.025033714,0.014913702
10,99642632082961,-0.37747788,0.22707891,0.10871124
4,99642636919523,0.04474111,-0.047404267,0.0018642128
10,99642640536659,-0.3519069,0.17448711,0.049058437
2,99642645431190,-29.0,15.0,20.0
10,99642653616607,-0.2949692,0.11317873,0.026822567
4,99642658397857,-0.0061252704,-0.03781689,0.0015978967
10,99642662030200,-0.22151804,0.053465843,0.15235281
4,99642665242648,-0.007456851,-0.033289514,0.0018642128
10,99642673277336,-0.24069452,-0.029220581,0.22122288
4,99642678048950,0.026631612,-0.010918961,0.01917476
10,99642681712648,-0.30363882,-0.117043495,0.30121756
4,99642686529732,0.038083203,-0.004261058,0.03009372
10,99642691969315,-0.34439218,-0.13424301,0.25940275
4,99642695756398,0.051931642,0.0077231675,0.033822145
10,99642700311242,-0.3549899,-0.09271097,0.2423625
4,99642705155096,0.064182185,0.01438107,0.020506341
10,99642712883690,-0.39650416,-0.06150484,0.1718154
4,99642717685252,0.049534798,-0.02130529,-0.0013315806
10,99642721346867,-0.43244314,0.08715391,0.058759212
4,99642724590357,0.047670584,-0.03009372,-0.006657903
10,99642732645617,-0.4235754,0.10179281,0.044797897
4,99642737465669,0.033289514,-0.02743056,-0.012516857
10,99642741111398,-0.22067606,0.099954605,-0.032879353
4,99642744492596,0.02263687,-0.016777916,-0.013848438
10,99642752422804,-0.1713494,0.11073589,0.033858776
4,99642757217752,0.009321064,0.019973708,-0.011185277
10,99642760840982,-0.308936,0.14173222,0.0053133965
4,99642764122336,0.008255799,0.03089267,-0.0034621095
10,99642772221919,-0.33839822,0.15157127,0.024267197
4,99642776992023,0.03169162,0.055926383,0.015446335
10,99642780652440,-0.3747878,0.2182622,0.12086868
4,99642785473846,0.04580637,0.06364955,0.015446335
10,99642790939992,-0.39262092,0.23738956,0.20045757
4,99642794813950,0.049801115,0.070307456,0.014647386
10,99642799636554,-0.47859836,0.23212242,0.14516068
4,99642804506034,0.025566347,0.07163903,0.011984225
10,99642812131346,-0.56383455,0.2949648,0.1243
4,99642816909054,-0.004527374,0.030360037,-0.0031957934
10,99642820556867,-0.5101119,0.49293184,0.09558678
2,99642823810825,-30.0,14.0,23.0
10,99642831553690,-0.45749915,0.45701122,0.025505543
4,99642836331971,-0.0314253,-0.005060006,-5.326322E-4
10,99642839963586,-0.13273752,0.40324783,0.019901276
4,99642843208013,-0.04926848,0.012516857,-0.0015978967
10,99642851470617,-0.06512952,0.3297372,-0.024288654
4,99642856380409,-0.054062173,0.051132694,0.0029294773
10,99642860038377,-0.05235231,0.156569,0.025110722
4,99642863253898,-0.040480047,0.09134643,0.022903185
10,99642871084731,-0.0618881,0.077100754,0.009106636
4,99642875923013,-0.018908445,0.12543489,0.040746365
10,99642879567804,-0.08881283,-0.0816617,0.018015862
4,99642884403638,-0.01438107,0.14674018,0.02876214
10,99642889919784,-0.016696334,-0.12641859,0.102365494
4,99642893724888,-0.010120012,0.16298546,-0.01571265
10,99642898734002,0.010875225,-0.28179502,0.15788174
4,99642902192023,-0.0077231675,0.17710021,-0.062051654
10,99642910655252,-0.018581629,-0.35156965,0.12714815
4,99642915548794,-0.006657903,0.1736381,-0.08894958
10,99642919211763,0.018968582,-0.40508127,0.15879774
4,99642922448169,0.010120012,0.19041602,-0.10013486
10,99642930442596,0.12722111,-0.5239501,0.13015747
4,99642935283534,0.027164243,0.22290659,-0.10439592
10,99642938901346,0.21490061,-0.62226677,0.18641996
4,99642942139367,0.05566007,0.272974,-0.13475595
10,99642950245721,0.1894126,-0.59854794,0.24445057
4,99642955077856,0.082025364,0.30280143,-0.17869811
10,99642958722856,0.08060336,-0.5916147,0.19690657
4,99642961968169,0.09161274,0.3054646,-0.21544974
10,99642969595200,-0.010127187,-0.62930536,0.265409
4,99642974440409,0.098004326,0.30280143,-0.2479403
10,99642978087179,0.059012413,-0.6375847,0.39519548
4,99642982929627,0.11025487,0.30200246,-0.28708878
10,99642987996763,0.025414348,-0.49515438,0.5373535
4,99642991863481,0.12197278,0.30812773,-0.32037827
10,99642997670565,-0.09811807,-0.38849306,0.62492704
2,99643002458638,-33.0,11.0,24.0
10,99643009125252,-0.2283963,-0.29813957,0.5141802
4,99643013973221,0.09081379,0.283893,-0.31931302
10,99643017626450,-0.17567968,-0.12627935,0.58590794
4,99643020895252,0.09773801,0.26338664,-0.3257046
10,99643028889054,-0.11342788,-0.12203646,0.55533504
4,99643033938429,0.094009586,0.28229508,-0.31292143
10,99643037577961,-0.043294787,-0.25402498,0.61584616
4,99643040819992,0.082025364,0.34780884,-0.2894856
10,99643048680200,-0.06075132,-0.35872126,0.78358746
4,99643053526971,0.079095885,0.4167847,-0.27643612
10,99643057173794,-0.21422982,-0.45072508,0.9213629
4,99643060449888,0.08948222,0.4428837,-0.27563718
10,99643068472596,-0.3838358,-0.5321069,1.0253243
4,99643073320513,0.18775286,0.45087317,-0.3006709
10,99643076963950,-0.4576888,-0.5699792,1.0149064
4,99643081732023,0.23888555,0.43516052,-0.32623723
10,99643086822961,-0.3726405,-0.47657013,0.8574848
4,99643090788377,0.39254996,0.38775626,-0.44794372
10,99643096543690,-0.28201365,-0.27693462,0.6652441
4,99643101322804,0.44474792,0.3685815,-0.48948902
10,99643108018325,-0.24822688,-0.17852545,0.41291046
4,99643112838429,0.5297027,0.3470099,-0.572047
10,99643116463794,-0.08207154,0.3336525,-0.22299337
4,99643119698898,0.52171326,0.360592,-0.58083546
10,99643127832856,0.02312231,0.47594595,-0.30371094
4,99643132679836,0.4841627,0.43809,-0.5637912
10,99643135864992,0.1802448,0.7865372,-0.3052163
4,99643140720825,0.46472162,0.4745753,-0.545948
10,99643147608481,0.109469056,0.81695986,-0.29197264
4,99643152394263,0.37444046,0.5539375,-0.47351006
10,99643156055617,-0.29121983,0.9714742,-0.07808113
4,99643159329523,0.34141725,0.55580175,-0.45247108
10,99643167408638,-0.4158492,0.9277859,-0.035164833
4,99643172267804,0.2479403,0.4673848,-0.41705105
10,99643175923065,-0.5401412,0.8169842,0.22108126
2,99643180744679,-30.0,4.0,21.0
10,99643185899211,-0.51064694,0.7823639,0.2630415
4,99643189894054,0.23489082,0.3158509,-0.41571945
10,99643195580929,-0.44074762,0.77824783,0.30885983
4,99643198859315,0.25246766,0.24527714,-0.38748994
10,99643206965669,-0.3024583,0.7216177,0.21698332
4,99643211753950,0.23622239,0.20639499,-0.3089267
10,99643215446606,-0.0777328,0.78416777,0.040645123
4,99643218699523,0.22903186,0.20586236,-0.28708878
10,99643226701711,-0.051335096,0.78677607,-0.04325676
4,99643231527961,0.19920446,0.22370553,-0.19228023
10,99643235161138,-0.16281676,0.54932594,-0.17278194
4,99643238411190,0.17417073,0.23462449,-0.15739283
10,99643246472179,-0.18397641,0.48188305,-0.15845776
4,99643251247388,0.13422333,0.25353295,-0.11531488
10,99643255026658,-0.41301453,0.4268136,0.046177387
4,99643258270304,0.112119086,0.25699505,-0.09534117
10,99643266289679,-0.57309353,0.37512875,0.025266647
4,99643271118585,0.060453758,0.24261399,-0.06098639
10,99643274841502,-0.9930295,0.3087988,0.21089506
4,99643279609731,-0.0061252704,0.21518342,-0.023435818
10,99643285141346,-1.0855479,0.3612752,0.37790108
4,99643288955304,-0.0396811,0.1669802,0.010918961
10,99643294288638,-1.3133907,0.33511496,0.45845556
4,99643299074992,-0.06684534,0.13182648,0.04474111
10,99643306147648,-1.5962994,0.40212917,0.50927734
4,99643310904940,-0.09827065,0.099069595,0.073236935
10,99643314675929,-2.0571764,0.5236554,0.7050328
4,99643317923377,-0.1123854,0.05139901,0.10066749
10,99643325983169,-2.1466734,0.58031654,0.85995865
4,99643330756919,-0.08442221,-0.03222425,0.14727281
10,99643334487023,-2.458211,0.31138468,0.969892
4,99643337735304,-0.07563378,-0.14594123,0.21438447
10,99643345755565,-2.4891691,0.29938126,0.9186578
4,99643350563742,-0.06844324,-0.272974,0.25699505
10,99643354353950,-2.4589903,0.40510654,0.999228
2,99643357618898,-30.0,4.0,22.0
10,99643365559627,-2.3939557,0.5602479,0.91886663
4,99643370342231,0.013582122,-0.5659217,0.2977414
10,99643374038846,-2.3417542,0.7640791,0.64779615
4,99643378798481,0.019707393,-0.7089335,0.34328148
10,99643384301763,-2.2631037,0.92459965,0.32261896
4,99643388128898,-0.014647386,-0.8002799,0.42876893
10,99643393253013,-2.188497,0.9604769,0.0041646957
4,99643396630513,-0.029294772,-0.8543421,0.5291701
10,99643405126502,-2.0319815,1.0397601,-0.13726139
4,99643409939783,-0.045007423,-0.89535475,0.5992113
10,99643413719731,-1.8687416,0.9955735,-0.24207354
4,99643416931867,-0.087618,-0.937699,0.6543387
10,99643424853742,-1.6942633,0.99571896,-0.32675314
4,99643429615148,-0.103064336,-0.9787117,0.7022756
10,99643433555096,-1.560736,0.9303074,-0.30701733
4,99643436800981,-0.080960095,-0.9997507,0.7499462
10,99643444640513,-1.4205444,0.9024439,-0.29725885
4,99643449426867,-0.040213734,-1.0106697,0.7749799
10,99643453113065,-1.0569673,0.8222017,-0.4869814
4,99643456359002,-0.016777916,-1.0298444,0.7435546
10,99643464388481,-0.46730554,0.92351675,-0.66206646
4,99643469175200,-0.01438107,-1.0657971,0.64075655
10,99643472990200,0.19052374,1.2747207,-0.81023407
4,99643477778012,-0.039414786,-1.0748519,0.50173956
10,99643483313846,0.77904177,1.5540185,-0.93593884
4,99643487143273,-0.0892159,-1.0037454,0.42211103
10,99643489899523,1.2099884,1.237978,-0.91678524
4,99643497118950,-0.17976338,-0.819721,0.44687843
10,99643505319158,1.4373609,0.41811085,-0.90082693
4,99643508760877,-0.27004454,-0.56618804,0.52144694
10,99643513284262,1.4185585,0.45293283,-0.86421967
4,99643516521867,-0.25166872,-0.28495824,0.56219333
10,99643523818950,1.9150324,-1.3807712,0.15629244
4,99643528637908,-0.11558119,-0.011451593,0.5933523
10,99643532297023,1.7782369,-2.3259883,0.86233854
2,99643535533012,-28.0,18.0,22.0
10,99643543558325,1.3400486,-2.4544811,1.1627822
4,99643548378846,0.2974751,0.31451932,0.588026
10,99643552037023,0.78291726,-1.7979813,1.3077779
4,99643555287648,0.40187103,0.32037827,0.5547365
10,99643563542127,0.43456483,-1.2268047,1.0330286
4,99643568323898,0.46978164,0.19574234,0.4860269
10,99643571978429,0.48210537,-0.70326996,0.6114454
4,99643576760044,0.4348942,0.11984225,0.47857004
10,99643582285825,0.82250214,-0.22770596,0.018657684
4,99643586107127,0.3470099,-0.07829694,0.479369
10,99643588998742,1.2797863,0.057213783,-0.6852312
4,99643596003950,0.32730252,-0.07084008,0.48149952
10,99643602291710,1.6513888,0.07046509,-0.83286047
4,99643607047752,0.19867182,0.18642128,0.36991307
10,99643611675460,2.4163914,-0.73952675,-0.81983423
4,99643614918585,0.049534798,0.34807515,0.3009372
10,99643622126502,1.8651596,-1.1093974,-0.08589363
4,99643626911658,-0.2711098,0.6716492,0.2263687
10,99643631539731,0.75656486,-0.8495083,0.6669769
4,99643634790617,-0.17630127,0.7036072,0.23995082
10,99643641822908,0.02466333,-1.5717664,1.0160441
4,99643646592544,-0.15952335,0.68816084,0.20852552
10,99643650255304,-0.300681,-1.9139161,1.3493719
4,99643653727127,-0.2066613,0.5888249,0.13635385
10,99643661601294,-0.42809713,-1.6824241,1.7389641
4,99643666461346,0.055926383,0.13954964,-0.06657903
10,99643670131762,-0.8712655,-1.7400317,1.8123355
4,99643675046919,0.12197278,0.0026631611,-0.08468852
10,99643679941346,-0.85084146,-1.7343364,1.6802835
4,99643684092804,0.16964336,-0.17949706,-0.10466223
10,99643690013690,-0.5248184,-1.433094,1.376565
4,99643693253846,0.17550232,-0.25513083,-0.1536644
10,99643701199002,-0.252694,-0.91023636,1.1801133
4,99643706111294,0.15526229,-0.26738137,-0.22716765
10,99643710691450,-0.2241615,-0.013669968,0.86103153
2,99643714030304,-27.0,28.0,19.0
10,99643720935929,-0.3315748,0.24038172,0.6351104
4,99643725797544,0.10066749,-0.29321405,-0.20559604
10,99643729524835,-0.27219057,0.7146611,0.1722436
4,99643733569419,0.013582122,-0.30679616,-0.1603223
10,99643740703846,-0.1986438,0.81232786,-0.030843735
4,99643745587908,-0.059388492,-0.31185618,-0.14460965
10,99643750212544,0.046517372,0.7921572,-0.4383278
4,99643753457335,-0.10040118,-0.30919302,-0.15606125
10,99643760483325,0.07198048,0.72441244,-0.5054703
4,99643765347544,-0.123836994,-0.27776772,-0.17470337
10,99643769013742,0.18544316,0.72625875,-0.7686901
4,99643773863742,-0.1041296,-0.21518342,-0.19813919
10,99643778856450,0.16986513,0.8755574,-0.9422164
4,99643782980460,-0.08282431,-0.17257284,-0.21758026
10,99643788912387,0.05126834,1.0572224,-1.3685389
4,99643792164939,-0.12037488,-0.14141385,-0.23808661
10,99643800075564,-0.032534838,1.1707392,-1.5280952
4,99643804965304,-0.21172132,-0.11638014,-0.2593919
10,99643808654419,-0.072298884,1.3061395,-1.6471481
4,99643811927439,-0.26045716,-0.086020105,-0.29481193
10,99643819911658,-0.08756137,1.18295,-1.0983949
4,99643824813950,-0.30120352,-0.0396811,-0.29214877
10,99643829392856,-0.30599225,0.47578192,-0.9484215
4,99643832623898,-0.34434673,-0.06498113,-0.3054646
10,99643839606554,-0.33019078,0.57832146,-0.18256664
4,99643844454471,-0.2314287,-0.1371528,-0.38056573
10,99643849036346,-0.41635525,0.3648095,-0.03426361
4,99643852253325,-0.24660872,-0.21704763,-0.47643954
10,99643859366502,-0.5889293,0.2893424,0.042130947
4,99643864234419,-0.3225088,-0.28975195,-0.5438175
10,99643868855617,-0.6655443,0.20150185,0.38911724
4,99643873678377,-0.37257624,-0.3323625,-0.54195327
10,99643878571085,-0.754809,-0.04786539,0.67867327
4,99643882393117,-0.40213734,-0.34115094,-0.49854377
10,99643887395825,-0.75602853,-0.31084394,0.8539038
2,99643892149471,-24.0,26.0,21.0
10,99643898931971,-0.79025304,-0.28701782,0.99719906
4,99643903878637,-0.27031085,-0.38962048,-0.42530683
10,99643907537648,-0.8147994,-0.16846514,0.88396835
4,99643910801189,-0.15313177,-0.4577974,-0.42051315
10,99643918756866,-0.74822044,0.06619358,0.6544771
4,99643923669783,-0.080960095,-0.5363607,-0.4314321
10,99643928930148,-0.62248397,0.28535318,0.2499876
4,99643932174991,-0.08149273,-0.58935755,-0.4250405
10,99643938505669,-0.45750284,0.38890743,-0.12366724
4,99643942480929,-0.13422333,-0.58722705,-0.38109836
11,99643955384158,-0.392807,0.003753,-0.333838,0.856878,0.0
4,99643957296554,-0.22663501,-0.50333744,-0.26738137
4,99643966495721,-0.24740767,-0.45886266,-0.22929817
4,99643969042648,-0.262854,-0.41918156,-0.19441076
10,99643974647491,0.26310968,0.45672417,-0.75867224
4,99643977119210,-0.26977822,-0.33289513,-0.13662016
4,99643986128481,-0.26764768,-0.28655612,-0.113983296
4,99643988665929,-0.257794,-0.24154872,-0.092944324
10,99643995590929,0.61345124,0.12152529,-0.54103756
4,99643995590929,-0.24341293,-0.19281286,-0.07669904
4,99643997591450,-0.22423817,-0.15020229,-0.06098639
4,99644007472544,-0.20959078,-0.09933591,-0.041545313
4,99644010685148,-0.21518342,-0.009853696,0.021038974
10,99644016182544,0.555362,-0.15967369,-0.47240734
4,99644020963950,-0.22690132,0.061519023,0.08229168
10,99644028081710,0.5936029,-0.12617731,-0.3619027
4,99644031394523,-0.19121496,0.11132014,0.11265171
10,99644035890669,0.58279014,-0.13338614,-0.5003581
4,99644040088273,-0.1685781,0.16431704,0.12463594
10,99644047917648,0.6166599,-0.21784353,-0.6362171
4,99644051157908,-0.17470337,0.22264028,0.11611383
10,99644055665460,0.6894903,-0.22849607,-0.59646845
4,99644060429523,-0.18588865,0.2612561,0.101200126
10,99644067858325,0.6865568,-0.24638796,-0.41675186
2,99644071107856,-28.0,22.0,26.0
10,99644074500460,0.46612358,-0.33945704,-0.2087717
4,99644081651710,-0.27377295,0.41252366,0.045007423
10,99644087219731,0.17262363,-0.3883853,-0.102359295
4,99644090312856,-0.30013826,0.44847634,0.02743056
10,99644094994523,-0.041241407,-0.41553736,0.13260269
4,99644099770200,-0.28975195,0.45726478,0.01304949
10,99644107198377,-0.099924564,-0.5788975,0.41838026
4,99644110417127,-0.25379926,0.44847634,-0.045540057
10,99644115015044,-0.19348764,-0.7717519,0.7829528
4,99644119838012,-0.2396845,0.44474792,-0.059921127
10,99644126954835,-0.31279016,-0.8965397,0.8108249
4,99644130206762,-0.23542345,0.43862265,-0.079095885
10,99644134870304,-0.7252221,-1.0032597,1.1987123
4,99644139619731,-0.21784659,0.41731736,-0.09134643
10,99644146725043,-0.81009805,-0.9398303,1.3099451
4,99644149949731,-0.11771172,0.29001826,-0.1520665
10,99644154717023,-0.93645406,-0.64097023,1.5586538
4,99644159524366,-0.08548747,0.23329292,-0.17496969
10,99644166562075,-0.9418936,-0.5228677,1.5631709
4,99644169808481,-0.058056913,0.12330436,-0.21331921
10,99644174503481,-0.8831029,-0.10418558,1.5365496
4,99644179286554,-0.06018744,0.050600063,-0.23915187
10,99644184873741,-0.8734802,0.047166824,1.5392451
4,99644187973533,-0.06018744,0.01571265,-0.23409186
10,99644194166502,-0.9025755,0.294497,1.4561286
4,99644198928273,-0.070307456,0.0061252704,-0.19094865
10,99644206072596,-0.9599204,0.4215212,1.3643107
4,99644209286137,-0.08468852,0.002130529,-0.14327806
10,99644214080356,-1.0194814,0.56891394,1.3686042
4,99644218859054,-0.07829694,-0.021571605,-0.11638014
10,99644225853741,-1.0765237,0.6706581,1.3511353
4,99644229081293,-0.06338324,-0.056459017,-0.094009586
10,99644233852804,-1.1309527,0.67910624,1.2690287
4,99644238817908,-0.03701794,-0.09241169,-0.057790596
10,99644245251033,-1.1661043,0.6109204,1.1700978
2,99644248508950,-37.0,6.0,27.0
10,99644253563950,-1.1198236,0.58031464,1.0177097
4,99644258374731,0.042876896,-0.13981596,0.025033714
10,99644265031814,-0.99605536,0.5129981,0.78994465
4,99644268271710,0.06737798,-0.13422333,0.066046394
10,99644273400356,-0.84884536,0.42956638,0.60046005
4,99644278201241,0.07882957,-0.103064336,0.11105382
10,99644283349418,-0.6543007,0.35007954,0.44696093
4,99644286619262,0.08468852,-0.04181163,0.16538231
10,99644293063793,-0.5105071,0.18934917,0.23382568
4,99644297908533,0.080960095,0.03355583,0.22024342
10,99644304644418,-0.31421113,0.051807404,0.1563406
4,99644307891971,0.09640643,0.12676647,0.2561961
10,99644313013064,-0.091665745,-0.01923418,0.07098341
4,99644317803064,0.13342437,0.2247708,0.2806972
10,99644324377127,0.01868844,-0.065674305,-0.06426811
4,99644327627127,0.17070863,0.3336941,0.299073
10,99644332779158,0.072723866,-0.12121439,-0.04622984
4,99644337604314,0.20586236,0.42530683,0.3174488
10,99644344207283,0.025849342,-0.066030025,-0.12307215
4,99644347421137,0.24847293,0.48070058,0.34328148
10,99644352551398,-0.00654459,0.036540985,-0.24961519
4,99644357357960,0.30972564,0.5323659,0.36298886
10,99644363931658,0.10803366,0.0041980743,-0.34171677
4,99644367179314,0.3358246,0.5954828,0.35792887
10,99644369986137,0.25168586,-0.005378723,-0.28904438
4,99644378141033,0.33662358,0.66339344,0.30280143
10,99644384544106,0.34942293,-0.055710316,-0.32692957
4,99644388904418,0.27696875,0.7025419,0.23702134
10,99644392764262,0.18673849,-0.13607883,-0.24086523
4,99644397537908,0.20852552,0.70200926,0.18562233
10,99644403836658,0.009604454,-0.11080074,-0.004664898
4,99644407053950,0.18935075,0.649545,0.14753912
10,99644409895668,-0.21545053,-0.2592411,0.11025667
4,99644417304731,0.1834918,0.5733786,0.12037488
10,99644424902231,-0.1404357,-0.5150585,0.11051512
2,99644428144835,-34.0,8.0,23.0
10,99644431544002,-0.10748756,-0.5244751,0.09245777
4,99644436297231,0.2000034,0.44101948,-0.0396811
10,99644443021762,0.18989134,-0.46030092,0.440722
4,99644446278325,0.257794,0.3885552,-0.12516858
10,99644449083793,0.10370004,-0.2831297,0.47184658
4,99644456836762,0.30706248,0.35606465,-0.15313177
10,99644464457752,0.029316783,-0.1292553,0.37313318
4,99644467706502,0.3222425,0.3371562,-0.14274544
10,99644470517648,0.029316783,-0.1292553,0.37313318
4,99644477056398,0.31478566,0.3368899,-0.13209279
10,99644483569054,0.13520455,0.22925615,0.31582546
4,99644487856137,0.272974,0.3358246,-0.12916331
10,99644491505304,0.013769507,0.48136806,0.32875347
4,99644496280773,0.20746025,0.32357407,-0.13608754
10,99644502564158,-0.17190075,0.7159395,0.3024845
4,99644505810200,0.13981596,0.2942793,-0.13688648
10,99644508678429,-0.42808032,0.7757945,0.3288207
4,99644516169523,0.064182185,0.24101609,-0.120907515
10,99644522305616,-0.5877812,0.6161828,0.39910984
4,99644525552648,0.022104237,0.15978967,-0.11052119
10,99644530653689,-0.57705986,0.42384434,0.5733762
4,99644535503741,0.021571605,0.116912775,-0.11584751
10,99644541721398,-0.5432311,0.319695,0.70538807
4,99644544971970,0.05352954,0.02956109,-0.14008227
10,99644550345668,-0.6302146,0.15444231,0.72988033
4,99644555210408,0.05006743,0.015446335,-0.14567491
10,99644561497908,-0.75123054,0.21396446,0.6039767
4,99644564721710,0.022104237,-0.046339005,-0.17550232
10,99644570630043,-0.8436683,0.3652115,0.55598927
4,99644575541345,0.022370555,-0.076166406,-0.18216023
10,99644580457700,-0.8328718,0.4257245,0.45664215
4,99644583571345,0.022370555,-0.1454086,-0.1768339
10,99644589275408,-0.7656215,0.4148612,0.38306713
4,99644594115668,0.0063915867,-0.19760656,-0.16138756
10,99644601039887,-0.57648027,0.41541052,0.14006853
2,99644604361658,-30.0,5.0,21.0
10,99644610077856,-0.49414623,0.55845165,0.018369675
4,99644614913845,-0.01917476,-0.17576863,-0.1403486
10,99644620989002,-0.5485338,0.5591712,-0.07860613
4,99644624356866,-0.020506341,-0.13768543,-0.105993815
10,99644629856450,-0.57405853,0.48124218,-0.03994274
4,99644634721241,-0.025566347,-0.10892329,-0.06391586
10,99644640805564,-0.59192383,0.43634653,-0.091762066
4,99644644115304,-0.051132694,-0.09827065,-0.040213734
10,99644649641241,-0.67812383,0.41529655,-0.036955833
4,99644654541762,-0.054328486,-0.10359697,-0.04660532
10,99644660609939,-0.74685824,0.3880682,-0.10108805
4,99644663903585,-0.04926848,-0.12170646,-0.04580637
10,99644668015877,-0.7618195,0.40397978,-0.24144793
4,99644674605200,-0.046339005,-0.12836437,-0.040480047
10,99644679524418,-0.63696754,0.4290328,-0.2286048
4,99644682606450,-0.048469532,-0.1222391,-0.036485307
10,99644689186345,-0.5008291,0.4679308,-0.14183664
4,99644694033116,-0.05352954,-0.09827065,-0.024501082
10,99644700121658,-0.45401108,0.39717913,-0.08854294
4,99644703373793,-0.084155895,-0.06391586,0.0055926386
10,99644708963377,-0.5553833,0.30257654,-0.041375637
4,99644713814887,-0.12357068,-0.03914847,0.033822145
10,99644719943481,-0.69936216,0.3000269,-0.049770832
4,99644723184731,-0.13954964,-0.043942157,0.03834952
10,99644728741710,-0.72259367,0.36615944,-0.06881237
4,99644733592856,-0.13954964,-0.071106404,0.026631612
10,99644739678377,-0.65264237,0.34565878,0.020168781
4,99644742885720,-0.14620754,-0.09534117,0.0063915867
10,99644748519106,-0.5530417,0.35832548,0.057182312
4,99644753359002,-0.165116,-0.10626013,-0.0127831735
10,99644759430200,-0.48981965,0.3737707,0.08578205
4,99644762667491,-0.21252026,-0.09960223,-0.018642128
10,99644768295825,-0.47738028,0.36994028,0.16940689
4,99644773297543,-0.27643612,-0.090014845,-0.018642128
10,99644778175460,-0.44056618,0.3988781,0.14197016
2,99644781358481,-30.0,5.0,20.0
10,99644787609470,-0.4517392,0.34425688,0.18179655
4,99644792369262,-0.42983422,-0.11318435,-0.02609898
10,99644798850304,-0.4095198,0.2119503,0.12766123
4,99644802055512,-0.52171326,-0.12144015,-0.044208474
10,99644807851606,-0.32655668,0.04815197,0.02373457
4,99644812638637,-0.58243334,-0.107858025,-0.07243799
10,99644818712804,-0.34006047,-0.14433002,0.07130337
4,99644821950564,-0.6266418,-0.09054748,-0.10679276
10,99644827625616,-0.37315726,-0.31479502,0.13201523
4,99644832507179,-0.6412892,-0.105727494,-0.15526229
10,99644838593481,-0.42579937,-0.36551857,0.26597834
4,99644841820199,-0.61598915,-0.16271915,-0.21784659
10,99644847402804,-0.3995707,-0.44970417,0.31647778
4,99644852184939,-0.567786,-0.25539714,-0.2775014
10,99644858310199,-0.34305727,-0.5038333,0.11088753
4,99644861550824,-0.52464277,-0.34674358,-0.32756883
10,99644867163429,-0.22115648,-0.528697,0.058105946
4,99644871937335,-0.50653327,-0.391751,-0.34434673
10,99644876866814,-0.030048609,-0.41808033,0.07903147
4,99644879996085,-0.4822985,-0.38695732,-0.32517198
10,99644885696814,0.10043478,-0.17910814,0.1812253
4,99644891804835,-0.45806372,-0.360592,-0.28469193
10,99644897917127,0.074198484,0.26042843,0.13131714
4,99644901138429,-0.46179214,-0.34168357,-0.24314661
10,99644906382283,0.023563862,0.59654856,0.015444756
4,99644911696502,-0.50653327,-0.3334278,-0.20639499
10,99644917775356,0.031087875,0.75253725,0.056806087
4,99644921016397,-0.551807,-0.3257046,-0.16538231
10,99644926195772,0.07547951,0.620121,0.1736002
4,99644930452491,-0.56245965,-0.2972088,-0.114782244
10,99644937357804,0.14382005,0.49172544,0.38214684
4,99644940575043,-0.5225122,-0.2514024,-0.07590009
10,99644945898533,0.07991099,0.46271086,0.5108576
4,99644950729158,-0.4293016,-0.21358553,-0.042077947
10,99644957045460,-0.07548666,0.39120293,0.5440297
2,99644960304991,-29.0,6.0,19.0
10,99644965735408,-0.16179895,0.38874865,0.5649481
4,99644970554054,-0.221575,-0.23249397,0.026897928
10,99644975512335,-0.05610919,0.43979836,0.6094508
4,99644978817283,-0.165116,-0.24847293,0.032756884
10,99644985220668,0.0023288727,0.5123906,0.64379215
4,99644990008481,-0.06524745,-0.25726137,0.046339005
10,99644996606189,0.16637468,0.5394068,0.5357957
4,99644999842647,0.0034621095,-0.19867182,0.101999074
10,99645005229731,0.24616933,0.5621114,0.48368454
4,99645010027804,0.009853696,-0.15339808,0.12942964
10,99645016381397,0.2584529,0.55634737,0.50010633
4,99645019616606,0.014114754,0.0055926386,0.216515
10,99645025063376,0.22210383,0.439878,0.47833204
4,99645029822856,0.0029294773,0.05752428,0.24367924
10,99645036171658,0.11784649,0.35931206,0.56279373
4,99645039412439,-0.0015978967,0.13369069,0.27537087
10,99645044745720,-0.01749134,0.24398613,0.55013466
4,99645049565147,0.017044231,0.16990969,0.28575718
10,99645055943481,-0.06102085,0.15042543,0.5078988
4,99645059194054,0.040213734,0.17710021,0.28842035
10,99645064575929,-0.19416118,-0.14485025,0.44544458
4,99645068945199,0.0644485,0.17656758,0.28549087
10,99645076453429,-0.15021634,-0.25663233,0.4204774
4,99645079568168,0.10279802,0.19307919,0.27350664
10,99645083024262,-0.13708138,-0.6255884,0.5093107
4,99645088305981,0.1123854,0.19787288,0.2647182
10,99645094941033,-0.13371348,-0.66346264,0.5293226
4,99645098198012,0.1304949,0.20479709,0.23089607
10,99645104225668,-0.21843576,-0.6107869,0.6043081
4,99645109048793,0.15020229,0.18162759,0.18295917
10,99645115315147,-0.343835,-0.48126554,0.58999443
4,99645118563376,0.1555286,0.13262543,0.13821806
10,99645123896189,-0.3779223,-0.4150424,0.5266504
4,99645128670356,0.14168017,0.06844324,0.104928546
10,99645135062543,-0.29739273,-0.30559587,0.48766136
2,99645138333689,-32.0,8.0,17.0
10,99645143707231,-0.18374944,-0.17384195,0.34205198
4,99645148553481,0.09081379,-0.038615838,0.03781689
10,99645154839731,-0.06440568,-0.012959003,0.21343565
4,99645158088637,0.08175905,-0.06098639,0.023435818
10,99645163459835,0.06197381,0.023768902,0.08848715
4,99645168262543,0.077231675,-0.053795855,0.035952676
10,99645173204158,0.18193936,0.08914423,0.049381256
4,99645176597126,0.08442221,-0.029028457,0.051665325
10,99645183238637,0.28286004,0.15409374,0.07596159
4,99645188028116,0.104928546,0.0061252704,0.06524745
10,99645194394679,0.21300507,0.22483873,0.08040142
4,99645197629001,0.12117383,0.028495824,0.08495484
10,99645203498272,0.10398078,0.2882471,0.12404728
4,99645208318533,0.12543489,0.03488741,0.11105382
10,99645214430824,-0.023974419,0.28940916,0.14287949
4,99645217642908,0.11930962,0.022104237,0.12676647
10,99645223152126,-0.07311869,0.34397268,0.10999727
4,99645228016658,0.10892329,-0.009321064,0.13315806
10,99645234134626,-0.12382817,0.4283247,0.06930208
4,99645237382803,0.08362326,-0.039947417,0.14727281
10,99645242974053,-0.09176111,0.4833417,-0.021630764
4,99645247792751,0.066046394,-0.0479369,0.16724652
10,99645253877543,-0.035102367,0.5138011,-0.041288376
4,99645257124626,0.04580637,-0.03222425,0.18668759
10,99645262749001,0.026008368,0.56750965,-0.15542555
4,99645267571137,0.036218993,0.00479369,0.19787288
10,99645272483064,0.02630496,0.5579767,-0.1997776
4,99645275637387,0.03009372,0.04873585,0.20932446
10,99645282520720,-0.031110048,0.318192,-0.26483202
4,99645286461762,0.0037284256,0.0892159,0.22264028
10,99645293286762,-0.07528496,0.09254646,-0.21360207
4,99645296532543,-0.0061252704,0.11771172,0.21438447
10,99645300306762,-0.13753426,-0.067864895,-0.16092968
4,99645307236345,0.010386328,0.122771725,0.19627498
10,99645315223324,-0.20401382,-0.20646,-0.11287308
2,99645318509210,-31.0,10.0,17.0
10,99645323641449,-0.18323779,-0.20389557,-0.11645937
4,99645328458793,0.064182185,0.13262543,0.14966966
10,99645334596189,-0.22462463,-0.18620968,0.024896622
4,99645337874678,0.06391586,0.13022858,0.10892329
10,99645343004835,-0.28067517,-0.10904646,-0.070320606
4,99645347835981,0.0396811,0.12516858,0.07882957
10,99645353929366,-0.33625984,-0.08349562,-0.036798477
4,99645357181501,0.010918961,0.13022858,0.06524745
10,99645359994887,-0.31231785,-0.10743761,-8.854866E-4
4,99645366940251,-0.013582122,0.14141385,0.05752428
10,99645373722074,-0.19104838,-0.1556592,0.066336155
4,99645377605512,-0.019707393,0.15286545,0.040480047
10,99645382854210,-0.1673044,-0.15679598,0.045473576
4,99645387676710,-0.013848438,0.16591494,0.019441076
10,99645393791658,-0.17960715,-0.17550373,0.059657574
4,99645397055928,-0.0015978967,0.17603496,0.002396845
10,99645399877022,-0.24425066,-0.23535872,0.13148355
4,99645405999991,0.013848438,0.18881813,-0.009321064
10,99645413958220,-0.25499618,-0.25532532,0.16488981
4,99645417212439,0.03834952,0.18881813,-0.02263687
10,99645419497647,-0.25499618,-0.25532532,0.16488981
4,99645425936658,0.044208474,0.18508969,-0.0396811
10,99645433868116,-0.23848844,-0.12341261,0.23310757
4,99645437134210,0.020772656,0.1834918,-0.046871636
10,99645439919678,-0.23848844,-0.12341261,0.23310757
4,99645444795876,-5.326322E-4,0.19228023,-0.04234426
10,99645452072178,-0.13258815,-0.110466,0.34175444
4,99645455311449,-0.013315806,0.21864553,-0.027696876
10,99645460066866,-0.07835758,-0.15582609,0.3776946
4,99645464932022,-0.013315806,0.23595607,-0.022370555
10,99645470409366,-0.04546845,-0.20541239,0.38961267
4,99645473510095,0.002396845,0.2657835,-0.018642128
10,99645479691553,-0.06509781,-0.23838663,0.38149786
4,99645484568428,0.030626353,0.29001826,-0.026365295
10,99645491620876,-0.068908095,-0.2394762,0.3807106
2,99645494877335,-34.0,7.0,17.0
10,99645498545668,-0.032123923,-0.18080616,0.47049475
4,99645505007126,0.083090626,0.31611723,-0.05832323
10,99645511653741,-0.005815625,-0.1414299,0.47627878
4,99645514892439,0.09614012,0.32597092,-0.09534117
10,99645519362543,-0.097275734,-0.019857883,0.46842766
4,99645523398741,0.09347696,0.32170987,-0.10226539
10,99645530921241,-0.12290609,-0.046928406,0.42004967
4,99645534195408,0.08069378,0.29348037,-0.101200126
10,99645539074053,-0.20168722,-0.08466339,0.1913681
4,99645543977855,0.08335695,0.27510455,-0.10546118
10,99645550538012,-0.14873195,-0.106803894,0.07728958
4,99645553774835,0.091080114,0.2394182,-0.128897
10,99645558762022,0.11452615,-0.34158754,-0.14263201
4,99645563669158,0.11158645,0.24474451,-0.1635181
10,99645568928949,0.1439631,-0.49726915,-0.30392647
4,99645572154366,0.14833808,0.2559298,-0.1933455
10,99645578588741,0.23534298,-0.5721116,-0.6782255
4,99645583482595,0.20612867,0.32277513,-0.2282329
10,99645590162387,0.35296857,-0.5736933,-0.9245782
4,99645593391866,0.24021713,0.43223104,-0.2727077
10,99645598350147,0.40605032,-0.30700064,-0.8416133
4,99645603203116,0.22423817,0.5858955,-0.31931302
10,99645608494783,0.27460968,-0.009403706,-0.7346096
4,99645612349210,0.16484967,0.737163,-0.34194988
10,99645618318064,-0.15621006,0.25409412,-0.5854559
4,99645623260303,0.10546118,0.8223842,-0.32756883
10,99645629644470,-0.5735798,0.25803947,-0.43712664
4,99645632859366,0.06657903,0.8295747,-0.29481193
10,99645638069314,-0.7220535,0.270041,-0.3629675
4,99645642894730,0.06657903,0.7771104,-0.28868666
10,99645649421137,-0.6735799,0.3106165,-0.14466
4,99645652665564,0.11531488,0.72278196,-0.30040458
10,99645657873480,-0.57257724,0.42164803,0.011072636
4,99645662738428,0.17923075,0.69508505,-0.3009372
10,99645667845668,-0.5463114,0.61581373,0.12344551
2,99645671034418,-35.0,-2.0,13.0
10,99645677545928,-0.6117902,0.71331215,0.1435504
4,99645682337022,0.19041602,0.6708503,-0.21784659
10,99645688981970,-0.6192583,0.8684964,0.28325558
4,99645692215980,0.14061491,0.62903863,-0.18322548
10,99645697229053,-0.6162614,0.911572,0.4404416
4,99645710922282,0.034621093,0.4663195,-0.14460965
961,0.0
11,99645715602751,-0.343876,0.202968,-0.608032,0.686184,0.0
4,99645722354939,0.01571265,0.39814258,-0.13102753
10,99645728345251,-0.2286781,0.5128293,0.68650913
4,99645731441918,0.0127831735,0.36325517,-0.10546118
10,99645736550564,-0.10987115,0.3873787,0.6868715
4,99645741234574,0.0061252704,0.3390204,-0.08042747
10,99645748056137,-0.10105121,0.41070843,0.8073244
4,99645751157022,-0.007190535,0.29294774,-0.057257965
10,99645756326449,-0.14777923,0.3820548,0.87357473
4,99645762312126,-0.022903185,0.23196134,-0.026897928
10,99645767352491,-0.16506135,0.335804,0.93942976
4,99645770317126,-0.020240024,0.1603223,-0.0037284256
10,99645776094262,-0.11358106,0.19437027,1.054399
4,99645780768585,0.00479369,0.10066749,0.004527374
10,99645787618480,-0.08234799,-0.05723715,1.0215607
4,99645790729210,0.015978966,0.047404267,0.009853696
10,99645795882282,-0.13028443,-0.30397558,1.0300059
4,99645801257387,0.03355583,-0.0034621095,0.008788432
10,99645807391918,-0.14792669,-0.4219079,1.072072
4,99645810502178,0.06578008,-0.04527374,-0.0018642128
10,99645815659314,-0.100085855,-0.4608426,1.1602702
4,99645821058689,0.096939065,-0.0743022,-0.00958738
10,99645827205251,-0.09350824,-0.42051792,1.0744386
4,99645830307595,0.11132014,-0.09640643,-0.020506341
10,99645835437439,-0.09892857,-0.23066998,0.8703985
4,99645840100355,0.111852765,-0.11025487,-0.049002163
10,99645847418168,-0.1217258,-0.08152914,0.5999336
2,99645850542335,-37.0,-10.0,8.0
10,99645855291762,-0.10689151,-0.110871315,0.41738987
4,99645861098220,0.087884314,-0.10972224,-0.11132014
10,99645866535199,-0.06789577,-0.2224741,0.29915237
4,99645869514574,0.08229168,-0.07137272,-0.15286545
10,99645874990980,0.008260727,-0.35960484,0.23946667
4,99645879650824,0.07376956,-0.03568636,-0.20426446
10,99645886884314,-0.016899705,-0.43670273,0.21847773
4,99645889976137,0.046871636,0.010386328,-0.24927188
10,99645894802855,-0.08731198,-0.5028467,0.15102386
4,99645899469418,-0.0013315806,0.060720075,-0.283893
10,99645906673532,-0.17531335,-0.50382614,0.06712532
4,99645909774105,-0.04580637,0.11371698,-0.32277513
10,99645913498949,-0.21418715,-0.4113779,0.0046834946
4,99645920252126,-0.063116916,0.13475595,-0.3472762
10,99645926957022,-0.24145663,-0.35039568,-0.1728611
4,99645930170355,-0.07856325,0.19387813,-0.4215784
10,99645934430303,-0.19585371,-0.34835768,-0.43292475
4,99645939210251,-0.0793622,0.21358553,-0.44794372
10,99645946492543,-0.013989925,-0.35416698,-0.49194288
4,99645949744105,-0.045007423,0.299073,-0.5299691
10,99645954588272,0.21144474,-0.38434458,-0.42650795
4,99645959379626,-0.014913702,0.33795515,-0.5544701
10,99645964940876,0.28705812,-0.37137794,-0.44751692
4,99645968050824,0.055127434,0.41039312,-0.5861618
10,99645974149782,0.25158846,-0.39913607,-0.4527526
4,99645983146501,0.10892329,0.53130066,-0.57577544
10,99645988443897,0.2416439,-0.41148758,-0.46322012
4,99645991359262,0.15899073,0.58749336,-0.54914385
10,99645995646866,0.238626,-0.42802668,-0.4794879
4,99646004010824,0.22370553,0.6175871,-0.52144694
10,99646011251084,-0.026974797,0.34170103,0.39219284
4,99646011251084,0.2495382,0.6269081,-0.5137238
4,99646013313428,0.26365295,0.6239787,-0.50786483
4,99646020408116,0.267914,0.6221144,-0.5006743
4,99646022374157,0.2543319,0.613326,-0.4841627
4,99646037235303,0.2050634,0.5763081,-0.4359595
4,99646040498637,0.17869811,0.5153217,-0.39068574
10,99646046806970,-0.25115907,0.56199074,0.40236568
4,99646055614209,0.18216023,0.40426785,-0.34194988
10,99646064897543,-0.7530668,0.5530033,0.88819504
4,99646073672543,0.17710021,0.29987195,-0.3174488
10,99646079638168,-0.7027278,0.5264554,0.9499526
4,99646082005668,0.1768339,0.22556975,-0.3110572
4,99646096464470,0.18402444,0.16831179,-0.2910835
4,99646099722282,0.18002969,0.118776985,-0.2545982
10,99646105757386,-0.70785606,0.46108103,0.8886304
4,99646114555564,0.17603496,0.068176925,-0.216515
10,99646123805928,-0.78519064,0.69823694,0.8047395
4,99646132578064,0.19600865,-0.028495824,-0.12250541
10,99646138548741,-0.7381878,0.36646843,0.5687504
4,99646138548741,0.19787288,-0.033289514,-0.09187906
4,99646140512178,0.20559604,-0.04580637,-0.070041135
4,99646155869053,0.24367924,-0.05912218,-0.054062173
4,99646159126397,0.27723506,-0.060453758,-0.042876896
10,99646164737386,-0.7535838,0.30990648,0.5197487
4,99646173530720,0.26338664,-0.05486112,-0.031158986
10,99646180882699,-0.30205667,0.29127216,-0.06349802
4,99646180882699,0.25379926,-0.05352954,-0.027164243
4,99646182925564,0.24501082,-0.04261058,-0.022903185
10,99646190802334,-0.24750936,0.31941128,-0.20505762
4,99646190802334,0.2394182,-0.028495824,-0.018109497
4,99646192866501,0.23435818,-0.0127831735,-0.012516857
10,99646201364834,-0.12686145,0.4320569,-0.22649288
4,99646203921345,0.27776772,0.04873585,-0.0018642128
2,99646211320147,-20.0,-27.0,6.0
4,99646214231397,0.3086604,0.07137272,0.0061252704
4,99646223470511,0.36671728,0.13369069,0.014913702
4,99646226685303,0.38242993,0.16245283,0.010918961
10,99646231673116,0.117370605,0.75897455,-0.37830257
4,99646240442699,0.43755737,0.27324033,0.041279
10,99646246720199,0.13336897,0.7260413,-0.41038752
4,99646246720199,0.43755737,0.27324033,0.041279
4,99646248686866,0.49002165,0.47137952,0.19361182
10,99646257237543,0.14040816,0.05477953,0.5702052
4,99646257237543,0.53076804,0.613326,0.30919302
4,99646259205043,0.5611281,0.7816378,0.44767737
4,99646274214834,0.5486112,1.1203918,0.79042625
4,99646277436918,0.5211806,1.2373047,0.96992326
10,99646283261814,0.5168179,-0.03335333,0.43171453
4,99646292080616,0.82584625,1.1110709,0.9057411
10,99646299442074,-3.3079567,-1.3010263,2.6655416
4,99646299442074,0.8724516,1.0506171,0.6607303
4,99646301383845,0.5853628,0.90254533,0.37577203
4,99646311383845,-0.20559604,0.11611383,-0.28655612
4,99646316899678,-0.34115094,-0.025033714,-0.5432849
10,99646324504209,-3.1217973,-1.3416567,2.6126328
4,99646333907334,-0.4854943,-0.5749765,-0.7190535
10,99646339880876,-5.1164002,0.24992752,0.84597874
4,99646342820095,-0.5584649,-0.958738,-0.5954828
4,99646347820095,-0.3619236,-1.1880362,-0.582167
4,99646358136709,-0.27670243,-1.1899004,-0.5901565
10,99646366299470,-0.33647037,1.4669499,-1.4637055
4,99646366299470,-0.27723506,-1.0977551,-0.5877597
4,99646368277178,-0.4167847,-0.84155893,-0.5344964
4,99646382911293,-0.46046057,-0.7454188,-0.484429
2,99646386163011,-16.0,-27.0,10.0
10,99646390467022,-0.5559398,1.5393562,-1.3670759
4,99646399257386,-0.5965481,-0.72491246,-0.12942964
10,99646406115303,-2.398189,1.6427426,0.24525452
4,99646406115303,-0.598146,-0.78962725,-0.07350325
4,99646408085980,-0.56725335,-0.8543421,-0.048203215
10,99646415461970,-2.0482163,1.4388733,0.2887783
4,99646415461970,-0.5067996,-0.90707266,-0.038615838
4,99646417404574,-0.43436158,-0.9307748,-0.022903185
4,99646430810199,-0.27483824,-0.92518216,0.038615838
4,99646434126970,-0.17656758,-0.8578042,0.16724652
10,99646439462178,-1.3066047,1.2916594,-0.39875984
4,99646448185772,-0.19094865,-0.7717841,0.3174488
10,99646455733897,-1.3751874,1.3206987,-0.35813665
4,99646455733897,-0.20879184,-0.73822826,0.37550572
4,99646457711397,-0.22370553,-0.71106404,0.4149205
4,99646466745616,-0.27883297,-0.66552395,0.4708469
4,99646469009001,-0.32410672,-0.6426208,0.500408
4,99646481898845,-0.37710363,-0.6247776,0.5382249
4,99646485140147,-0.44847634,-0.5901565,0.62903863
4,99646488074522,-0.44847634,-0.5901565,0.62903863
4,99646492544261,-0.46392268,-0.57763964,0.67990506
10,99646498269470,-0.88420427,0.604362,-0.41560888
4,99646501693063,-0.4596616,-0.5659217,0.768322
10,99646508412595,-0.6322148,-0.0061855316,-0.23946571
4,99646513279574,-0.3965447,-0.5701828,0.80081254
10,99646518580563,-0.29037082,-0.4675684,-0.088552
4,99646521894313,-0.29800773,-0.57151437,0.7795073
10,99646528494574,0.0035459995,-0.831841,0.007555485
4,99646533424418,-0.2146508,-0.56618804,0.7305051
10,99646539481970,0.202829,-0.9426069,0.18382406
4,99646542728011,-0.13608754,-0.55606806,0.6809703
10,99646548278584,0.22247303,-1.0596309,0.24704742
4,99646553140095,-0.10146644,-0.5406217,0.65913236
10,99646559213584,0.3029393,-1.1633015,0.20684671
2,99646562468011,-29.0,-17.0,12.0
10,99646568181813,0.5241746,-1.1543732,0.1765604
4,99646573025043,-0.12969595,-0.49641323,0.6380934
10,99646577931084,0.7750777,-1.0161748,0.16111612
4,99646581041084,-0.13795175,-0.48336375,0.59228706
10,99646587940511,0.8817916,-0.8159342,-0.0117406845
4,99646592758115,-0.14460965,-0.4676511,0.5432849
10,99646598970772,0.9612495,-0.6162901,-0.21540594
4,99646602210720,-0.170176,-0.44794372,0.51452273
10,99646607605407,1.0317965,-0.43277788,-0.35802984
4,99646612399886,-0.17736652,-0.42211103,0.49854377
10,99646618495824,1.1829256,-0.3922434,-0.47084284
4,99646621748324,-0.180296,-0.37257624,0.49295112
10,99646627382907,1.3399718,-0.3932762,-0.28536797
4,99646632155199,-0.13954964,-0.28815404,0.49534798
10,99646638263324,1.3514979,-0.39410353,-0.20140123
4,99646641480199,-0.06870956,-0.19068234,0.5113269
10,99646647201657,1.204348,-0.53037643,-0.1664586
4,99646651990563,-0.0058589545,-0.11025487,0.5249091
10,99646658079053,1.0465895,-0.47046852,0.0074310303
4,99646661361345,0.062051654,-0.079095885,0.5070659
10,99646666915303,0.89023507,-0.35631084,0.093206406
4,99646671737334,0.08628642,-0.08495484,0.4644553
10,99646676663949,0.7799667,-0.23581553,0.025209427
4,99646679762386,0.07403588,-0.10918961,0.41092578
10,99646686691970,0.7058152,-0.051577568,-0.04745388
4,99646691496709,0.029827405,-0.13608754,0.36778256
10,99646697598793,0.7624769,-0.087994576,-0.104738235
4,99646700834938,-0.01917476,-0.14354439,0.3368899
10,99646706488636,0.87727225,-0.32125807,-0.23319721
4,99646711238845,-0.051931642,-0.13315806,0.31451932
10,99646717359678,0.9568031,-0.5059409,-0.2861328
4,99646720599678,-0.051931642,-0.10892329,0.2825614
10,99646726310043,0.9805629,-0.589571,-0.27129698
4,99646731062699,-0.025300032,-0.086020105,0.24341293
10,99646737227595,0.9581492,-0.68459845,-0.2438469
2,99646740466188,-36.0,2.0,14.0
10,99646746198793,0.949391,-0.7768197,-0.062722206
4,99646750979105,-0.019707393,-0.02263687,0.16484967
10,99646757180876,0.79563856,-0.8029437,0.110005856
4,99646760412282,-0.032756884,0.0031957934,0.1307612
10,99646765799626,0.5453253,-0.87139654,0.089291096
4,99646770571397,-0.04873585,0.0061252704,0.101200126
10,99646775468636,0.3432938,-0.88641834,0.12200308
4,99646778608063,-0.046871636,-0.02609898,0.056459017
10,99646785264574,0.2265017,-0.9131913,0.05037546
4,99646790059730,-0.039414786,-0.090014845,-0.0127831735
10,99646796367907,0.24964428,-0.83624744,0.0076270103
4,99646799610772,-0.022370555,-0.14088123,-0.09321064
10,99646805021240,0.32702947,-0.64736843,-0.0048646927
4,99646809793792,-0.009853696,-0.15100123,-0.1504686
10,99646816127699,0.34065795,-0.40873194,-0.028594017
4,99646819339417,-0.015180019,-0.1257012,-0.17710021
10,99646824768636,0.29322803,-0.21935129,-0.01033783
4,99646829598688,-0.03888215,-0.07962852,-0.17603496
10,99646835888584,0.12528563,-0.17767477,0.07251501
4,99646839099522,-0.07563378,-0.026365295,-0.16990969
10,99646844536501,-0.003992796,-0.11312199,0.30410242
4,99646849334470,-0.08442221,-0.007190535,-0.16964336
10,99646855651292,-0.22219348,-0.08441496,0.5155778
4,99646858898272,-0.059388492,-0.011717909,-0.17710021
10,99646864314417,-0.37953615,-0.07166624,0.61974764
4,99646869092803,-0.047404267,-0.03089267,-0.17630127
10,99646874000772,-0.45001614,0.0371933,0.62395287
4,99646877460563,-0.013848438,-0.06764429,-0.18082865
10,99646884099990,-0.43041635,0.13111353,0.5946207
4,99646888872074,0.020240024,-0.09960223,-0.18082865
10,99646895239209,-0.3106227,0.33809853,0.47062588
4,99646898454417,0.023169503,-0.119043306,-0.16405073
10,99646903869782,-0.1844312,0.46611118,0.39481592
4,99646908628688,0.011185277,-0.10892329,-0.13954964
10,99646915010824,-0.16751134,0.47580862,0.3987732
2,99646918290199,-36.0,4.0,15.0
10,99646923653688,-0.3312812,0.39731646,0.28452682
4,99646928415355,-0.045007423,-0.04527374,-0.0777643
10,99646934795303,-0.40048373,0.42405272,0.32746887
4,99646938013376,-0.051931642,-0.049002163,-0.07829694
10,99646943434938,-0.49392056,0.3669696,0.406394
4,99646948217595,-0.04474111,-0.070307456,-0.08522116
10,99646954565824,-0.5030662,0.29583836,0.34251595
4,99646957812230,-0.042077947,-0.082558,-0.081226416
10,99646963212438,-0.4313563,0.24417162,0.2719593
4,99646968036813,-0.036751624,-0.08069378,-0.07243799
10,99646972974522,-0.39980507,0.2636428,0.25079584
4,99646976347959,0.0010652645,-0.07669904,-0.063116916
10,99646982980824,-0.34385014,0.21188784,0.21798086
4,99646987776605,0.036751624,-0.06231797,-0.050600063
10,99646994119678,-0.26771212,0.08242893,0.095127106
4,99646997340876,0.039414786,-0.043675844,-0.056459017
10,99647002758949,-0.19099832,0.112068176,0.17659235
4,99647007590355,0.046339005,-0.023435818,-0.07749799
10,99647013901865,-0.29502237,0.14595509,0.22363138
4,99647017150147,0.043675844,-0.011185277,-0.06950851
10,99647022545928,-0.3904643,0.21124268,0.24426222
4,99647027317386,0.033822145,-0.028229509,-0.05539375
10,99647032861605,-0.36751425,0.30732918,0.23138714
4,99647036108272,0.05566007,-0.04527374,-0.05965481
10,99647042095042,-0.23986506,0.40374804,0.19315815
4,99647046908897,0.08149273,-0.049534798,-0.06391586
10,99647053442751,-0.13359201,0.4125805,0.23719454
4,99647056677594,0.09427591,-0.02609898,-0.044208474
10,99647062088480,-0.16670263,0.40881443,0.23631048
4,99647066874053,0.0958738,0.009853696,-0.009853696
10,99647071806605,-0.25147486,0.43883324,0.3370881
4,99647075245147,0.09267801,0.020240024,0.031158986
10,99647081920094,-0.3856448,0.51307774,0.35921574
4,99647086751344,0.08442221,-0.0127831735,0.057257965
10,99647093002282,-0.40611565,0.5075793,0.29968357
2,99647096268219,-35.0,6.0,16.0
10,99647101654313,-0.26325774,0.25637007,0.2267828
4,99647106431084,0.033822145,-0.015978966,0.13262543
10,99647112785980,-0.12506652,-0.008575439,0.26115608
4,99647116029001,0.027164243,0.044208474,0.17283916
10,99647121942126,-0.10138142,-0.09585428,0.404171
4,99647126839313,0.06364955,0.08575379,0.20799288
10,99647132926657,-0.24466586,-0.105941296,0.3499179
4,99647136175772,0.096939065,0.09321064,0.22929817
10,99647139024365,-0.32128024,-0.067634106,0.36428308
4,99647146578115,0.11797804,0.07483483,0.22503711
10,99647154499990,-0.2874279,-0.08403635,0.2404952
4,99647157767699,0.11158645,0.06950851,0.19707392
10,99647162875719,-0.26997375,-0.08573437,0.2342267
4,99647167719469,0.07350325,0.092944324,0.16298546
10,99647172623584,-0.12422967,-0.16484308,0.08871317
4,99647175727334,0.05752428,0.12144015,0.13102753
10,99647178041188,-0.18887317,-0.119353294,0.0049157143
4,99647186140615,0.05566007,0.1371528,0.12170646
10,99647194060563,-0.23626697,-0.11253214,-0.08516216
4,99647197327699,0.054594804,0.13635385,0.11052119
10,99647202455771,-0.2223903,-0.11272383,-0.08876133
4,99647207254574,0.071106404,0.12942964,0.06471482
10,99647213346501,0.031236768,3.5905838E-4,-0.19595098
4,99647216625199,0.088150635,0.13502227,0.015180019
10,99647221551188,0.012262583,-0.005154133,-0.2872405
4,99647226377751,0.08628642,0.15765914,-0.014913702
10,99647232497751,-0.05632603,-0.009328365,-0.19305086
4,99647235744782,0.07989483,0.17630127,-0.026631612
10,99647238669469,-0.120969415,0.04334402,0.06552315
4,99647245647542,0.082025364,0.1784318,-0.03195793
10,99647253612803,-0.20528102,0.05333948,0.30263805
4,99647256335876,0.06178534,0.1488707,-0.03542004
10,99647261974261,-0.19764113,0.04814434,0.29535484
4,99647266750876,0.0314253,0.09321064,-0.038615838
10,99647271613480,-0.3992741,0.25032377,0.4628148
2,99647274734730,-36.0,8.0,15.0
10,99647276919365,-0.3681494,0.21680498,0.489151
4,99647285027386,0.0013315806,0.005060006,-0.008255799
10,99647292995511,-0.2430402,0.08011007,0.44075203
4,99647296263688,0.016245283,-0.004261058,0.0058589545
10,99647299071865,-0.2430402,0.08011007,0.44075203
4,99647304034157,0.02876214,-0.0015978967,0.0053263223
10,99647311140980,-0.08618522,0.051536083,0.46739864
4,99647314446344,0.062051654,0.00958738,0.0039947415
10,99647319028115,-0.19655311,0.0429945,0.37970448
4,99647323876709,0.054594804,0.008522116,0.008788432
10,99647330931240,-0.25518692,0.12739182,0.41332817
4,99647334226553,0.03089267,-0.024234766,-0.002130529
10,99647338759053,-0.23306811,0.22417116,0.41162062
4,99647343655667,0.02396845,-0.044208474,-0.013315806
10,99647350746605,-0.23828447,0.2019763,0.39471674
4,99647354064209,0.005060006,-0.09720538,-0.0314253
10,99647358603480,-0.1853733,0.21184158,0.43483448
4,99647363444782,0.0058589545,-0.1123854,-0.029294772
10,99647369057490,-0.13321579,0.2097683,0.41349125
4,99647372169678,0.019707393,-0.1304949,-0.02130529
10,99647378330824,-0.0730623,0.23343277,0.37993193
4,99647383246605,0.032490566,-0.13262543,-0.004261058
10,99647390256553,-0.07710111,0.26125288,0.34322977
4,99647393467542,0.037550572,-0.11744541,0.034621093
10,99647398120719,-0.1101259,0.09314251,0.25377417
4,99647403133115,0.0314253,-0.10972224,0.051665325
10,99647410231865,-0.14904952,0.055831432,0.24643803
4,99647413450823,0.010120012,-0.11158645,0.06471482
10,99647417864782,-0.15182865,0.09413624,0.27822256
4,99647422772855,0.010652645,-0.1206412,0.054328486
10,99647429805615,-0.16808522,0.039880753,0.19631052
4,99647433051553,0.017310547,-0.13422333,0.039947417
10,99647437784105,-0.12429917,-0.24894333,0.1892333
4,99647442575407,0.006924219,-0.133957,0.04447479
10,99647449202594,-0.14050579,-0.28756142,0.16668749
2,99647452436396,-35.0,10.0,17.0
10,99647457273688,-0.1743604,-0.31143856,0.2471385
4,99647463066136,0.007456851,-0.096939065,0.017044231
10,99647468136657,-0.2722056,-0.19023037,0.25459766
4,99647471245042,0.018642128,-0.09614012,-0.0061252704
10,99647477440355,-0.35169291,-0.09454918,0.26298904
4,99647482230511,0.014647386,-0.10040118,-0.020506341
10,99647488734834,-0.38452315,-0.054083347,0.21646786
4,99647491985355,-0.0037284256,-0.10945592,-0.036751624
10,99647496969261,-0.41641593,-0.008063793,0.17589998
4,99647501785667,-0.011185277,-0.11318435,-0.049002163
10,99647508500198,-0.3994527,0.028490067,0.21244049
4,99647511760876,-0.0018642128,-0.12170646,-0.058589544
10,99647516979261,-0.33884513,0.08108711,0.18644857
4,99647521827021,0.01571265,-0.1123854,-0.059921127
10,99647528287646,-0.32165194,0.20164442,0.13507414
4,99647531532594,0.025300032,-0.1025317,-0.06178534
10,99647536871553,-0.31128597,0.33757305,0.130054
4,99647541819001,0.029028457,-0.083889574,-0.063116916
10,99647548089053,-0.33104157,0.43196583,0.13110733
4,99647551354573,0.013315806,-0.06791061,-0.05139901
10,99647556508115,-0.34423292,0.49113226,0.122859
4,99647561359001,-0.002130529,-0.0561927,-0.032490566
10,99647566489365,-0.3457167,0.53460693,0.13913155
4,99647569669261,-0.010386328,-0.051665325,-0.016245283
10,99647576116292,-0.2602334,0.5431657,0.11315298
4,99647580885355,-0.020240024,-0.03568636,0.0055926386
10,99647587620823,-0.18042934,0.5334544,0.12602901
4,99647590876761,-0.018642128,-0.0055926386,0.03169162
10,99647596078063,-0.17131937,0.46468592,0.10769081
4,99647600892178,-0.013582122,0.023169503,0.06258429
10,99647607399834,-0.19144785,0.4110031,0.06744003
4,99647610649990,0.0029294773,0.048203215,0.08468852
10,99647615625719,-0.17681968,0.30691338,0.105134964
4,99647620513584,0.016245283,0.056991648,0.09134643
10,99647627192855,-0.12501466,0.22384262,0.10124445
2,99647630450355,-35.0,10.0,19.0
10,99647635252594,-0.09277487,0.20189142,0.12981129
4,99647640023948,0.05912218,0.057790596,0.082025364
10,99647646952334,-0.056344986,0.10696411,0.08311701
4,99647650169157,0.059388492,0.06924219,0.09081379
10,99647655376396,0.011743784,-0.002342701,0.08655357
4,99647660151292,0.041545313,0.088150635,0.08628642
10,99647665340615,0.037665606,-0.06489706,0.07912874
4,99647668555980,0.024234766,0.09853696,0.066312715
10,99647675005563,0.041850686,-0.17626381,0.087656975
4,99647679767438,0.016777916,0.08868326,0.041545313
10,99647686516240,0.044232488,-0.28950548,0.1139555
4,99647689765823,0.019973708,0.076166406,0.017044231
10,99647694930303,0.10130763,-0.36280918,0.25507164
4,99647699743063,0.030626353,0.07057377,-0.007456851
10,99647706294053,0.17230797,-0.35345984,0.24965811
4,99647709552438,0.04314321,0.06364955,-0.03435478
10,99647714679573,0.16669762,-0.28820562,0.26714182
4,99647719568167,0.05006743,0.0644485,-0.051665325
10,99647726095875,0.19041657,-0.24311018,0.214602
4,99647729347490,0.041279,0.071106404,-0.05885586
10,99647734454157,0.18266773,-0.12893343,0.23360586
4,99647739332594,0.03195793,0.08495484,-0.06364955
10,99647745846188,0.10181582,-0.01943922,0.25005102
4,99647749070042,0.018908445,0.09933591,-0.07057377
10,99647754191813,0.08373332,0.05180502,0.29755878
4,99647758964990,-0.010652645,0.10918961,-0.06684534
10,99647764696917,-0.030481577,0.009671211,0.42278242
4,99647767808115,-0.017310547,0.11132014,-0.058056913
10,99647773902750,-0.13494122,-0.08616257,0.5152626
4,99647778681969,-0.013848438,0.11664646,-0.03355583
10,99647785775407,-0.24356484,-0.1676588,0.6141486
4,99647789029834,0.013848438,0.105727494,-0.015978966
10,99647793851709,-0.39824653,-0.1760993,0.68505144
4,99647798668063,0.024767399,0.09081379,-0.014114754
10,99647805593480,-0.5031661,-0.12896109,0.7301817
2,99647808822594,-37.0,6.0,20.0
10,99647813181709,-0.5011393,-0.114528656,0.6164479
4,99647817953896,0.07882957,-2.663161E-4,-0.010120012
10,99647825381761,-0.48868597,-0.0845108,0.58626986
4,99647828600875,0.07350325,-0.031158986,-0.030360037
10,99647832350563,-0.37601423,-0.0044083595,0.5469947
4,99647838706605,0.06897587,-0.02956109,-0.036751624
10,99647845361084,-0.3759185,-0.038217545,0.5327287
4,99647848598792,0.0561927,0.014913702,-0.01304949
10,99647853035146,-0.572142,-0.19066,0.5806608
4,99647857803740,0.051931642,0.02263687,-0.0077231675
10,99647863509209,-0.62962425,-0.15348339,0.51839256
4,99647866612438,0.050866377,0.0039947415,-0.03435478
10,99647872779365,-0.6703892,-0.016335964,0.4998088
4,99647877581761,0.04873585,-0.06178534,-0.09134643
10,99647884679521,-0.64888644,0.08927965,0.32752085
4,99647887895302,0.045007423,-0.11424961,-0.13342437
10,99647892791500,-0.3684919,0.19163132,0.1632247
4,99647897661605,0.06870956,-0.11318435,-0.1387507
10,99647904465980,-0.2686684,0.17972755,0.1387229
4,99647907703480,0.10439592,-0.07590009,-0.12330436
10,99647912536344,-0.03420031,0.26372576,0.020222187
4,99647917334052,0.13422333,-0.01917476,-0.09614012
10,99647924251084,-0.019678354,0.24098778,0.009195328
4,99647927499365,0.15499598,0.02743056,-0.072970614
10,99647932257438,0.008973956,0.28624582,3.824234E-4
4,99647937046865,0.17789917,0.057790596,-0.043942157
10,99647944033011,0.017610192,0.27116585,-0.057753563
4,99647947270563,0.19121496,0.09161274,-0.01304949
10,99647952004313,0.05134368,0.23452711,-0.07364941
4,99647956818115,0.19148129,0.13342437,0.0010652645
10,99647962436344,0.13423252,0.22434998,-0.011283398
4,99647965532230,0.19041602,0.18615496,0.009853696
10,99647971668844,0.15203738,0.13614893,-0.015991688
4,99647976528115,0.1685781,0.23089607,0.026897928
10,99647983602646,0.12827146,0.06454229,-0.07204294
2,99647986842542,-34.0,4.0,22.0
10,99647991214677,0.15894032,0.07082176,-0.06972647
4,99647996066605,0.14354439,0.2660498,0.042876896
10,99648003403896,0.2258296,0.019625664,-0.017147064
4,99648006644365,0.15020229,0.2841593,0.04261058
10,99648011335719,0.36033022,-0.11842775,0.08258915
4,99648016240250,0.17070863,0.3089267,0.04474111
10,99648023149677,0.40164316,-0.18364811,0.11578798
4,99648026397386,0.19947077,0.34621096,0.04234426
10,99648030507907,0.29122782,-0.26744032,0.18232203
4,99648035480198,0.21518342,0.38615838,0.029028457
10,99648041663480,0.12335324,-0.22136784,0.2179637
4,99648044921657,0.22743396,0.40240365,-0.017310547
10,99648050776188,0.015956044,-0.21801233,0.36713314
4,99648055597646,0.24714136,0.39068574,-0.082558
10,99648061323636,-0.06749368,-0.41202164,0.42314434
4,99648064423323,0.24873926,0.3571299,-0.1419465
10,99648069441657,-0.15847337,-0.5221548,0.41835594
4,99648076175302,0.26232138,0.32011196,-0.19893813
10,99648083786136,-0.19843507,-0.6541853,0.41699123
4,99648087035771,0.2958772,0.29241508,-0.23222765
10,99648091463271,-0.19360745,-0.6764331,0.394763
4,99648096245042,0.345412,0.26844665,-0.26072347
10,99648102513688,-0.21009564,-0.44128513,0.38955164
4,99648105769521,0.41571945,0.24501082,-0.30945933
10,99648108565615,-0.09996235,-0.048636436,0.41109943
4,99648115797438,0.45140582,0.22024342,-0.36671728
10,99648123353427,-0.095623374,0.23424196,0.17584896
4,99648126618896,0.43569317,0.19734024,-0.41199103
10,99648131108115,-0.11107266,0.19749355,0.14535666
4,99648135949052,0.36911413,0.19867182,-0.40932786
10,99648142228896,-0.058731318,0.5763688,-0.20469856
4,99648145467698,0.33529198,0.22290659,-0.36751625
10,99648148264938,0.09928596,0.74635696,-0.03949833
4,99648155638584,0.34274885,0.24927188,-0.3073288
10,99648161962854,-0.0028209686,0.91943884,-0.26643324
2,99648165084834,-32.0,-2.0,23.0
10,99648168421240,-0.10337746,0.9984474,-0.34065342
4,99648174996552,0.36645097,0.33742252,-0.1768339
10,99648182602542,-0.10740781,0.56639004,-0.051539898
4,99648185865354,0.38056573,0.46525425,-0.012250541
10,99648188689417,-0.10740781,0.56639004,-0.051539898
4,99648194520302,0.4261058,0.64395237,0.19361182
10,99648200593532,-0.8535956,-0.6058631,0.68577766
4,99648203836865,0.48203218,0.752343,0.345412
10,99648209170979,-1.3694131,-0.7594137,1.2564273
4,99648214098792,0.5291701,0.67511135,0.46339005
10,99648220349052,-2.0973604,-0.5149636,1.5742764
4,99648223588323,0.57550913,0.4348942,0.5928197
10,99648228949782,-2.3262181,0.3669715,1.1450033
4,99648233806969,0.61226076,0.30652985,0.6282397
10,99648240137542,-1.4242476,1.5628319,0.6590586
4,99648243377907,0.54674697,0.0644485,0.3022688
10,99648248737021,-1.2105478,1.9239874,0.54558325
4,99648253661292,0.31638354,0.018375812,0.11638014
10,99648258593792,-2.324327,2.0997534,0.4781704
4,99648261877386,-0.26711506,-0.18082865,-0.12623383
10,99648268516969,-2.6931548,2.0640707,0.7100668
4,99648273377229,-0.56459016,-0.49614692,-0.18082865
10,99648279711500,-2.4383008,1.0109296,0.60470486
4,99648282915511,-0.67191553,-0.7323693,-0.17736652
10,99648288294834,-0.80586004,0.042371273,-0.25472736
4,99648293202229,-0.4857606,-0.80800307,-0.16644756
10,99648299419573,-0.5178208,-0.081347466,-0.42540312
4,99648302657750,-0.095074855,-0.75154406,-0.12809806
10,99648308110979,-0.36947125,-0.08231115,-1.5940871
4,99648313144938,0.2031992,-0.6649913,-0.11052119
10,99648319237750,-0.614696,-0.10620642,-1.5503731
4,99648322473740,0.33129725,-0.6375608,-0.0029294773
10,99648327847334,-0.9398045,1.0100679,-0.6281562
4,99648332651240,0.49987534,-0.6527408,0.20133498
10,99648339022542,-0.5903682,1.9808564,-0.23027849
2,99648342268584,-28.0,-5.0,25.0
10,99648347732594,0.26072037,1.466867,-0.055412292
4,99648352509469,-0.045540057,-0.23835292,0.31931302
10,99648357430667,0.26277053,1.3817759,0.62379694
4,99648360775927,-0.26658243,-0.13448964,0.41252366
10,99648366319573,-0.0073421,1.6379557,1.2283149
4,99648372786604,-0.25220135,-0.17550232,0.577107
10,99648378824000,-0.13750255,1.391417,0.036022663
4,99648382031969,-0.24421188,-0.063116916,0.74781567
10,99648387280354,0.64573836,0.32468462,-0.7342744
4,99648392105042,-0.16458336,0.1984055,0.83916205
10,99648398339677,1.3867352,0.2470336,-0.36050177
4,99648401550979,0.007190535,0.5430186,0.66818714
10,99648407482750,0.98430824,-1.751502,-0.5814419
4,99648412255406,-0.1555286,0.6921556,0.37923414
10,99648418329834,-0.7115338,-2.4115,1.8414826
4,99648421535875,-0.24554345,0.46046057,0.088150635
10,99648427135511,-2.9461262,-3.3037262,2.5731244
4,99648431920198,-0.30812773,-0.04660532,-0.11851067
10,99648437984521,-2.8312275,-2.9559193,2.6897912
4,99648441237698,-0.079095885,-0.43382895,-0.27643612
10,99648446952386,-1.1661935,-2.2350812,1.8280916
4,99648451739677,0.25832662,-0.5592638,-0.37710363
10,99648456614156,0.036248803,-1.3455081,0.49046755
4,99648459720875,0.45566687,-0.5368933,-0.38056573
10,99648466355615,0.36227918,0.36199427,-0.65869284
4,99648471179834,0.5222459,-0.4428837,-0.33316147
10,99648477464417,0.30726457,1.9576807,-1.6716847
4,99648480703479,0.3358246,-0.3291667,-0.30013826
10,99648486468375,0.38572133,2.6395476,-2.3938332
4,99648491311396,-0.03195793,-0.18136127,-0.3153183
10,99648497453427,0.48309374,1.9164243,-2.003038
4,99648500670458,-0.44101948,-0.06178534,-0.27377295
10,99648506225771,-0.09591174,0.72490454,-1.2322106
4,99648510981240,-0.484429,-0.005060006,-0.15978967
10,99648517097750,-0.715647,-0.073171616,-0.12600565
2,99648520367177,-29.0,-2.0,26.0
10,99648526114000,-1.167392,-0.60256624,0.17340136
4,99648530330927,-0.0061252704,-0.0561927,-0.086020105
10,99648536779938,-1.2234124,-0.48979187,0.19626474
4,99648540018844,0.09880328,-0.123038046,-0.16245283
10,99648545777177,-1.1867872,0.13317156,0.12520504
4,99648550538740,0.09054748,-0.1603223,-0.18775286
4,99648555430511,0.039414786,-0.16405073,-0.17869811
4,99648558552750,-0.04181163,-0.15393071,-0.1635181
10,99648565575406,-0.8999944,0.94816923,-0.13293314
4,99648570396969,-0.24154872,-0.12330436,-0.13289174
10,99648576491552,-0.7784097,0.92858076,0.016788483
4,99648581256969,-0.41971418,-0.09720538,-0.10918961
10,99648586518792,-0.79832566,0.6245942,0.2263546
4,99648591301031,-0.5219796,-0.105993815,-0.083889574
10,99648597398740,-0.86826855,0.43729734,0.5367093
4,99648600666708,-0.50839746,-0.14168017,-0.05352954
10,99648605849313,-0.89747,0.48555088,0.66139984
4,99648610695771,-0.4215784,-0.16724652,-0.024234766
10,99648616828636,-0.8153757,0.37625742,0.5601549
4,99648620065823,-0.34807515,-0.1685781,0.03009372
10,99648625324677,-0.49144757,0.4310174,0.6214247
4,99648630179729,-0.2692456,-0.175236,0.06870956
10,99648636276813,-0.29135883,0.45729733,0.47512388
4,99648639519417,-0.22264028,-0.20772657,0.11424961
10,99648644676031,-0.38687658,0.34814787,0.10476351
4,99648649503167,-0.24181503,-0.2282329,0.17630127
10,99648654385615,-0.37523246,0.4818163,0.0055646896
4,99648657495302,-0.25193503,-0.23169503,0.19813919
10,99648664137229,-0.31395805,0.7515969,0.13080835
4,99648668921292,-0.23435818,-0.22770028,0.21118867
10,99648675216031,-0.3117212,0.82633495,0.099313736
4,99648678426188,-0.28176245,-0.252734,0.22423817
10,99648684231500,-0.17982721,0.779171,0.08750963
4,99648689048688,-0.34274885,-0.2796319,0.24314661
10,99648695108636,0.102481484,0.7000599,0.2597003
2,99648698363531,-33.0,-1.0,23.0
10,99648704039313,0.24630177,0.31723356,0.19736528
4,99648708831136,-0.43116578,-0.21917816,0.31691617
10,99648714897073,0.1223191,-0.121302605,0.15651894
4,99648718114938,-0.43862265,-0.15313177,0.3472762
10,99648723473323,0.016616821,-0.30902147,0.44618702
4,99648728229000,-0.40400153,-0.13315806,0.3435478
10,99648734547750,-0.028778434,-0.20626593,0.63840675
4,99648737756031,-0.27217507,-0.14008227,0.29348037
10,99648743184104,0.004086852,-0.056515694,0.50831175
4,99648747973635,-0.16644756,-0.1768339,0.23249397
10,99648752911813,0.06752741,0.06458855,0.4090662
4,99648756332958,-0.15313177,-0.18615496,0.19547603
10,99648762962281,0.22670078,0.21367168,0.33841038
4,99648767810094,-0.20080236,-0.13662016,0.20985709
10,99648774098010,0.23046982,0.14870405,0.39194775
4,99648777327385,-0.29694247,-0.073236935,0.267914
10,99648782741708,-0.25313544,-0.06953192,0.004920006
4,99648787592177,-0.38695732,-0.06231797,0.30146983
10,99648793929677,-0.35163796,-0.17357826,0.0024018288
4,99648797148323,-0.4213121,-0.09880328,0.27217507
10,99648802518115,-0.24445307,-0.2699685,0.3279667
4,99648807331188,-0.34674358,-0.17789917,0.18881813
10,99648813663896,-0.05901563,-0.3538146,0.5828695
4,99648816873271,-0.22024342,-0.2396845,0.10146644
10,99648822338583,0.1190151,-0.34407377,0.71088505
4,99648827134365,-0.14008227,-0.2609898,0.059388492
10,99648833554677,0.17634034,-0.28505707,0.65906
4,99648836788688,-0.09960223,-0.24927188,0.056459017
10,99648842072646,0.18009567,-0.18563175,0.7095394
4,99648846896188,-0.09986854,-0.2213087,0.07163903
10,99648851796083,0.14885724,-0.035959244,0.76405716
4,99648855218271,-0.1123854,-0.20080236,0.08229168
10,99648861849677,0.083939195,0.038196087,0.79288006
4,99648866652698,-0.1387507,-0.17789917,0.09187906
10,99648872996135,0.114800215,0.013766766,0.74660206
2,99648876263896,-38.0,7.0,20.0
10,99648881640250,0.16240335,-0.033402443,0.80398273
4,99648886430823,-0.12330436,-0.1257012,0.1222391
10,99648891350667,0.19475818,-0.103224754,0.62047005
4,99648894908740,-0.08282431,-0.09321064,0.14008227
10,99648902386865,0.4578997,-0.1692357,0.38784885
4,99648906244104,-0.050600063,-0.060720075,0.15233281
10,99648911190250,0.66504157,-0.23179817,0.08885813
4,99648915001344,-0.016511599,-0.00958738,0.15180019
10,99648919752073,0.7757902,-0.4596362,-0.012485027
4,99648925134729,-0.0039947415,0.07989483,0.16777915
4,99648934285458,-0.006924219,0.12969595,0.17150758
4,99648937427437,0.0,0.17230652,0.16325177
10,99648940679833,0.78265536,-0.69755983,0.011501789
4,99648945304052,0.04447479,0.21784659,0.119043306
4,99648954449104,0.0628506,0.21624869,0.095074855
4,99648957588010,0.07483483,0.20772657,0.07403588
10,99648960850094,0.31166708,-0.61024284,0.2505908
4,99648964772854,0.07749799,0.1768339,0.0396811
11,99648970441917,-0.374022,0.138916,-0.495736,0.771397,0.0
4,99648970441917,0.07962852,0.15686019,0.018109497
4,99648973876135,0.08175905,0.14221281,-0.004527374
10,99648979094208,0.11949372,-0.41460705,0.40143442
4,99648984480875,0.084155895,0.12144015,-0.051132694
10,99648990315406,0.20533216,-0.38202906,0.39073515
4,99648993654469,0.09640643,0.111852765,-0.092145376
10,99648997594260,0.29631448,-0.27907085,0.37397575
4,99649004264104,0.1257012,0.12117383,-0.13821806
10,99649011471656,0.29986465,-0.1589179,0.31145763
4,99649014599677,0.14567491,0.12942964,-0.17976338
10,99649017337333,0.31183565,-0.07990885,0.18217087
4,99649024022333,0.14460965,0.14301175,-0.20240025
10,99649031330719,0.31257212,-0.042068005,0.1323905
4,99649034464208,0.14221281,0.16538231,-0.20399815
10,99649037125042,0.32214892,-0.037279606,0.07732391
4,99649044191865,0.12676647,0.17976338,-0.19414444
10,99649051533687,0.25164092,-0.0432415,-0.14168835
2,99649054646031,-37.0,11.0,19.0
10,99649056893792,0.22530472,0.052526474,-0.20154333
4,99649063574937,0.10333065,0.16005598,-0.20612867
10,99649071188479,0.3325727,0.15195036,-0.22543335
4,99649074341917,0.10359697,0.16618125,-0.21065605
10,99649076681917,0.45946527,0.27166033,-0.28528833
4,99649083353896,0.08016115,0.20133498,-0.2016013
10,99649091406969,0.4586259,0.23879671,-0.2358818
4,99649095832594,0.039414786,0.24261399,-0.17550232
10,99649100773375,0.32066834,0.25104427,-0.12576485
4,99649105734417,0.025566347,0.26391926,-0.14327806
10,99649110739573,0.07339978,0.12682962,-0.12226343
4,99649114741500,0.023435818,0.24927188,-0.095074855
10,99649116940094,-0.1564436,-0.27300215,-0.13662863
4,99649124226604,-0.0039947415,0.20772657,-0.041012682
10,99649132140823,-0.25596797,-0.59698534,0.02981186
4,99649135401500,-0.0055926386,0.13422333,-0.008255799
10,99649138214990,-0.25596797,-0.59698534,0.02981186
4,99649144322333,0.04580637,0.031158986,0.006924219
10,99649152443687,-0.56624043,-0.5392122,0.23732233
4,99649155132073,0.05566007,-0.06977482,0.055127434
10,99649158438687,-0.56624043,-0.5392122,0.23732233
4,99649163373635,0.047670584,-0.11824436,0.07829694
10,99649170219364,-0.43347418,0.23905659,0.6322298
4,99649173464469,0.080960095,-0.23009712,0.06950851
10,99649178151708,-0.3282163,0.8694,0.62672853
4,99649182979625,0.0777643,-0.24873926,0.047404267
10,99649189979417,-0.28576005,0.9486742,0.38557673
4,99649193189260,-0.08495484,-0.24474451,-0.02609898
10,99649198003479,-0.28795338,0.7359481,0.36579847
4,99649202966239,-0.1371528,-0.24048345,-0.056459017
10,99649209838062,-0.3117224,0.56262684,0.49627304
4,99649213077073,-0.11984225,-0.2298308,-0.14833808
10,99649217701448,-0.31741047,-0.08421993,0.71919966
4,99649222478271,-0.08575379,-0.21598236,-0.16964336
10,99649229559521,-0.36555088,-0.21664429,0.70046425
2,99649232826292,-35.0,5.0,20.0
10,99649237169885,-0.4506085,-0.0961771,0.702024
4,99649243212802,0.06338324,-0.08974853,-0.20719394
10,99649248740198,-0.4792143,-0.007955551,0.6272702
4,99649251837489,0.08069378,-0.022903185,-0.19680761
10,99649257311656,-0.54562175,0.1698432,0.29124594
4,99649262171239,0.050600063,0.030626353,-0.18642128
10,99649269132802,-0.4791062,0.27787924,0.061763763
4,99649272382802,-2.663161E-4,0.0793622,-0.17337179
10,99649277001552,-0.38759792,0.17936134,-0.16198969
4,99649281772281,-0.04474111,0.14594123,-0.14940333
10,99649288881500,-0.38415372,0.12351179,-0.1552248
4,99649292123010,-0.04447479,0.21944448,-0.11584751
10,99649296822698,-0.4950757,-0.07409334,-0.0695014
4,99649301631500,7.9894834E-4,0.27723506,-0.07829694
10,99649308685198,-0.5143521,-0.1555481,-0.08270931
4,99649311927229,0.038083203,0.31664985,-0.051665325
10,99649316515354,-0.5427804,-0.14367867,-0.042201042
4,99649321305406,0.07882957,0.3422162,-0.050866377
10,99649328453896,-0.50676537,0.005877018,0.04208851
4,99649331665927,0.111852765,0.35233623,-0.06551377
10,99649336288167,-0.4426062,0.19257545,0.024852276
4,99649342028531,0.12650016,0.37310886,-0.087618
10,99649347571083,-0.3271656,0.29537535,0.08214855
4,99649350677802,0.11797804,0.38615838,-0.11664646
10,99649356208635,-0.29179883,0.2617936,0.02736187
4,99649360961135,0.10066749,0.38056573,-0.14008227
10,99649367633375,-0.364936,0.2096672,0.11230993
4,99649370889469,0.09187906,0.36272255,-0.14753912
10,99649376082385,-0.4771303,0.065472126,0.13417864
4,99649380911344,0.08974853,0.3502057,-0.14274544
10,99649387353271,-0.4868121,-0.019408703,0.42383003
4,99649390574573,0.07643273,0.33076462,-0.13448964
10,99649395794729,-0.59416205,0.035120487,0.42907047
4,99649400577802,0.072970614,0.2828277,-0.12756541
10,99649407163687,-0.65289485,0.25639915,0.553617
2,99649410430771,-34.0,5.0,19.0
10,99649415285614,-0.55094004,0.35910177,0.5630698
4,99649420061031,0.08575379,0.17869811,-0.11345066
10,99649426947698,-0.3365178,0.3657546,0.5158901
4,99649430194677,0.064182185,0.15659387,-0.11851067
10,99649435360041,-0.16647947,0.45221567,0.49187756
4,99649440132594,0.059921127,0.1470065,-0.12250541
10,99649445277281,-0.17495513,0.4723587,0.4545126
4,99649448540614,0.046072688,0.14594123,-0.095074855
10,99649454984469,-0.29125988,0.39554358,0.46573496
4,99649459783896,0.027696876,0.14674018,-0.056459017
10,99649466501656,-0.38714492,0.3950076,0.4781928
4,99649469729000,0.021571605,0.112119086,-0.040480047
10,99649474857802,-0.4539821,0.36007357,0.393898
4,99649479643062,0.0055926386,0.06498113,-0.04234426
10,99649486279104,-0.416476,0.3499446,0.41173935
4,99649489518791,0.010652645,0.02396845,-0.05539375
10,99649494638479,-0.33312273,0.39189577,0.48979998
4,99649499552646,0.025832662,0.0037284256,-0.062051654
10,99649506054364,-0.30278575,0.39428616,0.48824167
4,99649509287489,0.023702133,0.011717909,-0.052464273
10,99649514470562,-0.2554574,0.24125576,0.5778103
4,99649519228844,0.0018642128,0.01917476,-0.03009372
10,99649525832489,-0.35109603,-0.037796497,0.47355127
4,99649529068739,-0.0314253,0.010918961,-0.031158986
10,99649534235614,-0.43854177,-0.0915184,0.50812674
4,99649539056083,-0.008788432,-0.014913702,-0.051931642
10,99649544189521,-0.40430665,-0.052915573,0.556654
4,99649547421396,0.020240024,-0.035153728,-0.062051654
10,99649553015198,-0.2438823,0.005232334,0.4895873
4,99649559295094,0.08575379,-0.06018744,-0.08362326
10,99649565561812,-0.10149896,0.1459713,0.39112186
4,99649568809312,0.08442221,-0.04580637,-0.092944324
10,99649573708271,-0.060394287,0.28158045,0.14647198
4,99649578820302,0.044208474,-0.027963191,-0.09667275
10,99649585152489,-0.14950383,0.3480425,-0.026467323
2,99649588417021,-33.0,-2.0,19.0
10,99649593094468,-0.29376006,0.3481927,0.08082962
4,99649597991604,-0.018109497,-0.007989483,-0.08175905
10,99649604947229,-0.36141133,0.24701548,0.28493452
4,99649608195250,0.011185277,-0.0029294773,-0.08681905
10,99649613332802,-0.46578336,0.21073389,0.51057816
4,99649618162281,0.030360037,-0.013848438,-0.09427591
10,99649624719416,-0.5473465,0.20987272,0.5301986
4,99649627967177,0.048469532,-0.047137953,-0.10146644
10,99649633137073,-0.5567125,0.27504396,0.4655218
4,99649637917281,0.027696876,-0.054328486,-0.099069595
10,99649643052229,-0.5218364,0.37369108,0.39860582
4,99649646309937,-0.015180019,-0.060720075,-0.087085366
10,99649651754208,-0.5081054,0.36328363,0.34210587
4,99649658418635,-0.03355583,-0.06018744,-0.063116916
10,99649663963010,-0.4688871,0.35216093,0.20786667
4,99649667204312,-0.025300032,-0.054328486,-0.040213734
10,99649672529937,-0.47103477,0.38799953,0.15854311
4,99649677314260,0.014114754,-0.053263225,-0.027696876
10,99649684548791,-0.4748795,0.40916395,0.16634226
4,99649687756448,0.051665325,-0.056459017,-0.014114754
10,99649691459573,-0.4570824,0.45493698,0.10303497
4,99649697835771,0.04660532,-0.057790596,-0.006924219
10,99649704431396,-0.46463633,0.4967594,0.06424999
4,99649707682541,0.0031957934,-0.047137953,0.026631612
10,99649712156812,-0.5010859,0.4746399,-0.06066513
4,99649716933739,-0.011717909,-0.051132694,0.03834952
10,99649724016760,-0.4936205,0.453784,-0.17749691
4,99649727249104,-0.040480047,-0.066312715,0.05352954
10,99649731941291,-0.32944798,0.27258968,-0.2677312
4,99649736770614,-0.041279,-0.07190535,0.05752428
10,99649742353427,-0.24780846,0.21049309,-0.23138475
4,99649745457646,-0.009321064,-0.060720075,0.052464273
10,99649751640198,-0.13932383,0.15985918,-0.083016396
4,99649756420614,0.026631612,-0.03542004,0.05219796
10,99649763555406,-0.20089161,0.191154,-0.051882744
2,99649766788843,-30.0,-1.0,20.0
10,99649771068010,-0.22596908,0.14931631,-0.09884977
4,99649775975979,-0.0018642128,-0.040746365,0.0644485
10,99649783344677,-0.18116796,0.13328457,-0.12442827
4,99649786589573,-0.03488741,-0.057790596,0.056991648
10,99649791341708,-0.038748384,0.26485634,-0.19332743
4,99649796133896,-0.05912218,-0.05965481,0.05139901
10,99649803115771,0.08581674,0.2526989,-0.25733757
4,99649806365718,-0.07749799,-0.03488741,0.06178534
10,99649811107437,0.23660827,0.1462965,-0.2820902
4,99649816092854,-0.086020105,0.0058589545,0.08042747
10,99649822926239,0.27731776,0.038026333,-0.24757004
4,99649826163062,-0.076965354,0.06178534,0.09374327
10,99649830736500,0.1849742,0.01303339,-0.14544296
4,99649835551656,-0.07403588,0.099069595,0.103863284
10,99649841248843,0.024946094,0.014113903,-0.08759165
4,99649844414052,-0.072171666,0.11558119,0.11424961
10,99649850516708,-0.06332171,-0.030171394,0.039314747
4,99649855358166,-0.08042747,0.12543489,0.11611383
10,99649862455458,-0.12664235,-0.08788252,0.116689205
4,99649865664781,-0.0892159,0.11957593,0.105727494
10,99649870439625,-0.1955744,-0.12859249,0.10355091
4,99649875358739,-0.09534117,0.10918961,0.08868326
10,99649882200145,-0.21132958,-0.09292078,0.17204666
4,99649885447645,-0.08442221,0.10759171,0.07590009
10,99649890175250,-0.2131548,-0.158741,0.17512941
4,99649895007125,-0.07350325,0.105727494,0.07243799
10,99649901983270,-0.21557426,-0.17067146,0.17721415
4,99649905193583,-0.05912218,0.10226539,0.0561927
10,99649908013166,-0.25866997,-0.07250929,0.2370696
4,99649915103218,-0.04527374,0.09960223,0.036485307
10,99649923075041,-0.31884456,-0.069423676,0.24019098
4,99649926338739,-0.05539375,0.103863284,0.03488741
10,99649930769677,-0.30729318,-0.06356621,0.24349451
4,99649935702125,-0.064182185,0.10839066,0.035153728
10,99649941201187,-0.4836539,-0.24974298,0.4615445
2,99649944394937,-35.0,-2.0,20.0
10,99649946889677,-0.579422,-0.2186184,0.5812545
4,99649954995041,-0.006924219,0.0628506,-0.008255799
10,99649962964000,-0.56369686,-0.16280174,0.5283818
4,99649966220302,-0.010652645,0.01784318,-0.022104237
10,99649970646187,-0.5637616,-0.16239929,0.5287895
4,99649975497698,-0.025300032,-0.0018642128,-0.025300032
10,99649982215458,-0.20193827,0.022797585,0.47978592
4,99649985483895,-0.03888215,0.021571605,-0.011185277
10,99649989818427,-0.16408122,0.02269888,0.4385562
4,99649994775823,-0.044208474,0.063116916,0.015446335
10,99650001046760,-0.28591013,-0.012968063,0.55213404
4,99650004348270,-0.03914847,0.07669904,0.027164243
10,99650007217020,-0.4247738,-0.0057854652,0.635931
4,99650014358948,-0.0055926386,0.04873585,0.01784318
10,99650021898010,-0.41325545,0.030322075,0.65718126
4,99650025158531,0.0058589545,0.015978966,0.0026631611
10,99650027989364,-0.41325223,0.030329227,0.65718126
4,99650034294989,-0.00479369,0.011717909,-0.0055926386
10,99650040639364,-0.17764866,0.19297552,0.45813608
4,99650045052333,-0.019973708,0.036485307,7.9894834E-4
10,99650047159156,-0.098639965,0.21691799,0.52756786
4,99650053878218,-0.017310547,0.07057377,0.011717909
10,99650061590302,-0.18280816,0.20443869,0.5586953
4,99650064843010,-0.0031957934,0.08362326,0.02609898
10,99650067692541,-0.18280816,0.20443869,0.5586953
4,99650073436447,0.0063915867,0.08575379,0.03435478
10,99650079515562,-0.41728497,-0.16660976,0.6357684
4,99650082756083,0.05752428,0.066312715,0.03009372
10,99650088043218,-0.47646004,-0.13455677,0.69927883
4,99650093032802,0.08522116,0.057257965,0.022104237
10,99650098051395,-0.43202102,-0.022417545,0.5631738
4,99650102067802,0.12410331,0.036751624,0.006924219
10,99650108038583,-0.38627386,0.050229073,0.54875183
4,99650112862281,0.12703279,0.02876214,-0.0026631611
10,99650118980197,-0.22601211,0.27919197,0.49015427
2,99650122232489,-35.0,-4.0,18.0
10,99650127709729,-0.24155879,0.27199125,0.4230647
4,99650132525041,0.06870956,0.040480047,-0.009054748
10,99650137412593,-0.24203932,0.26014042,0.42058182
4,99650140747020,0.051931642,0.044208474,-0.00958738
10,99650146237489,-0.384202,0.19714308,0.5628562
4,99650152827333,0.05885586,0.02956109,-0.0063915867
10,99650158893218,-0.51846445,0.12497854,0.5545707
4,99650162127125,0.07882957,-0.0015978967,-0.010120012
10,99650167311708,-0.49663782,0.19509745,0.52858114
4,99650172067541,0.10439592,-0.041279,-0.02609898
10,99650178301968,-0.424398,0.22517014,0.42043543
4,99650181534885,0.11717909,-0.07563378,-0.04926848
10,99650186931135,-0.31677902,0.35911846,0.26883936
4,99650191717697,0.111852765,-0.09720538,-0.066046394
10,99650198068375,-0.16342497,0.48331547,0.08686924
4,99650201351135,0.10146644,-0.101999074,-0.071106404
10,99650206707750,0.010940671,0.5456538,0.0040683746
4,99650211501760,0.082025364,-0.09667275,-0.06471482
10,99650217847489,0.18410861,0.5546732,-0.14140463
4,99650221084885,0.06950851,-0.08229168,-0.060720075
10,99650226477697,0.26654232,0.593657,-0.22106123
4,99650231315875,0.06471482,-0.047404267,-0.040213734
10,99650236260458,0.2730192,0.48295975,-0.23077011
4,99650239641864,0.046072688,0.00958738,5.326322E-4
10,99650245961239,0.26901162,0.2509308,-0.36800957
4,99650250753374,0.015180019,0.068176925,0.018908445
10,99650257398010,0.26397622,0.15585756,-0.32659435
4,99650260644156,0.025033714,0.10146644,-0.002396845
10,99650266031291,0.23515403,-0.025152683,-0.20405245
4,99650270876604,0.055127434,0.12037488,-0.03781689
10,99650277221552,0.21314716,-0.16464996,-0.2433672
4,99650280434260,0.086020105,0.13342437,-0.06924219
10,99650285219416,0.23530877,-0.23456955,-0.25343513
4,99650290967958,0.1123854,0.13795175,-0.09614012
10,99650297108843,0.3244909,-0.23265648,-0.262887
2,99650300369937,-33.0,-2.0,19.0
10,99650305642124,0.3651681,-0.3128457,-0.32793283
4,99650309609052,0.090281166,0.18562233,-0.14274544
10,99650316739364,0.2942363,-0.27891254,-0.41318607
4,99650319976552,0.09986854,0.20106867,-0.1635181
10,99650327210145,0.22123694,-0.29328632,-0.32652903
4,99650332011239,0.10626013,0.21092236,-0.19201392
10,99650336944312,0.23111069,-0.3448434,-0.262424
4,99650340051239,0.11424961,0.20746025,-0.23009712
10,99650344089781,0.2199049,-0.37386513,-0.10826063
4,99650350530354,0.12037488,0.20106867,-0.27803403
10,99650356644833,0.19816935,-0.2807846,0.053923607
4,99650359862229,0.122771725,0.19707392,-0.30839407
10,99650365372072,0.036422968,-0.10323477,0.123775005
4,99650370200406,0.12863068,0.19600865,-0.31372038
10,99650376271343,-0.10105801,-0.020017147,0.120871544
4,99650379520770,0.11318435,0.2066613,-0.30253512
10,99650385102385,-0.15299797,-0.05132866,0.27364254
4,99650389903947,0.13795175,0.21917816,-0.29188246
10,99650395943322,-0.15516174,-0.09649134,0.6230211
4,99650399177958,0.21358553,0.2428803,-0.27190876
10,99650404869781,-0.22831571,-0.16069412,0.7567525
4,99650409657281,0.29561087,0.29561087,-0.22796659
10,99650415781708,-0.28762853,-0.13091898,1.0147877
4,99650419016760,0.37097836,0.40533313,-0.13022858
10,99650424709104,-0.4025904,-0.18181992,1.036613
4,99650429478114,0.4412858,0.54621434,0.030360037
10,99650434381187,-0.3713374,-0.323009,1.4318452
4,99650437476552,0.51958275,0.7012103,0.21891184
10,99650444443322,-0.49519527,-0.5390539,1.6814032
4,99650449222593,0.5478122,0.80134517,0.45034054
10,99650455341291,-1.1908512,-0.94338226,1.3287287
4,99650458544260,0.47058058,0.6831008,0.6924219
10,99650464221187,-1.2703897,-0.1782093,0.58332396
4,99650469032124,0.68389976,0.47191215,0.56645435
10,99650475153166,-0.6221107,0.87002754,2.4611306
2,99650478406760,-35.0,-9.0,18.0
10,99650484124729,-2.0294094,0.33690548,1.9314866
4,99650488887281,-0.16804546,0.017044231,-0.18961707
10,99650495009781,-3.696262,1.3624482,2.650971
4,99650498262645,-0.4857606,-0.4426174,-0.26498455
10,99650503783687,-3.7522237,0.7014742,2.285006
4,99650508562176,-0.6809703,-0.8279768,-0.2828277
10,99650514666291,-1.9265289,-0.30997038,1.0090346
4,99650517909937,-0.6380934,-1.055677,-0.42797
10,99650523558166,-0.47693247,-0.051627636,0.035279274
4,99650528354676,-0.18668759,-1.0820423,-0.50813115
10,99650533292124,-0.043798804,0.45263433,-0.985857
4,99650536392593,0.040213734,-1.0040118,-0.48283112
10,99650543337749,0.07806516,0.7412901,-1.4357467
4,99650548148374,0.11531488,-0.6396913,-0.3853594
10,99650554292854,0.11957717,1.8405247,-2.0182571
4,99650557532906,-0.105993815,-0.5273059,-0.3358246
10,99650563112749,-0.4404819,2.3829093,-1.3015532
4,99650567906343,-0.25007084,-0.4860269,-0.17656758
10,99650572893583,-0.8972679,1.8335295,-0.8076091
4,99650576145562,-0.31851408,-0.47058058,-0.08042747
10,99650582933166,-0.9132914,1.4651203,-0.5249853
4,99650587712749,-0.38615838,-0.45087317,0.041545313
10,99650593792489,-0.7283363,0.6220465,0.2293477
4,99650597033322,-0.22903186,-0.44927529,0.0396811
10,99650602645145,-0.8339111,0.20547342,0.50580215
4,99650606872593,-0.14221281,-0.44767737,0.048469532
10,99650613445822,-0.9514806,0.17750263,0.43420124
4,99650616685197,0.0063915867,-0.44341633,0.10865697
10,99650622442176,-0.7980146,0.5252223,0.23826742
4,99650627243999,0.09986854,-0.42557314,0.18482338
10,99650632147281,-0.6703259,0.70321417,0.15252495
4,99650635254312,0.09640643,-0.41278997,0.26365295
10,99650641847229,-0.4241073,0.9122286,-0.24107313
4,99650646683322,-0.0018642128,-0.3821636,0.33662358
10,99650652997281,-0.18396151,0.8593674,-0.61892223
2,99650656233010,-28.0,-1.0,20.0
10,99650661632801,0.004818201,0.5891366,-0.5880127
4,99650666443635,-0.20080236,-0.16271915,0.4460795
10,99650672731968,0.017557025,0.2986703,-0.29580545
4,99650675973374,-0.16484967,-0.073236935,0.48629323
10,99650681378426,-0.08063698,-0.0012426376,-0.048291206
4,99650686284520,-0.08735169,-0.05832323,0.5020059
10,99650692512281,-0.08202219,-0.21275568,0.09881258
4,99650695749520,-0.022903185,-0.07456851,0.48469532
10,99650701147437,-0.10769689,-0.3369279,0.0158782
4,99650706094051,-0.005060006,-0.09720538,0.45513424
4,99650725576656,0.009054748,-0.06578008,0.3882889
10,99650730633999,0.11815262,-0.29746103,-0.24436998
4,99650734083895,-0.022104237,-0.017044231,0.35420042
10,99650740543635,0.20358765,-0.32983398,-0.109161854
4,99650745308531,-0.060453758,0.015180019,0.3086604
10,99650751597124,0.09989524,-0.30552816,0.030004025
4,99650754700718,-0.087884314,0.013315806,0.26844665
10,99650760219728,-0.029516935,-0.32773733,0.067964554
4,99650764963947,-0.10466223,-0.014913702,0.23169503
10,99650771359520,-0.06623721,-0.36428928,0.05691099
4,99650774453062,-0.10439592,-0.04474111,0.18482338
10,99650779997176,0.076955676,-0.3144374,0.0955925
4,99650784673322,-0.07882957,-0.060453758,0.1387507
10,99650791139781,0.24465823,-0.30321026,0.16377449
4,99650794303999,-0.07163903,-0.05539375,0.10945592
10,99650799774624,0.2608019,-0.24998617,0.26699734
4,99650804483791,-0.0777643,-0.050333746,0.09720538
10,99650810941656,0.15761459,-0.17535782,0.2622795
4,99650814202853,-0.07456851,-0.054594804,0.08522116
10,99650819554728,0.13426721,-0.16166496,0.38377476
4,99650825172072,-0.063116916,-0.06870956,0.06897587
10,99650830004676,0.15875506,-0.18801165,0.53288794
2,99650833033270,-31.0,5.0,21.0
10,99650837346083,0.21382165,-0.11139727,0.50894594
4,99650844723843,-0.03222425,-0.08735169,0.044208474
10,99650851932697,0.19354904,-0.008017063,0.44732523
4,99650855047228,-0.03781689,-0.08468852,0.050333746
10,99650857695874,0.23425043,0.013530731,0.42098904
4,99650864500510,-0.04660532,-0.06098639,0.06338324
10,99650871704989,0.2865796,-0.07660675,0.3661914
4,99650874804312,-0.06551377,-0.03914847,0.076965354
10,99650877485718,0.25066662,-0.12688494,0.3326726
4,99650884280249,-0.056459017,-0.03542004,0.06711166
10,99650891493478,0.24162626,-0.037522793,0.28128433
4,99650894583478,-0.017576864,-0.04181163,0.03701794
10,99650897312541,0.23683774,0.046274185,0.24776554
4,99650904057645,0.03914847,-0.04234426,0.02130529
10,99650911248062,0.2663623,0.1320548,0.18050003
4,99650914480093,0.050866377,-0.01784318,0.023169503
10,99650917164260,0.23044932,0.074593544,0.099096775
4,99650924379416,-0.0061252704,0.01917476,0.018908445
10,99650930648270,0.16193497,0.029096127,0.13585997
4,99650933670978,-0.049534798,0.026365295,-0.0058589545
10,99650935761395,0.078137875,0.012336731,0.28430033
4,99650943406655,-0.03914847,0.014647386,-0.013582122
10,99650951072020,-0.0064446926,-0.13821268,0.22036028
4,99650954417020,-0.020240024,0.007190535,-0.008255799
10,99650957218322,0.05580449,-0.121453285,0.22514868
4,99650963607176,0.022903185,0.018642128,-0.011984225
10,99650971650353,0.12245798,-0.09464598,0.18367052
4,99650974902958,0.04261058,0.035952676,-0.019973708
10,99650977715353,0.12245798,-0.09464598,0.18367052
4,99650982514937,0.026631612,0.056459017,-0.029294772
10,99650989710926,0.08221686,0.022515774,0.11460924
4,99650992954208,-0.0058589545,0.070041135,-0.026365295
10,99650997576030,0.04555893,-0.05269003,0.08749342
4,99651002406187,-0.024767399,0.07137272,-0.024501082
10,99651009538530,0.055802107,-0.107965946,0.041558266
2,99651012790145,-32.0,7.0,21.0
10,99651017179676,0.14665246,-0.16637468,0.13626623
4,99651023202697,-0.02263687,0.08016115,-0.040746365
10,99651029966864,0.17100358,-0.19456911,0.25391865
4,99651034120249,0.017310547,0.1304949,-0.03781689
10,99651036204780,0.082418084,-0.08922434,0.33053303
4,99651041678999,0.026897928,0.14460965,-0.032490566
10,99651049141187,-0.12288821,-0.052999496,0.37041426
4,99651052373166,0.0063915867,0.170176,-5.326322E-4
10,99651056958999,-0.26801443,-0.061832428,0.42634916
4,99651061799937,-0.011185277,0.16990969,0.0063915867
10,99651068871864,-0.30057108,-0.11404133,0.4622469
4,99651072081135,-0.05566007,0.14753912,0.008255799
10,99651076843947,-0.45918036,-0.23288155,0.54857016
4,99651081643322,-0.05752428,0.133957,0.0026631611
10,99651088639676,-0.5368161,-0.21157074,0.5572467
4,99651091898739,-0.010652645,0.07163903,-0.027164243
10,99651096502385,-0.85078925,-0.069738865,0.48338413
4,99651101315874,0.007190535,0.051665325,-0.03568636
10,99651108420718,-0.90703696,-0.06233692,0.46503973
4,99651111644364,0.014114754,0.011717909,-0.05139901
10,99651116276603,-0.8952161,-0.025360107,0.503469
4,99651122065562,0.014114754,-0.030626353,-0.0777643
10,99651127587332,-0.90468425,0.02032566,0.5348487
4,99651130687437,0.024234766,-0.07057377,-0.1025317
10,99651136316239,-0.968665,0.11965704,0.57054234
4,99651141146916,0.027696876,-0.10146644,-0.103863284
10,99651147956760,-0.9733337,0.18718672,0.50806904
4,99651151195562,0.015978966,-0.13129385,-0.09667275
10,99651155879260,-1.0180242,0.49178028,0.38135767
4,99651160627645,0.011451593,-0.14327806,-0.08016115
10,99651167726968,-1.1386238,0.6026964,0.33855057
4,99651170969885,0.008522116,-0.119043306,-0.03355583
10,99651175593114,-1.4019417,0.72377396,0.2950797
4,99651180537072,0.013582122,-0.09827065,0.02876214
10,99651187518062,-1.6144586,0.7425642,0.35831833
2,99651190743426,-32.0,4.0,22.0
10,99651195148687,-1.705167,0.76803017,0.34829378
4,99651199971030,0.0628506,-0.14993598,0.12836437
10,99651207333478,-1.765917,0.8376994,0.3176489
4,99651210587332,0.08681905,-0.19254655,0.16378441
10,99651215172593,-1.7771461,0.9824338,0.24261522
4,99651219978687,0.088150635,-0.23062976,0.2082592
10,99651225672124,-1.8028337,1.0870366,-0.00660944
4,99651228779572,0.057257965,-0.2644519,0.2615224
10,99651234963114,-1.8109457,1.110548,-0.12411022
4,99651239738270,0.0058589545,-0.29134983,0.31638354
10,99651246861395,-1.819636,0.9813051,-0.2154231
4,99651250108791,-0.029827405,-0.33449304,0.3603257
10,99651254770510,-1.8371559,0.92313194,-0.25992823
4,99651259590093,-0.03195793,-0.40266997,0.3853594
10,99651266691603,-1.6312153,0.86355925,-0.21406603
4,99651269928010,-0.013582122,-0.48283112,0.39707732
10,99651274452853,-1.2369277,0.8437004,-0.22976398
4,99651279361447,0.015180019,-0.5406217,0.42424157
10,99651286030926,-0.611716,0.75004625,-0.17139482
4,99651289280926,0.040480047,-0.5800365,0.46578687
10,99651294393843,-0.0017881393,0.5647354,-0.2250185
4,99651299171395,0.076166406,-0.59388494,0.4854943
10,99651305804155,0.4013362,0.44295073,-0.3244958
4,99651309042176,0.116912775,-0.56938386,0.49641323
10,99651314195197,0.5965152,0.3354783,-0.27072096
4,99651319032957,0.1667139,-0.509729,0.51931643
10,99651324168582,0.71429634,0.19377089,-0.09864664
4,99651327399207,0.22024342,-0.4415521,0.56938386
10,99651333886343,0.88415384,0.0034794807,0.061905384
4,99651338694572,0.25885928,-0.37097836,0.6135923
10,99651345362228,1.1175829,-0.07681513,0.13974667
4,99651348612332,0.25566345,-0.30013826,0.62717444
10,99651353747176,1.3242815,-0.01398325,0.086889744
4,99651358559989,0.21758026,-0.21385184,0.6114618
10,99651365160562,1.4151925,0.058640957,-0.19411898
2,99651368399884,-28.0,18.0,18.0
11,99651373410405,-0.367157,0.082562,-0.390765,0.840048,0.0
10,99651373410405,1.7306274,-0.016884804,-0.48085833
4,99651377558374,-0.053795855,0.08681905,0.48309743
10,99651383502905,1.9997169,-0.5769992,-0.26707315
4,99651386730041,-0.27776772,0.23196134,0.37470677
10,99651391790718,1.6150094,-1.1417279,-0.04788828
4,99651397352593,-0.3800331,0.26631612,0.34301516
10,99651403333843,1.0336114,-0.9983592,0.11665726
4,99651406566551,-0.29348037,0.262854,0.31771514
10,99651411570926,1.0810648,-1.5433793,0.5853219
4,99651417808426,-0.060720075,0.30253512,0.14088123
10,99651423064103,1.1257278,-2.2427769,0.76939344
4,99651426284624,-0.11371698,0.28868666,0.0479369
10,99651432730353,0.8971963,-1.6261725,1.783577
4,99651437502957,0.041545313,0.13582122,-0.20559604
10,99651444439259,0.31042695,-1.577137,2.323989
4,99651447668478,0.18935075,0.06844324,-0.18482338
10,99651452531291,-0.11652589,-1.8784337,2.4502268
4,99651457286447,0.2545982,0.066312715,-0.084155895
10,99651464015978,-0.2448889,-2.0540838,2.3945842
4,99651467262176,0.23009712,0.058589544,-0.060720075
10,99651472387280,-0.22464252,-1.8674669,2.2434893
4,99651477205718,0.20106867,0.02876214,-0.08868326
10,99651483792801,-0.06047833,-1.3181772,1.9971771
4,99651487012384,0.16138756,-0.08948222,-0.21118867
10,99651492149520,0.14523602,-0.8556366,1.7051005
4,99651496956239,0.14407702,-0.1304949,-0.22290659
10,99651503605822,0.26029444,-0.6466346,1.2666235
4,99651506813114,0.10066749,-0.2545982,-0.19121496
10,99651511950562,0.40984702,-0.4702258,0.7848201
4,99651516758947,0.096939065,-0.28575718,-0.17816548
10,99651521906655,0.4747417,-0.31473398,0.5276232
4,99651525171968,0.14460965,-0.340352,-0.19121496
10,99651531618062,0.72680736,0.106352806,0.030897617
4,99651536413478,0.23382555,-0.3965447,-0.2692456
10,99651543147801,0.9595072,0.57270384,-0.56073713
2,99651546410874,-26.0,22.0,17.0
10,99651550606812,1.1143527,1.206593,-1.6446114
4,99651556799936,0.32810146,-0.4167847,-0.4561995
10,99651563087541,1.1222225,1.3811641,-1.9027257
4,99651566329468,0.33768883,-0.30599722,-0.47351006
10,99651571159103,1.5108411,1.2900877,-2.161611
4,99651576175457,0.2958772,-0.11717909,-0.4282363
10,99651582753374,1.5942206,1.1827021,-2.1890764
4,99651585983739,0.20985709,0.09321064,-0.38748994
10,99651591136186,1.8805144,0.90033007,-1.2606454
4,99651596183843,0.17736652,0.30386668,-0.4247742
10,99651602969728,1.6259665,0.6608062,-1.1896482
4,99651606218426,0.07456851,0.47297743,-0.4956143
10,99651610794155,0.98196995,-0.8392334,-0.8295727
4,99651615638947,-0.06578008,0.6287723,-0.5006743
10,99651621180405,0.933213,-1.0130177,-0.38503122
4,99651624393791,0.01784318,0.7190535,-0.5273059
10,99651630494989,0.4633144,-1.1553836,-0.042128563
4,99651635322697,0.17976338,0.7406251,-0.56938386
10,99651642473166,0.09577072,-1.4792652,-0.30828714
4,99651645681968,0.23489082,0.7012103,-0.6013418
10,99651650378166,0.14726865,-0.9772124,-0.28372622
4,99651655234884,0.32144356,0.61705446,-0.69694924
10,99651662221343,0.41051292,-0.15077305,-0.42501736
4,99651665463322,0.36645097,0.561927,-0.80560625
10,99651670179572,0.5993506,0.41925764,-0.74026823
4,99651675090978,0.3075951,0.60507023,-0.84395576
10,99651681990405,0.68215084,0.9219084,-0.8532715
4,99651685237436,0.22503711,0.74648404,-0.7946873
10,99651690069155,0.54085684,0.99283123,-0.6666894
4,99651694915614,0.10705908,0.95208013,-0.6372945
10,99651701768791,0.117500305,0.5196042,-0.4307623
4,99651705005457,0.0,1.1329087,-0.45859635
10,99651709729103,-0.3669722,0.19816637,0.1096158
4,99651714572697,0.013582122,1.1909657,-0.38083205
10,99651720071916,-1.0430641,0.11629057,0.57160664
2,99651723191551,-27.0,7.0,23.0
10,99651729440822,-1.742041,0.16689539,0.79132366
4,99651734296447,0.2031992,0.8567389,-0.43542686
10,99651741337020,-2.1404078,0.4651575,0.8869581
4,99651744581499,0.2892193,0.5539375,-0.46951532
10,99651749205718,-2.1097593,0.78977776,0.6978016
4,99651754051551,0.35313517,0.31931302,-0.4609932
10,99651761062072,-1.5720199,0.91302776,0.4587636
4,99651764367332,0.376571,0.2548645,-0.43755737
10,99651767188791,-0.90403765,1.2386394,0.5305896
4,99651774546291,0.38136467,0.40400153,-0.3920173
10,99651782536551,-0.67680794,1.2032523,0.61235046
4,99651785793530,0.29880667,0.7323693,-0.23462449
10,99651790256551,-0.61286706,1.1779828,0.5788908
4,99651795247020,0.17044231,1.0530139,0.100933805
10,99651801994884,-1.9923762,-0.5368643,1.0706306
4,99651805254832,0.027164243,1.2000204,0.5360943
10,99651809720770,-1.8341892,-0.5246587,1.0527868
4,99651814559311,0.06791061,1.0226538,0.8471516
10,99651820054311,-3.5537393,-1.7658019,2.036806
4,99651823148686,0.34887412,0.6764429,0.9044095
10,99651826519728,-3.4819133,-1.1337328,1.0887022
4,99651833873634,0.69987875,0.36458677,0.60533655
10,99651841852124,-1.9050448,0.88603735,0.7945976
4,99651845121811,0.8050736,0.31638354,0.0034621095
10,99651849589936,-1.8601646,0.83376455,0.7492943
4,99651854554311,-0.03568636,0.216515,-0.4316984
10,99651861333686,-4.346686,1.3908529,0.53417206
4,99651864573426,-0.6527408,-0.16245283,-0.48070058
10,99651867652488,-4.3547144,1.4367528,0.57032824
4,99651873504624,-0.74488616,-0.60933125,-0.34194988
10,99651880247280,-3.7535605,-0.5899892,1.1412063
4,99651883476759,-0.5520733,-0.87538105,-0.3637878
10,99651886418634,-1.7472193,-1.0257335,-0.18039274
4,99651893248895,-0.1371528,-0.89642006,-0.52171326
10,99651901214572,-0.561847,-0.33674908,-0.88405514
2,99651904057384,-28.0,-5.0,27.0
10,99651907964936,-0.6600169,-0.35855865,-0.88692427
4,99651912848061,0.11771172,-0.6985472,-0.6737798
10,99651917916395,-0.77343047,2.2127566,-1.910675
4,99651921009520,-0.026365295,-0.6431534,-0.6375608
10,99651925694207,-0.88594747,2.617362,-1.3695979
4,99651932766707,-0.44927529,-0.48629323,-0.47271112
10,99651938795874,-1.225695,1.8398552,-0.701776
4,99651942009520,-0.92944324,-0.27057716,-0.1323591
10,99651947201759,-1.2799122,0.5296192,0.08216286
4,99651951985405,-0.9416938,-0.2394182,-0.04873585
10,99651958251395,-1.208966,-0.42545652,0.678072
4,99651961493582,-0.50813115,-0.2977414,0.06950851
10,99651966942593,-1.0150244,-0.6269498,0.79305935
4,99651971710718,-0.27137613,-0.3470099,0.06684534
10,99651978033843,-0.6930083,-0.014164448,0.5079851
4,99651981252488,0.13662016,-0.4133226,0.049534798
10,99651986727332,-0.4986859,0.858047,-0.14457226
4,99651991513530,0.257794,-0.41998053,0.07190535
10,99651997809520,-0.44707716,1.2688446,-0.5129757
4,99652001055405,0.11318435,-0.381631,0.13928333
10,99652006464728,-0.20048094,2.1278434,-0.9971862
4,99652011315040,-0.14274544,-0.32330775,0.22397186
10,99652016260145,-0.08591795,2.20468,-0.95804214
4,99652019603061,-0.35579833,-0.2644519,0.30466563
10,99652025073322,0.120458245,1.9296155,-0.86362267
4,99652031694520,-0.5009406,-0.19867182,0.37923414
10,99652037799520,0.24526858,1.2534752,-0.6021614
4,99652041048322,-0.57364494,-0.12756541,0.44847634
10,99652046028165,0.2800089,0.31595564,0.07000208
4,99652050809520,-0.5161206,-0.08841695,0.47990164
10,99652057141134,0.2342695,0.14646721,0.20668983
4,99652060372801,-0.376571,-0.09241169,0.46578687
10,99652065792593,0.1826371,-0.041860104,0.421638
4,99652070611186,-0.216515,-0.12863068,0.45167214
10,99652076952645,0.20660305,0.051609993,0.49464226
2,99652080202280,-29.0,-5.0,22.0
10,99652085646186,0.23863006,0.007355213,0.28046083
4,99652090413165,-0.094808534,-0.12436963,0.54168695
10,99652096707332,0.4696417,-0.06194353,0.17498255
4,99652099942801,-0.14487597,-0.07590009,0.5792375
10,99652105339311,0.6836494,0.05391407,0.12666464
4,99652110125926,-0.16644756,-0.043942157,0.55340487
10,99652115064051,0.77659917,0.13134336,-0.08008051
4,99652118505353,-0.19760656,-0.022370555,0.5158543
10,99652124830926,0.78962255,0.026734352,-0.2293334
4,99652129622540,-0.2463424,0.01438107,0.4825648
10,99652136292749,0.8526579,-0.041577816,-0.14358091
4,99652139529624,-0.27031085,0.05486112,0.45327002
10,99652144906290,0.83356893,-0.35415554,0.061544895
4,99652149690613,-0.2727077,0.103064336,0.43888897
10,99652156089520,0.73675954,-0.70446014,0.3697486
4,99652159326186,-0.23755397,0.14141385,0.41731736
10,99652164704363,0.5576432,-0.9494958,0.71116924
4,99652169537332,-0.19014971,0.15472966,0.37310886
10,99652175812801,0.41741168,-1.0649223,0.99590635
4,99652179031655,-0.12650016,0.10173275,0.2942793
10,99652184423738,0.240569,-1.0952072,1.2044578
4,99652189173478,-0.066046394,0.025033714,0.20879184
10,99652195761707,0.20639336,-1.0668092,1.2847428
4,99652198991186,-0.020506341,-0.040746365,0.1387507
10,99652204291134,0.2384193,-1.0356774,1.2452497
4,99652209059936,-0.007989483,-0.06684534,0.09321064
10,99652213984884,0.18095815,-1.003614,1.0353193
4,99652217381759,-0.021038974,-0.0743022,0.06258429
10,99652223669467,0.03552842,-0.7612629,0.96176815
4,99652228511967,-0.018375812,-0.09374327,0.029294772
10,99652235152384,-0.12623334,-0.48190212,0.951952
4,99652238389051,-5.326322E-4,-0.1454086,-0.0053263223
10,99652244267228,-0.16167676,-0.22391844,0.83317566
4,99652249047853,0.012516857,-0.2197108,-0.040746365
10,99652255109988,-0.104587436,0.022263527,0.7351937
2,99652258338686,-36.0,6.0,21.0
10,99652264055822,-0.061356187,0.17568922,0.6750107
4,99652268836863,0.02609898,-0.2809635,-0.06870956
10,99652274962957,-0.16527224,0.28494167,0.72422504
4,99652278205978,0.024501082,-0.26844665,-0.04527374
10,99652283738113,-0.34498674,0.21791458,0.69239426
4,99652288522072,0.02263687,-0.26498455,-0.016245283
10,99652294613478,-0.5371187,0.16136456,0.7037988
4,99652297858947,0.041012682,-0.283893,0.0015978967
10,99652303522332,-0.658226,0.13778782,0.74317694
4,99652308290926,0.07590009,-0.31611723,0.0037284256
10,99652313181811,-0.6709682,0.17023516,0.5565076
4,99652316342853,0.10865697,-0.35153726,2.663161E-4
10,99652323286863,-0.5917213,0.21042538,0.3257761
4,99652328133738,0.12836437,-0.36751625,0.0029294773
10,99652334195405,-0.3653854,0.3616352,0.089627266
4,99652337450665,0.13422333,-0.36938044,0.017044231
10,99652343094884,-0.13154483,0.48887014,-0.18196583
4,99652347901342,0.1272991,-0.34940675,0.036751624
10,99652353958530,0.052328467,0.550138,-0.43095016
4,99652357204051,0.092145376,-0.30360037,0.059388492
10,99652362863113,0.15321636,0.49935722,-0.5365205
4,99652367687957,0.05885586,-0.24208134,0.08175905
10,99652373777176,0.16619503,0.45384264,-0.48004103
4,99652377010405,0.032756884,-0.18668759,0.09427591
10,99652382642749,0.15374625,0.34357595,-0.36030054
4,99652387419832,0.019707393,-0.1486044,0.09773801
10,99652393531395,0.06418371,0.30161905,-0.316854
4,99652396770874,0.009321064,-0.13209279,0.1041296
10,99652402417697,0.019989133,0.27515793,-0.33745003
4,99652407190665,0.011451593,-0.1307612,0.11371698
10,99652412104051,0.0387038,0.27057266,-0.34111166
4,99652415207957,0.020772656,-0.12756541,0.11930962
10,99652422194884,0.08824587,0.2651391,-0.37183666
4,99652426946186,0.04527374,-0.112119086,0.12863068
10,99652433060665,0.3228072,0.2868414,-0.49038363
2,99652436318790,-32.0,12.0,22.0
10,99652442011863,0.37475014,0.42514944,-0.3919344
4,99652446780509,0.098004326,-0.032756884,0.12916331
10,99652452901499,0.36903512,0.4984064,-0.19172668
4,99652456145822,0.12836437,0.10546118,0.18429075
10,99652461816134,0.3563304,0.23080492,0.09421587
4,99652466773530,0.12357068,0.17976338,0.21172132
10,99652472864467,0.23757064,-0.109509945,0.47166634
4,99652476108269,0.0743022,0.37151098,0.28575718
10,99652481539832,-0.024949908,-0.23122978,0.68729734
4,99652486331915,-0.0037284256,0.54168695,0.37710363
10,99652492457436,-0.12471902,-0.30926228,0.97604847
4,99652495681030,0.051931642,0.62770706,0.5499428
10,99652501314936,-0.8427752,-1.7616258,0.8132973
4,99652506179728,0.098004326,0.6412892,0.84874946
10,99652511116394,-0.8387477,-1.9242239,0.42193365
4,99652514333686,0.29188246,0.4607269,0.9195895
10,99652521072228,0.20713222,-0.66307974,1.0857377
4,99652525978790,0.6562029,0.32969934,0.5009406
10,99652532107488,0.007454276,-0.8441911,1.2714195
4,99652535342801,0.29933932,0.20293288,0.017044231
10,99652540854728,-1.3238199,-0.8727069,1.1430669
4,99652545723322,-0.16911073,-0.11345066,-0.28522456
10,99652551827749,-2.278081,-0.47338247,1.8427911
4,99652556632488,-0.33981937,-0.47830373,-0.36325517
10,99652561308113,-1.910463,-1.2986732,1.6237936
4,99652566156447,-0.40533313,-0.7502125,-0.3787015
10,99652572246707,-0.46649152,-1.4889512,0.9130063
4,99652575462592,-0.2412824,-0.8695221,-0.47643954
10,99652580384572,0.50032413,-0.8103442,0.3129902
4,99652585272072,0.094009586,-0.8157263,-0.5320996
10,99652591392488,0.713719,0.18685865,-0.3751006
4,99652594641030,0.32277513,-0.6428871,-0.48629323
10,99652599789207,0.7047001,1.1945863,-0.9339242
4,99652604667176,0.27031085,-0.4359595,-0.4149205
10,99652609635717,0.4031875,1.6810608,-1.4866118
2,99652612953999,-31.0,14.0,21.0
10,99652619565249,0.20673883,1.8340535,-1.3024125
4,99652624475301,-0.26019084,-0.17443706,-0.2394182
10,99652630734832,0.27622128,1.3434615,-0.5950494
4,99652634067019,-0.3304983,-0.05832323,-0.16591494
10,99652638582280,0.2505982,0.5733657,0.0136528015
4,99652644513426,-0.27776772,0.03222425,-0.11318435
10,99652650601655,-0.035236955,-0.12591267,0.37704802
4,99652653902228,-0.13262543,0.053795855,-0.08548747
10,99652659111394,-0.4197986,-0.30578136,0.651597
4,99652664021967,0.07190535,0.0037284256,-0.07643273
10,99652670307905,-0.5951092,-0.026312351,0.5899997
4,99652673539155,0.21438447,-0.052464273,-0.06764429
10,99652678890405,-0.4672035,0.38640738,0.23732138
4,99652683840353,0.21784659,-0.06231797,-0.053795855
10,99652690040769,-0.14946818,0.73598385,-0.041662216
4,99652693272071,0.11638014,-0.002130529,-0.03089267
10,99652697122488,0.082769394,0.72401285,-0.20446777
4,99652704475457,-0.036751624,0.09534117,0.025300032
10,99652710869832,0.016106606,0.52174187,-0.22824955
4,99652715236707,-0.14114754,0.17124127,0.07456851
10,99652719859780,-0.17480516,0.47771168,-0.087828636
4,99652724712905,-0.12809806,0.19014971,0.076166406
10,99652730830301,-0.31698132,0.34585142,0.031793594
4,99652734149467,-0.07456851,0.15925704,0.045007423
10,99652739016394,-0.36597705,0.16874933,0.07890129
4,99652743915301,-0.036485307,0.1222391,-0.0127831735
10,99652749972228,-0.28280485,0.18894911,0.32744408
4,99652753175613,-0.020506341,0.09054748,-0.060453758
10,99652756057332,-0.31632364,0.11712313,0.41124105
4,99652763400249,-0.0314253,0.07989483,-0.045007423
10,99652770936915,-0.417176,-0.18974066,0.35345745
4,99652774228165,-0.060720075,0.083889574,0.0010652645
10,99652779048113,-0.4090935,-0.18436813,0.35672712
4,99652784140144,-0.034088463,0.072171666,0.008788432
10,99652790251915,-0.35513437,-0.2775941,0.49186897
2,99652793539467,-29.0,14.0,22.0
10,99652795567071,-0.27851987,-0.16506672,0.4368024
4,99652803351811,0.042077947,0.019707393,-0.0777643
10,99652809722540,-0.1808064,0.10526562,0.30892658
4,99652814044051,0.035153728,0.020772656,-0.100933805
10,99652817708217,-0.12511611,0.32528496,0.24100256
4,99652822491082,-0.0034621095,0.043942157,-0.08948222
10,99652828584988,-0.06550908,0.3667884,0.32388783
4,99652831795092,-0.06897587,0.09986854,-0.055127434
10,99652834818946,-0.18761337,0.19680023,0.3813486
4,99652842508999,-0.14833808,0.14354439,-0.010918961
10,99652850031707,-0.4055823,-0.03161955,0.57633114
4,99652853293530,-0.15819177,0.15472966,0.0058589545
10,99652856225926,-0.5540228,-0.15611792,0.6816759
4,99652861962749,-0.13528858,0.13821806,-0.008788432
10,99652868269884,-0.6215451,-0.13389397,0.51593876
4,99652871493582,-0.045007423,0.056991648,-0.10519487
10,99652876450665,-0.5642149,-0.08944273,0.1921997
4,99652881214207,-0.031158986,0.034088463,-0.133957
10,99652888518373,-0.3110237,-0.05555296,0.011066914
4,99652891727748,-0.006924219,0.025300032,-0.20932446
10,99652896306863,-0.20367122,-0.1286254,-0.26346397
4,99652901071759,-0.009321064,0.041279,-0.22716765
10,99652906715665,-0.2330606,-0.20828485,-0.39320183
4,99652909821446,-0.054062173,0.08069378,-0.25379926
10,99652916042853,-0.2712208,-0.4202299,-0.71068335
4,99652920885978,-0.123038046,0.13502227,-0.28842035
10,99652927958165,-0.25033736,-0.60308886,-0.7051916
4,99652931206186,-0.11957593,0.17816548,-0.35420042
10,99652935838165,-0.29837394,-0.8815913,-0.8290434
4,99652940641863,-0.10652645,0.17124127,-0.37151098
10,99652947737540,-0.3171072,-0.93112373,-0.93170357
4,99652950980665,-0.073236935,0.18508969,-0.4412858
10,99652955622644,-0.10972905,-0.8730259,-0.9592314
4,99652960389780,-0.058056913,0.19547603,-0.47697216
10,99652967524936,-0.031373143,-0.78440857,-1.0436015
2,99652970755821,-30.0,11.0,22.0
10,99652974217071,0.11269534,-0.30279207,-0.98284626
4,99652981064988,-0.04181163,0.31132352,-0.6079997
10,99652987918530,0.10817325,-0.112026215,-0.9588952
4,99652991156759,-0.06338324,0.44474792,-0.6463492
10,99652995674832,0.0543468,0.060657978,-0.81244135
4,99653000436967,-0.0777643,0.49534798,-0.6362292
10,99653006008894,0.031159401,0.025684357,-0.69326496
4,99653009123165,-0.108124346,0.59841233,-0.60720074
10,99653014930196,0.09334791,0.07234144,-0.24315977
4,99653019785769,-0.11132014,0.65726817,-0.58935755
10,99653026816655,-0.11375666,0.35257435,0.03150463
4,99653030034676,-0.066312715,0.6564692,-0.5768407
10,99653034641134,-0.29595542,0.58321095,0.23200798
4,99653039402644,-0.036751624,0.60054284,-0.536627
10,99653046616759,-0.3181815,0.7197671,0.3769946
4,99653049839259,-0.014647386,0.52810484,-0.48283112
10,99653054002332,-0.10204625,0.9157562,0.5512829
4,99653058958321,-0.010386328,0.46978164,-0.44315
10,99653066411186,0.14179742,1.0174856,0.6130533
4,99653069649623,-0.017576864,0.44794372,-0.39361522
10,99653074498009,0.30392158,0.9360719,0.6306
4,99653079280613,-0.04314321,0.4564658,-0.32277513
10,99653086189415,0.39811182,0.80728483,0.68112326
4,99653089436915,-0.06471482,0.4596616,-0.25646242
10,99653094178634,0.43988502,0.6766958,0.8027315
4,99653098947175,-0.06791061,0.44687843,-0.20932446
10,99653104530717,0.42749572,0.50725555,0.89661217
4,99653107642696,-0.06471482,0.40586576,-0.17763285
10,99653113826863,0.33934772,0.34838915,0.96730757
4,99653118610092,-0.057790596,0.3518036,-0.16405073
10,99653125744675,0.2639997,0.328434,0.9737897
4,99653128993217,-0.05273059,0.30919302,-0.16431704
10,99653133739780,0.20283341,0.24142504,0.9904456
4,99653138531082,-0.063116916,0.2942793,-0.14753912
10,99653145513009,0.079795,0.15310526,1.0032511
2,99653148778373,-34.0,11.0,14.0
10,99653153100092,-0.16130638,0.076889515,0.96725416
4,99653157957228,-0.08681905,0.30466563,-0.087618
10,99653165331603,-0.45694864,-0.021348953,0.9677987
4,99653168571863,-0.08042747,0.28229508,-0.072171666
10,99653173141967,-0.6950345,-0.14504957,0.9997883
4,99653178080978,-0.044208474,0.24048345,-0.07989483
10,99653185069311,-0.82449466,-0.31281137,0.9546509
4,99653188287384,-0.014114754,0.18482338,-0.10013486
10,99653193127696,-0.9458901,-0.42934704,0.8515787
4,99653197909728,0.010120012,0.1307612,-0.12783173
10,99653203053530,-1.0007801,-0.33502054,0.77393675
4,99653206273686,0.032756884,0.08628642,-0.15020229
10,99653212714363,-1.005698,-0.22159529,0.7334089
4,99653217470925,0.033289514,0.04261058,-0.15526229
10,99653224285144,-0.990687,-0.15173149,0.6286497
4,99653227491238,0.010918961,0.016777916,-0.14727281
10,99653232704103,-0.96349305,-0.15661669,0.4614539
4,99653237456863,-0.010652645,0.015180019,-0.14567491
10,99653244013061,-0.9249888,-0.12842655,0.39916706
4,99653247249519,-0.0018642128,0.024767399,-0.1470065
10,99653252441863,-0.90308356,-0.055116177,0.38438272
4,99653257228113,0.029028457,0.02956109,-0.14620754
10,99653263794103,-0.8952137,0.037581444,0.34118748
4,99653267036134,0.05885586,0.031158986,-0.14354439
10,99653272160925,-0.93480724,0.19209146,0.3263979
4,99653276933842,0.077231675,0.029827405,-0.13342437
10,99653283574050,-0.9120177,0.33053303,0.23579454
4,99653286779884,0.088150635,0.03355583,-0.1123854
10,99653292009832,-0.8455321,0.5035391,0.1940999
4,99653296855561,0.10679276,0.029827405,-0.08495484
10,99653301962644,-0.7687578,0.63945866,0.12247372
4,99653305135873,0.11930962,0.02263687,-0.07137272
10,99653310613477,-0.725887,0.71171856,0.05443859
4,99653317152384,0.13795175,0.01304949,-0.039414786
10,99653323436394,-0.43449056,0.9715977,-0.132164
2,99653326691863,-33.0,-7.0,12.0
10,99653330986707,-0.28605902,1.118267,-0.2500677
4,99653335803269,0.15606125,0.017576864,0.040213734
10,99653342937905,-0.13257849,1.1250386,-0.41512442
4,99653346166759,0.12596752,0.076965354,0.11744541
10,99653351356394,0.030452251,1.1219769,-0.4044218
4,99653356135352,0.1206412,0.09880328,0.13741912
10,99653362682280,0.22201633,1.0459957,-0.34078407
4,99653365892852,0.12809806,0.216515,0.21038973
10,99653371082540,0.37136483,0.74014044,0.0396533
4,99653376045300,0.12463594,0.2892193,0.2514024
10,99653382489675,0.36593556,0.48934412,0.1362958
4,99653385709363,0.104928546,0.52171326,0.37577203
10,99653390826863,-0.060275793,-0.6798763,1.0462971
4,99653395673686,0.070307456,0.77897465,0.5656554
10,99653400766498,-0.28996372,-0.981874,1.3831887
4,99653404037905,0.07137272,0.90307796,0.7483483
10,99653410513998,-0.9852053,-1.2635603,1.8510308
4,99653415366186,0.19094865,0.8319715,0.8855011
10,99653422168998,-1.3454554,-1.2539611,1.7670789
4,99653425378790,0.39468047,0.47404268,0.8135957
10,99653430297852,-0.31340426,0.7579613,1.9275651
4,99653435190717,0.6761766,0.24873926,0.38775626
10,99653441791967,-0.5967939,0.26968384,1.5039034
4,99653445036811,0.13741912,0.16138756,0.019973708
10,99653450164675,-1.6405092,0.1859169,1.1599531
4,99653455005457,-0.4135889,-0.07856325,-0.23462449
10,99653461564571,-2.3832576,0.9794774,2.1863737
4,99653464784936,-0.47271112,-0.4282363,-0.294013
10,99653469921967,-2.434794,0.14394188,1.8377275
4,99653474765352,-0.4854943,-0.72917354,-0.23116238
10,99653481338998,-1.2301393,-0.4413209,0.8649206
4,99653484583842,-0.3568636,-0.88177264,-0.27403927
10,99653489788790,-0.056079626,-0.04894495,0.57107544
4,99653494745769,-0.057257965,-0.8444884,-0.35926044
10,99653499845300,0.188869,0.51413393,0.14474869
2,99653503000040,-32.0,-5.0,11.0
10,99653509547227,-0.30347234,1.0672774,-0.1707077
4,99653514402800,0.12357068,-0.5137238,-0.15765914
10,99653521436759,-0.746678,1.9501843,0.26395416
4,99653524670404,0.14833808,-0.48655954,0.025033714
10,99653529159207,-1.2252725,2.4625454,0.6034007
4,99653534030092,0.11504856,-0.53502905,0.19813919
10,99653541022800,-1.3173043,1.9774036,0.3382187
4,99653544399779,-0.06231797,-0.60427123,0.3257046
10,99653548986029,-1.0460075,1.7673912,0.62940645
4,99653553855144,-0.09241169,-0.67537767,0.38402784
10,99653560841707,-0.92409515,1.5283027,0.7047396
4,99653564152748,-0.0058589545,-0.73636407,0.45833004
10,99653568647071,-0.9568498,1.3935685,0.46573257
4,99653573551186,0.09454222,-0.77577883,0.5632586
10,99653580614727,-0.90561163,1.298698,0.02232933
4,99653583918373,0.15233281,-0.7981494,0.65886605
10,99653588548061,-0.6353409,1.2141466,-0.25510788
4,99653593472800,0.18056233,-0.7976168,0.71798825
10,99653598993425,-0.2637118,1.1201582,-0.3194642
4,99653602098582,0.19467708,-0.7978831,0.7454188
10,99653608245196,-0.12516451,0.93087006,-0.3238263
4,99653613073894,0.20692763,-0.77631146,0.78776306
10,99653620166863,-0.028579712,0.57401085,-0.41052246
4,99653623406498,0.19467708,-0.75633776,0.8346347
10,99653626327436,0.21084046,0.3848691,-0.43446445
4,99653633034415,0.19707392,-0.71958613,0.8423579
10,99653641254154,0.6489564,0.3949008,-0.3775215
4,99653644634102,0.21518342,-0.61865234,0.81732416
10,99653647708061,0.64379275,0.38902283,-0.38164043
4,99653653567592,0.20879184,-0.42770368,0.79868203
10,99653658879623,1.470525,0.5077915,-0.08173895
4,99653662175613,0.1784318,-0.20266657,0.81412834
10,99653666127227,1.3388438,0.5820117,-0.03385496
4,99653673264936,0.23462449,0.0061252704,0.9243832
10,99653681313686,0.9863924,-0.19950104,-0.4319706
2,99653684068686,-32.0,9.0,18.0
10,99653688979571,1.0734355,-0.19015646,-0.4392953
4,99653693937436,0.30812773,0.3834952,1.3829796
10,99653699447592,1.210652,-1.4862556,-1.1526918
4,99653702558477,0.45540056,0.49375007,1.3377059
10,99653705987175,1.2441641,-1.6562414,-2.10319
4,99653712776550,0.40932786,0.7036072,0.9331717
10,99653720768894,1.6403828,-2.4692273,-1.3773284
4,99653723546967,-0.15100123,0.8740495,0.37577203
10,99653728561602,1.7264256,-2.4173589,-1.3426499
4,99653733416029,-0.89588743,0.62264705,-0.11531488
10,99653740141498,-1.8091832,-4.301994,1.3358994
4,99653743392540,-0.96326536,-0.015446335,-0.43649212
10,99653746331811,-1.8091832,-4.301994,1.3358994
4,99653751147123,-0.5853628,-0.5864281,-0.65700185
10,99653758064831,-0.7282449,-5.6784105,1.8036776
4,99653761355404,0.031158986,-0.8279768,-0.85993475
10,99653767061915,0.91055405,-3.8763905,0.834651
4,99653771839936,0.6428871,-0.8404937,-0.99069595
10,99653777982852,1.4735352,-1.408649,-0.27919436
4,99653781195144,0.9470201,-0.7699199,-1.0130665
10,99653786838113,1.4331323,1.0360641,-1.2336216
4,99653791635092,0.8386294,-0.6692524,-0.97258645
10,99653796512331,1.404053,2.7391498,-1.8115573
4,99653799646759,0.63250077,-0.5952165,-0.94462323
10,99653806658269,1.2660017,3.1272566,-1.9225092
4,99653811459050,-0.32170987,-0.18588865,-0.74035877
10,99653817537175,1.2965053,2.1581664,-1.5299702
4,99653820755873,-0.82877576,0.1784318,-0.5299691
10,99653826443998,1.3369447,0.92775154,-0.317451
4,99653831185404,-0.8988169,0.32730252,-0.44448158
10,99653837339779,0.9828299,-0.34480715,0.67079306
4,99653840575613,-0.48735848,0.5475459,-0.2543319
10,99653846254519,0.47544706,-1.2903461,1.182343
4,99653851063425,-0.23702134,0.5451491,-0.22050974
10,99653857293998,0.027854443,-1.1420078,1.3260703
2,99653860543581,-32.0,10.0,23.0
10,99653865982540,-0.25419402,-0.32592487,0.714273
4,99653870742956,0.60293967,0.28655612,-0.32144356
10,99653876927592,-0.25287938,0.17326641,0.25650215
4,99653880167904,0.62770706,0.17949706,-0.39601207
10,99653885728269,0.11189854,1.5798573,-0.19558
4,99653890583790,0.5174522,0.18402444,-0.4013384
10,99653895455248,0.18108547,1.6159644,-0.30224752
4,99653898563321,0.2793656,0.30972564,-0.28176245
10,99653905558321,0.18887651,1.3426733,-0.54345894
4,99653910340144,0.018908445,0.5107943,-0.13448964
10,99653916448425,0.15176594,0.89127827,-0.26010418
4,99653919666498,-0.12197278,0.65487134,-0.08495484
10,99653925287175,-0.0945853,0.37054682,0.38803625
4,99653929251967,-0.09720538,0.66206187,-0.11584751
4,99653934251967,0.04474111,0.53263223,-0.16325177
4,99653945643321,0.2545982,0.3187804,-0.20186761
11,99653953389988,-0.336022,0.112264,-0.492688,0.794823,0.0
4,99653955330613,0.4135889,0.16724652,-0.2330266
4,99653962838373,0.4135889,0.16724652,-0.2330266
4,99653964731967,0.43862265,0.14301175,-0.24873926
10,99653972546133,-0.271129,0.55118704,0.6152296
4,99653972546133,0.43036684,0.13422333,-0.26871297
4,99653974521238,0.4101268,0.15259913,-0.2825614
4,99653983625925,0.39760995,0.19600865,-0.26871297
4,99653986179467,0.42717105,0.33316147,-0.113983296
10,99653993371290,-0.4054258,0.6203885,0.8105941
4,99653995775508,0.44874266,0.5209143,0.14327806
10,99654003256654,-0.3948822,0.41087246,1.0185704
4,99654005098738,0.44315,0.71159667,0.41571945
10,99654012183633,-0.5996528,0.1599617,1.2865157
4,99654012183633,0.44315,0.71159667,0.41571945
4,99654014154467,0.45193845,0.7824367,0.57790595
4,99654023261081,0.4498079,0.80400836,0.76565886
4,99654025772696,0.41598576,0.76565886,1.099353
10,99654031704675,-1.4036438,0.068763256,-0.50565434
4,99654031704675,0.42797,0.65460503,1.1438277
4,99654033736446,0.42797,0.65460503,1.1438277
2,99654042113946,-33.0,10.0,29.0
4,99654044453269,0.691623,0.5994776,0.7797736
10,99654053278321,-0.20709509,1.6765532,-0.28507853
4,99654055820092,-0.5009406,0.7073356,-0.051665325
10,99654064327019,-3.9095123,-0.34890747,0.540359
4,99654069125977,-1.1736552,0.1917476,-0.34594464
10,99654072836654,-5.8034177,-1.7588153,3.1725907
4,99654077620821,-1.1217234,-0.5861618,-0.42397526
10,99654084990456,-5.320966,-3.7821388,2.8643312
4,99654089787644,-0.5637912,-1.0586065,-0.48948902
10,99654093590300,-2.7601085,-3.5082598,1.1665993
4,99654098359258,0.2841593,-1.1147993,-0.6468818
10,99654103907540,-0.4393173,-2.3355856,-0.60193014
4,99654107729102,0.8527442,-1.0090717,-0.9129316
10,99654112613998,0.57331944,-0.5497651,-1.7879844
4,99654116040665,0.6945524,-0.9089369,-1.1784488
10,99654124508842,0.14702916,1.4602137,-2.87499
4,99654129285404,0.12809806,-0.8114652,-1.247691
10,99654132992644,-0.5171727,2.6638732,-2.6422806
4,99654136232123,-0.5073322,-0.6671219,-1.0191917
10,99654144276863,-1.003485,2.5631504,-1.8645778
4,99654148555040,-0.9038769,-0.5041364,-0.6854977
10,99654153061342,-0.94420975,1.4143348,-0.8522692
4,99654156261498,-0.9651296,-0.3435478,-0.44581318
10,99654163694883,-0.74771017,-0.06276369,-0.14744663
4,99654168486498,-0.75607145,-0.2591256,-0.36218992
10,99654172150248,-0.8068117,-0.9573703,0.24300432
4,99654175407852,-0.36218992,-0.2892193,-0.40559945
10,99654183503842,-1.0164886,-0.5825958,0.21257305
4,99654188331550,0.05885586,-0.36458677,-0.4612595
10,99654191984467,-1.1546106,0.54614305,-0.36833477
4,99654196834258,0.17949706,-0.3901531,-0.4577974
10,99654201951602,-0.93158704,1.678185,-1.0630417
4,99654205801446,0.07829694,-0.40852892,-0.38376153
10,99654210688738,-0.4295479,2.5844486,-1.3598762
2,99654215573008,-25.0,10.0,25.0
10,99654223067227,0.022291064,2.6946766,-1.2709408
4,99654227851654,-0.5137238,-0.1571265,-0.1206412
10,99654231484363,-0.02659583,2.11838,-1.4325981
4,99654234741498,-0.6428871,-0.048203215,-0.0029294773
10,99654242856863,-0.089211226,1.9050441,-1.2329574
4,99654247685144,-0.70840085,0.23089607,0.24714136
10,99654251338165,-0.43815517,1.3367834,-0.66322327
4,99654254579310,-0.6463492,0.26551718,0.2695119
10,99654262555196,-0.57664645,1.1619616,-0.45838404
4,99654267387592,-0.47484162,0.19574234,0.22077605
10,99654271037748,-0.8078269,0.87679005,-0.021283627
4,99654274412227,-0.42797,0.13156016,0.19734024
10,99654282337488,-0.6821178,0.96693754,0.14729357
4,99654287148633,-0.28895298,-0.035952676,0.17736652
10,99654290798008,-0.16635168,0.9921646,0.2573061
4,99654295637852,-0.27403927,-0.033289514,0.21544974
10,99654300740248,-0.067806005,0.7253885,0.11229801
4,99654304589519,-0.36804888,0.023435818,0.36005938
10,99654310388633,-0.10867441,0.3604231,-0.65954304
4,99654313799779,-0.50653327,0.11025487,0.44767737
10,99654321924310,-0.12793124,0.26862,-1.0074873
4,99654326720613,-0.5006743,0.22690132,0.40080574
10,99654330401290,0.09730041,-0.012669563,-0.4386139
4,99654333644206,-0.45167214,0.26738137,0.3683152
10,99654341698581,0.15653527,-0.14213419,-0.15070724
4,99654346482644,-0.34594464,0.30120352,0.25859293
10,99654350132175,-0.17948568,-0.26287556,0.49865913
4,99654353384883,-0.32863408,0.2790993,0.21917816
10,99654361502279,-0.39494538,-0.292562,0.7520776
4,99654366273946,-0.3257046,0.082558,0.14780544
10,99654369922696,-0.8524878,-0.40562868,1.314971
4,99654373187904,-0.3110572,-0.0061252704,0.12996227
10,99654381207175,-0.83158255,-0.3936901,1.4773602
4,99654386222956,-0.2545982,-0.18162759,0.107858025
10,99654389866290,-0.3904723,-0.3899088,1.9177942
2,99654394752644,-36.0,10.0,17.0
10,99654399887904,-0.21041048,-0.3892541,1.9503818
4,99654403817800,-0.2031992,-0.3472762,0.124902256
10,99654409426133,0.12985659,-0.46307516,2.088745
4,99654412666342,-0.21731395,-0.31265512,0.1470065
10,99654420760665,0.35446632,-0.538815,2.3104992
4,99654425659362,-0.21997711,-0.2543319,0.17923075
10,99654429272800,0.3459326,-0.3875637,2.3723335
4,99654432519831,-0.18642128,-0.22929817,0.22743396
10,99654440545925,0.3346547,-0.28619957,2.3305507
4,99654445440040,-0.1323591,-0.24367924,0.2926814
10,99654449085144,0.4015354,-0.10099459,2.0609803
4,99654452297383,-0.06791061,-0.27403927,0.3571299
10,99654460491446,0.56864035,0.07017994,1.5858955
4,99654465357279,-0.013315806,-0.29241508,0.40373522
10,99654469028842,0.7644098,0.17038202,1.1595364
4,99654472272383,0.009321064,-0.27217507,0.43649212
10,99654480149675,0.9602419,0.317245,0.8989415
4,99654485037435,0.02609898,-0.21758026,0.44821003
10,99654488659102,1.028882,0.47681332,0.8534608
4,99654493534935,0.043675844,-0.15632756,0.43755737
10,99654498652644,0.8820847,0.55836296,0.90836
4,99654502456029,0.05912218,-0.12543489,0.40906155
10,99654508122175,0.6372349,0.47891998,1.0219526
4,99654511575352,0.05672533,-0.11371698,0.39814258
10,99654519646915,0.38987052,0.05962515,1.0466299
4,99654524527331,0.048469532,-0.14221281,0.38908786
10,99654528184831,0.17852461,-0.22719002,0.9529729
4,99654531407540,0.09986854,-0.18855181,0.34434673
10,99654539438269,0.06875551,-0.30846214,0.8794894
4,99654544280248,0.19867182,-0.21891184,0.30173615
10,99654547896237,0.11188936,-0.23868608,0.8169069
4,99654551139935,0.27483824,-0.22450449,0.2806972
10,99654559203425,0.15435016,-0.2874074,0.7341776
4,99654564070248,0.28309402,-0.21065605,0.28016454
10,99654567763581,0.021675348,-0.3466754,0.6165571
2,99654570993946,-36.0,10.0,14.0
10,99654578975612,-0.13435566,-0.14691305,0.5118327
4,99654583930144,0.18722023,-0.25752768,0.23435818
10,99654587543946,-0.15810871,0.07539034,0.4024377
4,99654592318998,0.17576863,-0.29800773,0.17310548
10,99654597400665,-0.07946706,0.29231548,0.24634981
4,99654601319258,0.19467708,-0.30919302,0.13635385
10,99654605745352,0.01630199,0.24920416,0.011709213
4,99654611539727,0.17390442,-0.27403927,0.14514229
10,99654619816914,0.10261333,0.032052517,-0.23037624
4,99654624658894,0.12623383,-0.22556975,0.15739283
10,99654628304362,0.094368696,0.029435158,-0.23105335
4,99654631552539,0.12436963,-0.21012342,0.1470065
10,99654638319831,0.041187406,-0.03732395,-0.5282278
4,99654643182956,0.14647387,-0.19094865,0.14088123
10,99654646825144,0.07329035,-0.18749714,-0.51887083
4,99654650075977,0.16298546,-0.16751283,0.1438107
10,99654658131967,0.06684935,-0.31134224,-0.33633232
4,99654662977904,0.2146508,-0.057257965,0.16911073
10,99654665068946,-0.24200857,-0.34246683,-0.235775
4,99654670870300,0.21571605,-0.032490566,0.175236
10,99654677809258,-0.5960312,-0.23298597,-0.22183943
4,99654682888842,0.19893813,-0.064182185,0.15952335
10,99654687517800,-0.7958545,-0.101873875,-0.21573639
4,99654692287175,0.16751283,-0.12330436,0.13768543
10,99654698653998,-0.7352464,-0.15855598,-0.3205557
4,99654703047227,0.11851067,-0.16884442,0.12809806
10,99654706713112,-0.6258918,-0.2074194,-0.30936146
4,99654709961394,0.09667275,-0.18056233,0.12197278
10,99654716127383,-0.592373,-0.1978426,-0.26866007
4,99654720968998,0.07669904,-0.180296,0.11744541
10,99654725656706,-0.6851255,-0.27870274,-0.23420477
4,99654730420092,0.0793622,-0.17310548,0.14274544
10,99654737010821,-0.77461094,-0.35121965,-0.2592225
4,99654741794623,0.09560748,-0.19441076,0.20266657
10,99654745534050,-0.99872977,-0.36092854,-0.22240877
2,99654749488217,-32.0,17.0,17.0
10,99654756792123,-1.0116062,-0.2897339,-0.35858154
4,99654761563842,0.10918961,-0.29800773,0.16538231
10,99654766202019,-0.76736635,0.17237854,-0.5931854
4,99654769418477,0.101200126,-0.30386668,0.14833808
10,99654776578164,-0.6103089,0.29544306,-0.621469
4,99654781422956,0.024234766,-0.24714136,0.14913702
10,99654785182175,-0.4378531,0.49195242,-0.6239133
4,99654789945873,0.0018642128,-0.2231729,0.16564862
10,99654794905092,-0.5475545,0.48673153,-0.69766665
4,99654799045977,-0.02130529,-0.17869811,0.21678132
10,99654805001185,-0.6666325,0.44818497,-0.5742512
4,99654808250664,-0.021837922,-0.1504686,0.2775014
10,99654816125196,-0.747453,0.51787806,-0.4423833
4,99654820911133,-0.012250541,-0.11824436,0.34567833
10,99654824695404,-0.522467,0.9788189,-0.38463068
4,99654828010873,-0.01784318,-0.11265171,0.35952675
10,99654835960560,-0.39209175,1.2606683,-0.3912406
4,99654840768685,-0.017576864,-0.11504856,0.37310886
10,99654845451081,-0.17621922,1.7832131,-0.551991
4,99654848691706,-0.05566007,-0.119043306,0.36565202
10,99654855690612,-0.12701488,1.7375989,-0.5982218
4,99654860470300,-0.14247912,-0.1107875,0.36938044
10,99654864186133,-0.07507169,1.2277288,-0.1056571
4,99654867567696,-0.1984055,-0.11052119,0.386691
10,99654875474362,-0.14470005,1.0345039,0.068459034
4,99654880322852,-0.2031992,-0.13315806,0.4032026
10,99654884168477,-0.26525354,0.64485836,0.3116064
4,99654888912123,-0.16325177,-0.16564862,0.40613207
10,99654893826081,-0.098749995,0.36074543,0.63702774
4,99654897936758,-0.12516858,-0.15632756,0.406931
10,99654903867279,0.052008867,0.035069942,0.4112959
4,99654907122227,-0.13582122,-0.082025364,0.44075316
10,99654915004519,0.3019284,-0.07154131,0.26515293
4,99654919784987,-0.10918961,0.013582122,0.43702474
10,99654923489519,0.62406254,-0.51166487,0.6823449
2,99654928268060,-30.0,24.0,15.0
10,99654934808373,0.41393936,-1.3551469,0.32492113
4,99654939673321,-0.24261399,-0.009853696,0.3022688
10,99654943450300,0.61552644,-0.51210165,0.8445058
4,99654946724206,-0.048203215,2.663161E-4,0.22929817
10,99654954402591,1.0219213,-1.1684227,0.95567465
4,99654959174623,-0.1504686,0.054594804,0.1257012
10,99654962886133,0.876245,-1.4842544,0.92163897
4,99654967718112,-0.21491711,0.04261058,0.08655274
10,99654974348841,0.7686001,-0.8325262,1.3386798
4,99654979116862,-0.08016115,-0.0010652645,0.09374327
10,99654982823164,0.64988446,-0.950829,1.2204618
4,99654987596185,-0.013848438,-0.021837922,0.11451593
10,99654992701758,0.6380571,-1.0362635,1.2284818
4,99654996822591,-0.0055926386,-0.0031957934,0.1603223
10,99655002763164,0.3713143,-1.126934,1.2827225
4,99655006017800,-0.041279,0.01571265,0.1736381
10,99655013907800,-0.13908195,-1.1673102,1.3738575
4,99655018680925,-0.049534798,0.018375812,0.14274544
10,99655022391237,-0.55312943,-1.0327039,1.5029778
4,99655025787435,0.0026631611,-0.02263687,0.08575379
10,99655033104310,-0.6491868,-0.8777747,1.4282622
4,99655037899623,0.019973708,-0.082558,0.03542004
10,99655041353894,-0.49352723,-0.58730507,1.2178187
4,99655047134258,0.029827405,-0.12942964,-0.019707393
10,99655053499414,-0.24021041,-0.1292901,0.99480534
4,99655058309414,0.036218993,-0.13156016,-0.06684534
10,99655061985925,-0.1410793,0.0066099167,0.84340954
4,99655065342071,-0.010386328,-0.11371698,-0.0743022
10,99655073238893,-0.29723406,0.02581501,0.5752783
4,99655078027175,-0.06711166,-0.11132014,-0.06498113
10,99655082647018,-0.40615398,0.25288057,0.3520341
4,99655087426133,-0.06977482,-0.12836437,-0.08681905
10,99655092318425,-0.38334394,0.43309927,0.10880995
4,99655096120143,-0.07989483,-0.14301175,-0.12836437
10,99655101691133,-0.2984419,0.6444669,-0.18124151
2,99655104966446,-29.0,26.0,15.0
10,99655112789935,-0.27724683,0.8326664,-0.48639536
4,99655117565404,-0.12037488,-0.1486044,-0.17337179
10,99655122156029,-0.33617938,0.88545465,-1.0055027
4,99655125403998,-0.15020229,-0.16831179,-0.18375812
10,99655132612227,-0.24496067,1.1628804,-1.2967038
4,99655137373216,-0.15259913,-0.14620754,-0.21518342
10,99655141991862,0.019844413,1.2766633,-1.2047815
4,99655145228946,-0.16165388,-0.04234426,-0.29454562
10,99655152350248,0.16069591,0.7006426,-0.21779013
4,99655157180091,-0.2428803,0.046072688,-0.37151098
10,99655161820560,-0.34467006,-0.29865217,0.12921524
4,99655165070873,-0.23196134,0.041545313,-0.4048005
10,99655172149623,-0.656803,0.0013971329,1.1981068
4,99655176951133,-0.010918961,0.008522116,-0.40932786
10,99655180754362,-0.5109031,-0.6277566,0.98866415
4,99655185686706,0.03222425,0.023169503,-0.42663842
10,99655190584310,-0.25540888,-0.841362,0.7241249
4,99655194598268,0.030626353,0.105727494,-0.48149952
10,99655200526185,0.45441592,0.09172535,0.41693735
4,99655203799727,0.11824436,0.19600865,-0.53263223
10,99655211708737,0.5144658,0.22995567,0.10933256
4,99655216491498,0.13741912,0.32597092,-0.48842376
10,99655221060612,0.6056118,0.24845171,-0.81031084
4,99655224326758,0.09960223,0.3720436,-0.46205845
10,99655231484362,0.7170422,0.20657921,-1.1168208
4,99655236239414,0.01304949,0.48842376,-0.43196473
10,99655239913841,0.9409338,0.040504932,-1.1773558
4,99655243349831,0.017576864,0.52331114,-0.43915528
10,99655251252018,1.0029691,-0.124880314,-1.175766
4,99655256148998,0.054062173,0.6689861,-0.4577974
10,99655260776966,1.0496912,-0.53096247,-1.0765553
4,99655264058841,0.071106404,0.7257114,-0.45833004
10,99655271033008,0.93897414,-0.57193756,-0.93101835
4,99655275882852,0.20399815,0.8330368,-0.43382895
10,99655280488008,0.44702458,-0.36658287,-0.41719055
2,99655285375820,-28.0,23.0,15.0
10,99655290365820,0.39161205,-0.20617867,-0.27963543
4,99655294441810,0.30253512,0.8253136,-0.45540056
10,99655299099570,0.0921613,0.38465548,0.12146711
4,99655303955560,0.28975195,0.7587346,-0.5006743
10,99655310553373,-0.0429399,0.45407343,0.13216257
4,99655315376185,0.2197108,0.66818714,-0.5185175
10,99655319984675,-0.09553158,0.401793,0.24797058
4,99655323227800,0.14274544,0.6101302,-0.5030711
10,99655330376706,-0.033091426,0.20862627,0.2331667
4,99655335214831,0.0644485,0.5906891,-0.48815745
10,99655338590873,0.019643426,-0.35612583,0.14613628
4,99655343437748,0.042077947,0.5787049,-0.4956143
10,99655350112852,-0.007134795,-0.5736575,0.111973286
4,99655355082904,0.076965354,0.5763081,-0.49188587
10,99655358734570,-0.020961285,-0.8403683,0.2343545
4,99655362008008,0.15499598,0.57284594,-0.48070058
10,99655369892279,-0.04821241,-0.69812965,0.44718552
4,99655374716498,0.23835292,0.55766594,-0.49721217
10,99655378426914,-0.27213132,-0.25405645,0.43067932
4,99655383343893,0.26019084,0.53929013,-0.5249091
10,99655388305195,-0.6135813,0.08112383,0.36780643
4,99655392393373,0.21411815,0.49854377,-0.5230448
10,99655398057539,-0.8391994,0.2884779,0.30439806
4,99655401571498,0.14727281,0.43809,-0.504669
10,99655409442123,-0.91032237,0.37352705,0.3085842
4,99655414345560,0.11025487,0.35286885,-0.5020059
10,99655418966550,-0.83746314,0.18452978,0.17426968
4,99655422170768,0.076965354,0.29507825,-0.5041364
10,99655429234102,-0.5997797,0.09978819,0.19566107
4,99655434077956,0.08548747,0.26818034,-0.5113269
10,99655439338164,-0.54744494,0.15292025,0.17091513
4,99655442580039,0.09614012,0.26658243,-0.4910869
10,99655449006237,-0.66611874,0.17174911,0.14461136
4,99655453932695,0.083090626,0.299073,-0.43329632
10,99655458921810,-0.75579286,0.26781797,0.3829999
2,99655462182435,-36.0,6.0,15.0
10,99655468785300,-0.900566,0.37115717,0.49113512
4,99655473604362,0.09614012,0.27696875,-0.3320962
10,99655478743425,-1.0349319,0.49950647,0.535656
4,99655483578112,0.12863068,0.21891184,-0.2724414
10,99655488536810,-1.0191329,0.59244347,0.5355387
4,99655492331497,0.15899073,0.18775286,-0.21198763
10,99655494470508,-0.85870874,0.7001691,0.5331321
4,99655501847279,0.16484967,0.18775286,-0.16831179
10,99655510191810,-0.772231,0.7273941,0.38309908
4,99655513620247,0.14807177,0.22370553,-0.10546118
10,99655518725195,-0.7557391,0.7144499,0.36754942
4,99655521936758,0.11318435,0.27510455,-0.0061252704
10,99655528165091,-0.8143594,0.47260857,0.40300322
4,99655532996289,0.11584751,0.3787015,0.104928546
10,99655538095300,-0.7154674,-0.038553715,0.7832103
4,99655541357070,0.09454222,0.50626695,0.22077605
10,99655547886289,-0.7989877,-0.56216097,1.0321455
4,99655552681966,0.08468852,0.6130597,0.3222425
10,99655557835195,-1.0982196,-0.90899277,1.1773515
4,99655561049518,0.092944324,0.65513766,0.44767737
10,99655567666237,-1.3163844,-0.92696524,1.4927926
4,99655572448997,0.19361182,0.5334312,0.5163869
10,99655574528997,-1.1871101,-0.14646101,1.5550399
4,99655581397643,0.26818034,0.4247742,0.45566687
10,99655588182800,-1.0678526,0.2577629,1.5047321
4,99655593076914,0.045540057,0.086020105,0.018642128
10,99655598237383,-1.6140172,-0.0146279335,1.2875032
4,99655601455352,-0.34674358,-0.18295917,-0.19627498
10,99655607520872,-2.0664725,0.15269947,1.6320195
4,99655612346550,-0.40772998,-0.4346279,-0.25646242
10,99655614464831,-2.0137863,-0.5272527,1.6032867
4,99655620517383,-0.36724994,-0.5403554,-0.23515713
10,99655627596550,-1.4271147,-0.8025398,0.7901287
4,99655632410768,0.008522116,-0.7488809,-0.18242654
10,99655636083372,-0.61263657,-0.25371885,0.16826344
2,99655639336862,-37.0,-1.0,15.0
10,99655647410143,-0.18396294,0.4051695,-0.5297656
4,99655652187643,0.34807515,-0.6356966,-0.32996565
10,99655655818372,-0.11900318,0.76989126,-1.189981
4,99655659048945,0.20186761,-0.5792375,-0.35286885
10,99655667114987,-0.13787961,1.2454076,-1.0265651
4,99655671094622,-0.23489082,-0.38615838,-0.3174488
10,99655675947643,-0.3230734,1.0784721,-0.4598608
4,99655680741862,-0.3422162,-0.32783514,-0.25353295
10,99655687563320,-0.6427925,0.5042267,0.08944368
4,99655692485508,-0.41278997,-0.19068234,-0.0628506
10,99655697827331,-0.7777428,0.07554102,0.46536636
4,99655701329206,-0.2463424,-0.15952335,-0.025300032
10,99655707268372,-0.8489567,-0.20230913,0.6260247
4,99655712041602,-0.020772656,-0.1898834,-0.023169503
4,99655718181289,0.08894958,-0.21917816,-0.016511599
10,99655725081393,-0.9588575,-0.041012287,0.3178959
4,99655738079622,0.30386668,-0.28229508,-0.00479369
11,99655745996758,-0.335733,0.153793,-0.582146,0.724386,0.0
4,99655750665091,0.10918961,-0.24820662,0.01438107
10,99655754219258,-0.28974354,1.5129986,-0.71822023
4,99655758825612,0.025300032,-0.22370553,0.03701794
10,99655765451081,-0.22158396,1.5653181,-0.7136555
4,99655770072695,-0.10279802,-0.1520665,0.11052119
10,99655773655404,0.045215845,1.3000646,-0.47380638
4,99655778259622,-0.1667139,-0.07137272,0.21252026
10,99655783995039,-0.008397818,1.0758309,-0.6228924
4,99655788852122,-0.21518342,0.0034621095,0.3174488
10,99655793206602,-0.15089977,0.79414606,-0.6585431
4,99655797823841,-0.21385184,0.06231797,0.35792887
10,99655804996706,-0.23111784,0.71970415,-0.3958006
4,99655809663372,-0.1818939,0.08681905,0.34274885
10,99655813228060,-0.37667334,0.5089097,-0.14311981
2,99655817838997,-29.0,4.0,12.0
10,99655824721133,-0.53801703,0.46820068,0.07680988
4,99655829401966,-0.16831179,-0.019441076,0.28975195
10,99655833034883,-0.5757351,0.45701504,0.27751112
4,99655837652539,-0.18455707,-0.08282431,0.27164245
10,99655844503424,-0.45767856,0.37593555,0.5536623
4,99655849169206,-0.22743396,-0.09720538,0.2876214
10,99655852731810,-0.51021457,0.06000328,0.4177308
4,99655857344518,-0.28895298,-0.11371698,0.3187804
10,99655864280299,-0.63730747,0.075433254,0.2127018
4,99655868934935,-0.27057716,-0.15526229,0.29933932
10,99655872475768,-0.6450851,0.18204737,0.07330036
4,99655877080612,-0.21544974,-0.20586236,0.23995082
10,99655882895612,-0.5243745,0.1552782,-0.0011019707
4,99655887712383,-0.18908444,-0.25726137,0.16804546
10,99655892062435,-0.36294293,0.18882418,0.094890594
4,99655896763372,-0.19680761,-0.3089267,0.112119086
10,99655903831654,-0.3316524,0.19487858,0.1197772
4,99655908459622,-0.2412824,-0.3406183,0.09853696
10,99655911959466,-0.37347245,0.10733223,0.18601227
4,99655915776133,-0.3254383,-0.35153726,0.109988555
10,99655923611706,-0.51029575,0.037914276,0.05953741
4,99655928200456,-0.4063984,-0.37337518,0.100933805
10,99655931389206,-0.4977275,0.084759235,-0.019614697
4,99655935769987,-0.44315,-0.42424157,0.071106404
10,99655943711029,-0.30969334,0.06807327,-0.25141287
4,99655948608008,-0.47723848,-0.45806372,0.036485307
10,99655952325091,0.018910885,0.058190823,-0.423769
4,99655955568268,-0.51052797,-0.4679174,0.004527374
10,99655963452695,0.38863552,0.111950874,-0.5038409
4,99655968247383,-0.5110606,-0.44368264,-0.012250541
10,99655971908685,0.6171435,0.014833927,-0.46770144
4,99655976765508,-0.48176584,-0.3653857,0.010120012
10,99655981886497,0.7115582,-0.15482855,-0.50459576
4,99655985735716,-0.45140582,-0.25220135,0.050600063
10,99655991487435,0.7866241,-0.10388613,-0.4712596
2,99655994899883,-31.0,13.0,12.0
10,99656003184883,0.86316705,0.004014015,-0.31851673
4,99656008038841,-0.283893,-0.05486112,0.04527374
10,99656011663893,0.8470174,0.112056255,-0.26791906
4,99656014905664,-0.24314661,0.0026631611,0.025832662
10,99656022769310,0.76468444,0.25098848,-0.15405035
4,99656027540768,-0.23622239,0.0127831735,0.018109497
10,99656030877695,0.6692946,0.41204643,-0.0903039
4,99656034911966,-0.22024342,0.030626353,0.031158986
10,99656042171081,0.70688736,0.4113164,0.033911705
4,99656047043008,-0.21837921,0.0777643,0.06791061
10,99656050687383,0.82051444,0.24298716,0.17378378
4,99656054221393,-0.22503711,0.10865697,0.08548747
10,99656062325976,0.8304877,0.012626648,0.15916777
4,99656067173789,-0.26711506,0.19973709,0.11105382
10,99656070817070,0.7249168,-0.1413188,0.32721186
4,99656075715768,-0.2793656,0.21172132,0.10839066
10,99656080828581,0.64336956,-0.2839818,0.4080143
4,99656084694414,-0.28549087,0.2231729,0.092145376
10,99656090320612,0.5532316,-0.50059414,0.5871601
4,99656093793164,-0.27377295,0.21944448,0.09267801
10,99656101877799,0.53571033,-0.6296611,0.67887974
4,99656106711497,-0.23196134,0.22077605,0.107858025
10,99656110353685,0.48814094,-1.0327244,0.8793769
4,99656113608164,-0.20746025,0.22423817,0.1073254
10,99656121648685,0.49140584,-1.0373182,0.95824766
4,99656126433997,-0.08522116,0.23515713,0.061519023
10,99656130046758,0.3787508,-0.98564386,0.97796583
4,99656133302643,-0.06231797,0.23222765,0.041279
10,99656141472643,0.30969715,-0.8903494,0.9454646
4,99656146303997,-0.048469532,0.21758026,-0.02130529
10,99656149945612,0.06786549,-0.49551582,0.91129255
4,99656153154310,-0.043942157,0.19813919,-0.043409526
10,99656161166706,0.033958554,-0.43919754,0.8726287
4,99656165993737,-0.05672533,0.1403486,-0.10359697
10,99656169604987,-0.07147992,-0.4568782,0.79231834
2,99656174492643,-36.0,12.0,9.0
10,99656179610716,-0.13059509,-0.47363997,0.7883153
4,99656183534778,-0.086020105,0.08735169,-0.16777915
10,99656189222487,-0.2799306,-0.45505047,0.8757076
4,99656192662070,-0.07084008,0.055926383,-0.19947077
10,99656200721862,-0.3794453,-0.4841056,0.9781432
4,99656205609049,-0.020240024,0.004527374,-0.22397186
10,99656209230403,-0.6031312,-0.36315775,1.2019353
4,99656212486289,-0.0013315806,-0.007190535,-0.23409186
10,99656220544831,-0.7198726,-0.28836536,1.2883701
4,99656225443633,0.010120012,-0.07882957,-0.24074976
10,99656229160768,-1.1132102,-0.22987938,1.0668492
4,99656232374622,-0.010120012,-0.11797804,-0.24394555
10,99656240275195,-1.1906383,-0.14651251,1.0417056
4,99656245129310,-0.009321064,-0.2000034,-0.26418558
10,99656248773216,-1.0825162,0.38204432,0.9322305
4,99656252036653,0.03914847,-0.2790993,-0.28575718
10,99656260104935,-0.99665254,0.48539734,0.8111601
4,99656264943528,0.07962852,-0.3139867,-0.27883297
10,99656268583268,-0.6809553,0.6071801,0.48665285
4,99656273471237,0.05539375,-0.3121225,-0.23702134
10,99656278547383,-0.6283864,0.6176295,0.35243368
4,99656282380560,0.010386328,-0.2775014,-0.18642128
10,99656288104258,-0.5366409,0.6745086,0.26360035
4,99656291549414,0.010918961,-0.23702134,-0.13688648
10,99656299607747,-0.5178211,0.6224365,0.14088488
4,99656304438320,0.034621093,-0.1882855,-0.07989483
10,99656308087591,-0.4565091,0.51044226,0.04968834
4,99656311359987,0.05539375,-0.13795175,-0.03169162
10,99656319438581,-0.37780893,0.5059457,-0.048177242
4,99656324288997,0.066312715,-0.10013486,-0.00479369
10,99656327941862,-0.28426814,0.5840802,-0.052452087
4,99656331189310,0.09427591,-0.06977482,0.008788432
10,99656339202018,-0.23371482,0.64174795,-0.056563377
4,99656344092070,0.11851067,-0.04527374,0.03701794
10,99656347733528,-0.1583029,0.6060982,-0.1956892
2,99656350996862,-35.0,8.0,11.0
10,99656358975820,-0.044927478,0.529161,-0.15216303
4,99656363815508,0.083090626,0.037550572,0.108124346
10,99656367518320,0.0560683,0.5113292,-0.11048603
4,99656372290924,0.083889574,0.083889574,0.13022858
10,99656377408372,0.0736649,0.3151636,-0.057009697
4,99656381233372,0.073236935,0.12863068,0.15126756
10,99656387033424,0.071959496,0.08899975,0.056228638
4,99656390435508,0.059388492,0.17603496,0.14940333
11,99656409360612,-0.3888,0.146454,-0.524823,0.74293,0.0
4,99656412609987,0.105727494,0.18881813,0.08841695
10,99656418977955,-0.30653965,0.087225914,0.36845922
4,99656422845976,0.133957,0.15899073,0.087884314
10,99656428466601,-0.4397589,0.0773654,0.4006133
4,99656431702383,0.1454086,0.11638014,0.08522116
10,99656434660716,-0.4397589,0.094124794,0.4101901
4,99656442010716,0.14327806,0.06018744,0.072970614
10,99656449923268,-0.3928299,0.15713644,0.27586985
4,99656453193424,0.13688648,0.017310547,0.062051654
10,99656458352435,-0.38773525,0.1486392,0.26508665
4,99656463209414,0.13901702,0.004261058,0.072171666
10,99656469320560,-0.1652453,0.30702925,0.27044916
4,99656472565872,0.13901702,0.02743056,0.108124346
10,99656477727747,-0.019780755,0.30111694,0.40251303
4,99656482506705,0.13582122,0.064182185,0.15978967
10,99656487413060,-0.05627525,0.16038752,0.40039444
4,99656490522591,0.13102753,0.09134643,0.21891184
10,99656493246810,-0.16401434,0.03588915,0.45785522
4,99656501344726,0.15739283,0.10173275,0.2612561
10,99656509269310,-0.109999895,0.010243893,0.612391
4,99656512532226,0.21225394,0.0727043,0.2796319
10,99656517706601,-0.087130666,-9.045601E-4,0.5943465
4,99656522508893,0.24900557,0.019441076,0.27537087
10,99656528556028,-0.048297644,0.1268692,0.4628377
2,99656531806705,-34.0,8.0,12.0
10,99656533827799,0.10971975,0.22503138,0.4915681
4,99656540890455,0.25992453,-0.047404267,0.24341293
10,99656548996341,0.22749805,0.042017937,0.3632989
4,99656552228216,0.23249397,-0.038083203,0.2580603
10,99656557404205,0.23879302,0.030939579,0.34869337
4,99656562187487,0.22077605,-0.013315806,0.26764768
10,99656568391705,0.25215173,0.020004272,0.3338046
4,99656571654987,0.24021713,0.010652645,0.24900557
10,99656574515924,0.25215173,0.020004272,0.3338046
4,99656580632851,0.24714136,0.015978966,0.23595607
10,99656588499362,0.20437455,-0.42845678,0.6174035
4,99656591731132,0.25726137,-0.020240024,0.17869811
10,99656594682070,0.20437753,-0.42844963,0.6174035
4,99656599461289,0.2743056,-0.03914847,0.15686019
10,99656606569049,0.22066975,-0.34052944,0.62641716
4,99656609821966,0.33955306,-0.0727043,0.112918034
10,99656614635872,0.34851372,-0.27495337,0.5018921
4,99656619410091,0.3637878,-0.07536746,0.10466223
10,99656626363997,0.43460476,-0.035891056,0.44391584
4,99656629570924,0.48522797,-0.08335695,0.09134643
10,99656634431705,0.4036659,0.25484943,0.17478132
4,99656639239466,0.51665324,-0.07563378,0.092145376
10,99656646140560,0.412691,0.34362936,0.05594635
4,99656649343685,0.5182512,-0.039947417,0.073236935
10,99656654180143,0.38628054,0.83426094,-0.25218964
4,99656658968632,0.500408,-0.028229509,0.056991648
10,99656665924362,0.3243221,0.9662156,-0.37045622
4,99656669147435,0.44581318,0.0063915867,0.040480047
10,99656673815143,0.102552414,0.8344016,-0.40754557
4,99656678659882,0.42797,0.014114754,0.054328486
10,99656684268424,9.095669E-5,0.63987064,-0.3908577
4,99656687386185,0.41252366,0.041279,0.0777643
10,99656693239466,-0.13066304,0.2993822,-0.15009594
4,99656698065820,0.454069,0.050333746,0.07536746
10,99656705453945,-0.3416227,0.14118052,0.1862278
2,99656708712799,-32.0,7.0,18.0
10,99656713019570,-0.5731096,-0.48035812,0.9802284
4,99656718212382,0.5832323,0.25885928,0.20905815
10,99656724906549,-0.5418794,-0.65509415,1.2627492
4,99656728120820,0.6431534,0.45034054,0.37364152
10,99656732816080,-0.7740483,-0.7786813,2.1327662
4,99656737595507,0.7978831,0.59388494,0.6735135
10,99656744663060,-1.4740021,-1.3514414,1.6859021
4,99656747905820,0.85540736,0.5632586,1.0586065
10,99656753027330,-1.5975223,-1.3361492,0.34672022
4,99656757821914,0.87112004,0.31292143,1.0998856
10,99656764446080,-0.41535383,0.73075294,-0.6993308
4,99656767691028,1.2029499,0.2298308,0.515588
10,99656772813060,0.0019344091,0.73846436,-0.1238842
4,99656777595403,0.57151437,0.34567833,-0.07643273
10,99656782765924,-2.2063959,-0.5606103,-1.0587983
4,99656785993268,-0.39494678,0.1571265,-0.38029942
10,99656792443737,-3.910059,0.06637812,0.8095231
4,99656797283060,-0.6066681,-0.30706248,-0.48655954
10,99656804020403,-3.776409,-1.3550868,1.1909766
4,99656807255820,-0.53476274,-0.732103,-0.567786
10,99656812384205,-1.8927437,-2.462974,0.0480752
4,99656817190507,-0.17896444,-0.9166601,-0.7054714
10,99656823794622,-0.29300034,-1.4843636,-0.6323228
4,99656827026184,0.4426174,-0.82371575,-0.7669904
10,99656832157330,0.4405067,-0.53827906,-1.3192434
4,99656836932799,0.68656296,-0.54435015,-0.72491246
10,99656843574622,0.49473155,0.46754837,-2.3993263
4,99656846777539,0.41891524,-0.34088463,-0.71612406
10,99656851922903,0.1235801,1.8684278,-2.373949
4,99656856733268,0.024767399,-0.24341293,-0.6660566
10,99656863325872,-0.51666045,2.378715,-2.287118
4,99656866561237,-0.4167847,-0.18109496,-0.5089301
10,99656871696914,-0.9139873,2.0326896,-1.7958231
4,99656876490716,-0.70014507,-0.096939065,-0.34461305
10,99656881648372,-0.7675268,1.0208278,-0.97438145
2,99656884887226,-28.0,7.0,22.0
10,99656891440403,-0.72516215,-0.009765148,-0.3503332
4,99656896223476,-0.6018744,-0.019707393,-0.26977822
10,99656902844309,-0.79351264,-0.56104136,0.047197342
4,99656906083372,-0.34248254,-0.028495824,-0.31505197
10,99656911258945,-1.0826714,-0.5816879,-0.02552414
4,99656916077643,-0.12516858,-0.030626353,-0.32011196
10,99656922627799,-1.2529509,-0.08987141,-0.1535263
4,99656925863580,-0.03888215,-0.007456851,-0.27084348
10,99656931024362,-1.0797646,0.5565033,-0.36331415
4,99656935926497,-0.0958738,0.035153728,-0.2066613
10,99656942407018,-0.76679695,0.9665141,-0.45119095
4,99656945641028,-0.2809635,0.09640643,-0.13102753
10,99656950838632,-0.6901287,0.97762203,-0.6034236
4,99656955710768,-0.47404268,0.14301175,-0.05752428
10,99656962175612,-0.8570315,0.98304796,-0.61181545
4,99656965424153,-0.5251754,0.16112125,-0.033023197
10,99656970538737,-1.0039579,1.0028095,-0.6242876
4,99656975392539,-0.504669,0.16591494,-0.0479369
10,99656980507382,-0.997795,0.90476036,-0.6655736
4,99656983760612,-0.5118596,0.17656758,-0.05672533
10,99656990194570,-0.8326213,0.7759423,-0.51668215
4,99656995049049,-0.5837649,0.19707392,-0.07643273
10,99657001736028,-0.6303791,0.6987972,-0.09284496
4,99657004984570,-0.6087986,0.23329292,-0.054594804
10,99657010103945,-0.67834413,0.43746662,0.07919979
4,99657014926809,-0.66206187,0.29481193,0.02609898
10,99657021505247,-0.8574044,0.069440365,0.101728916
4,99657024750507,-0.7241135,0.3368899,0.11824436
10,99657029814466,-0.94918364,0.11245346,-0.06281519
4,99657034833945,-0.69322085,0.31931302,0.1123854
10,99657042100403,-0.7498095,0.6107435,-0.18760586
4,99657045334518,-0.60240704,0.24154872,-0.015180019
10,99657049783580,-0.588012,0.9009304,-0.6818762
4,99657054640455,-0.572047,0.1933455,-0.088150635
10,99657061467539,-0.517689,0.69808865,-1.3725095
2,99657064705299,-33.0,3.0,15.0
10,99657069030091,-0.25619197,0.34468365,-1.7688546
4,99657075139778,-0.7185209,0.082025364,-0.3009372
10,99657080703164,0.06372523,-0.06635857,-2.216321
4,99657083789778,-0.85301054,0.09347696,-0.41864893
10,99657089135195,0.46975756,0.16891861,-2.7325866
4,99657093971861,-0.9800433,0.06498113,-0.6689861
10,99657101041653,0.5924567,0.62450886,-2.7923863
4,99657104342382,-0.9307748,-0.022104237,-1.2351742
10,99657108917122,0.55239975,0.51537514,-3.5120678
4,99657113803059,-0.9635317,-0.008788432,-1.3821807
10,99657120819309,0.44150352,-0.16907263,-3.6723747
4,99657124126236,-1.3134711,0.14753912,-1.6500946
10,99657128747278,0.55296135,-2.6367927,-3.1725464
4,99657133716549,-1.3683321,0.20373182,-1.7100158
10,99657140580872,0.5552187,-3.4277887,-2.7128808
4,99657143798945,-1.2559468,0.2545982,-1.8817897
10,99657148454570,0.50518703,-5.3529696,-2.1632335
4,99657153306445,-1.1906993,0.24847293,-1.9156119
10,99657160585976,0.33663368,-5.4493055,-1.9532096
4,99657163793216,-1.0767161,0.2860235,-1.8588865
10,99657167539726,-0.13435864,-3.6017938,-1.4046283
4,99657174399466,-1.0647318,0.31984565,-1.7773937
10,99657179915299,-0.21612883,-2.398697,-1.1359429
4,99657183029934,-1.1313108,0.3997405,-1.6074841
10,99657187661289,-0.2485416,-0.10206127,-1.0793781
4,99657192488372,-1.3374395,0.52437645,-1.4045511
10,99657199902539,-0.17267394,1.7467351,-0.8752837
4,99657203142799,-1.6061525,0.7355651,-1.1326424
10,99657207822486,0.13992333,2.6826687,-0.35759878
4,99657212596497,-1.8769959,1.0349044,-0.82398206
10,99657219689622,0.2825935,2.7456656,0.23007345
4,99657222924414,-2.0730047,1.3496901,-0.49028796
10,99657227610611,0.21360993,2.2271247,0.8078532
4,99657232398632,-2.0634172,1.6093483,-0.23861924
10,99657239456132,0.032166958,1.7123523,1.4629154
2,99657242691236,-33.0,3.0,-8.0
10,99657247131393,-0.45415044,1.3647246,1.7617421
4,99657256329570,-1.5022892,1.7073526,-0.025033714
10,99657263036809,-0.36763597,1.4300828,1.8229713
4,99657263036809,-1.4458302,1.6644757,-5.326322E-4
4,99657264978163,-1.4154701,1.6160061,0.03009372
10,99657273314778,-1.05406,1.7300906,2.9643302
4,99657275691288,-1.3179984,1.5177355,0.11717909
4,99657285691288,-1.1582087,1.4674017,0.19947077
4,99657293482122,-1.0902982,1.4753913,0.36298886
10,99657300230611,-0.7709496,1.8722873,3.0688252
4,99657309029518,-1.0879014,1.4828482,0.47803742
10,99657318243684,-0.87967885,-1.1141796,5.0358477
4,99657327056028,-0.8676579,1.0729877,0.21358553
10,99657333003945,-1.3252605,-1.075203,4.7995076
4,99657333003945,-0.76113147,0.9267801,0.15286545
4,99657334973788,-0.6492787,0.80587256,0.1488707
4,99657349958007,-0.46924898,0.60080916,0.23355924
4,99657353226236,-0.41039312,0.53955644,0.25832662
10,99657359469830,-1.1540333,-1.0216122,4.8294754
4,99657368263788,-0.40559945,0.45167214,0.18908444
10,99657375673059,0.67251384,-0.9047756,3.4653807
4,99657378216236,-0.39734364,0.41944787,0.043675844
4,99657390689309,-0.25646242,0.3920173,-0.07856325
4,99657393425663,-0.086020105,0.35233623,-0.11424961
10,99657401002903,0.52487814,-0.8199749,3.517187
4,99657401002903,-0.086020105,0.35233623,-0.11424961
4,99657403097278,0.04234426,0.27164245,-0.114782244
4,99657415866497,0.1454086,0.1784318,-0.12170646
2,99657419494726,-22.0,17.0,-18.0
4,99657428666132,0.19414444,0.13209279,-0.12703279
4,99657437453736,0.34594464,0.034621093,-0.14993598
10,99657443991861,0.34896588,-0.037204742,2.130247
4,99657443991861,0.38109836,0.012250541,-0.15845808
4,99657445933997,0.40240365,-0.0061252704,-0.16644756
4,99657450933997,0.3997405,-0.04527374,-0.16804546
4,99657462386236,0.391751,-0.057257965,-0.16405073
10,99657471066601,0.34779704,-0.17298889,1.3398199
4,99657471066601,0.3832289,-0.07563378,-0.1587244
4,99657473074622,0.39414784,-0.11744541,-0.15686019
4,99657483074622,0.4101268,-0.14460965,-0.16112125
4,99657491175611,0.47031426,-0.18082865,-0.18056233
10,99657497941757,0.27056324,-0.25296688,1.231431
4,99657506751184,0.5320996,-0.19387813,-0.23036344
10,99657514156184,0.4958217,-0.49644852,0.3550439
4,99657516690195,0.5334312,-0.17976338,-0.26844665
4,99657529165976,0.5305017,-0.16112125,-0.29507825
4,99657531860090,0.52597433,-0.15499598,-0.3009372
10,99657539519622,0.38928115,-0.56835365,0.1911254
4,99657539519622,0.5187838,-0.15393071,-0.30306774
4,99657541490924,0.51691955,-0.16192019,-0.31132352
4,99657554323476,0.54887754,-0.20559604,-0.34754252
4,99657557929934,0.5584649,-0.22184132,-0.37151098
10,99657565796549,0.073640585,-0.11781597,-0.08640432
4,99657574126861,0.509729,-0.27350664,-0.4114584
10,99657581962278,-0.07632017,-0.2659092,-0.26179934
4,99657581962278,0.509729,-0.27350664,-0.4114584
4,99657583931601,0.47803742,-0.29321405,-0.40426785
4,99657598414674,0.4596616,-0.30786142,-0.4002731
4,99657601105455,0.43089947,-0.32623723,-0.40053943
10,99657607220195,-0.22401762,-0.3549037,-0.33450603
4,99657616025559,0.4114584,-0.33981937,-0.4135889
10,99657623979361,-0.3844521,-0.15207195,-0.74068975
4,99657632799570,0.32810146,-0.3187804,-0.3834952
4,99657639836445,0.3057309,-0.30626354,-0.37417415
4,99657641807382,0.29374668,-0.28549087,-0.36458677
4,99657650580090,0.2942793,-0.2657835,-0.3603257
4,99657652544778,0.30040458,-0.25220135,-0.3603257
4,99657664390143,0.33475935,-0.24234766,-0.36591834
4,99657667636809,0.3406183,-0.24234766,-0.36724994
10,99657674052070,-0.7940953,0.021714687,-0.4564438
4,99657682836913,0.28229508,-0.2543319,-0.345412
10,99657690284830,-1.0423061,0.11790943,-0.59287214
4,99657692651132,0.2495382,-0.27883297,-0.33475935
4,99657705289726,0.23435818,-0.3107909,-0.33316147
4,99657708556445,0.18642128,-0.3289004,-0.3257046
10,99657712950247,-1.0394144,0.4051795,-0.7912288
4,99657721743476,0.1304949,-0.32357407,-0.30626354
4,99657729894830,0.10652645,-0.31025827,-0.29161614
4,99657731875247,0.08229168,-0.29534456,-0.27510455
10,99657737865820,-0.99037707,0.5517931,-0.86403704
4,99657737865820,0.06338324,-0.2724414,-0.26045716
4,99657740018736,0.0479369,-0.24927188,-0.2463424
4,99657752756861,0.02956109,-0.19920446,-0.20692763
4,99657756002122,0.023435818,-0.16937704,-0.18562233
10,99657761869257,-0.9746505,0.5990095,-0.7703843
4,99657770632538,0.009853696,-0.09960223,-0.12463594
10,99657778172226,-1.000476,0.59689856,-0.7595453
4,99657778172226,0.009853696,-0.09960223,-0.12463594
4,99657780148267,0.008522116,-0.07163903,-0.09187906
10,99657787514934,-1.0113288,0.71670246,-0.6220498
4,99657787514934,0.008788432,-0.058589544,-0.072171666
4,99657789492434,0.008255799,-0.04447479,-0.049002163
4,99657803170455,0.0013315806,-0.02396845,0.00958738
4,99657806416913,-0.0010652645,-0.010918961,0.03355583
10,99657811705976,-0.80898046,0.6828189,-0.54693127
4,99657820861601,0.0015978967,0.019707393,0.060453758
10,99657828602590,-0.65493226,0.64008665,-0.47835398
4,99657830431028,-0.020506341,0.03195793,0.06924219
4,99657841315195,-0.0628506,0.050600063,0.09560748
4,99657844543111,-0.08335695,0.06737798,0.11824436
10,99657851987070,-0.48844767,0.56191397,-0.17878532
4,99657856829622,-0.13954964,0.104928546,0.17390442
10,99657861461080,-0.4800303,0.4616208,-0.17312527
4,99657864700559,-0.16884442,0.14008227,0.21411815
10,99657871756653,-0.43976927,0.40965462,0.022985935
4,99657876518892,-0.14221281,0.15899073,0.22290659
10,99657880218580,-0.45131898,0.18056822,0.08832693
4,99657883635767,-0.11451593,0.15819177,0.21385184
10,99657891545872,-0.48618746,-0.06847572,0.056592464
4,99657896352590,-0.111852765,0.13901702,0.20373182
10,99657900936288,-0.42212176,-0.17997456,0.24182224
4,99657904229153,-0.1107875,0.1272991,0.2016013
10,99657911323632,-0.34531522,-0.20137978,0.41477823
4,99657916161965,-0.1307612,0.123038046,0.22397186
10,99657920743892,-0.37723064,-0.2600541,0.4474225
4,99657925587382,-0.15100123,0.13209279,0.25220135
10,99657930502122,-0.3278048,-0.2457223,0.6292496
4,99657934298788,-0.11584751,0.12650016,0.25699505
10,99657939859101,-0.3109653,-0.28714848,0.6014819
4,99657943064934,-0.09640643,0.114782244,0.24021713
10,99657950866288,-0.30546427,-0.30442,0.43863773
2,99657955695038,-26.0,-3.0,-19.0
10,99657959115194,-0.3128035,-0.30032015,0.38860846
4,99657963414205,-0.075101145,0.0013315806,0.11611383
10,99657970641497,-0.29196215,-0.2570052,0.3833208
4,99657975500715,-0.11265171,-0.043942157,0.09773801
10,99657980112851,-0.23808599,-0.15984774,0.35250092
4,99657983348944,-0.17496969,-0.03914847,0.11424961
10,99657990424726,-0.17185473,-0.07220173,0.39707184
4,99657995271653,-0.19734024,-0.041012682,0.120907515
10,99658000592955,-0.1672008,0.0911665,0.4795375
4,99658003843372,-0.15313177,-0.050600063,0.10892329
10,99658010209778,-0.1613338,0.13970757,0.5256839
4,99658015062122,-0.12010857,-0.0628506,0.090281166
10,99658020122747,-0.18612337,0.17180586,0.44035864
4,99658024938215,-0.09427591,-0.07989483,0.07084008
10,99658029878528,-0.2060926,0.2474699,0.36050606
4,99658033672017,-0.09960223,-0.09241169,0.071106404
10,99658038789830,-0.19173527,0.35853243,0.30938244
4,99658042031549,-0.112119086,-0.091080114,0.08149273
10,99658049762903,-0.17670083,0.44149733,0.34511566
4,99658054619882,-0.14327806,-0.08522116,0.13156016
10,99658059710924,-0.061377525,0.5667558,0.4109969
4,99658062948215,-0.15659387,-0.07057377,0.15073492
10,99658069539778,0.007840157,0.51162624,0.5586891
4,99658074464674,-0.16298546,-0.0063915867,0.19760656
10,99658078589830,-0.022849321,0.30223846,0.643589
4,99658082568788,-0.1438107,0.016245283,0.20852552
10,99658089320715,-0.022330046,0.19493341,0.7009039
4,99658094213476,-0.07350325,0.037284255,0.20772657
10,99658099301549,-0.18842173,-0.14274025,0.64074993
4,99658102542486,0.0,0.012516857,0.18002969
10,99658109099569,-0.2288742,-0.15639544,0.6480489
4,99658113928580,0.052464273,-0.053795855,0.14514229
10,99658119081757,-0.24979544,0.027957916,0.45273304
4,99658123950299,0.07084008,-0.12809806,0.124902256
10,99658128908007,-0.19560266,0.07008171,0.37627172
2,99658132725559,-27.0,-3.0,-19.0
10,99658136443840,-0.021133184,0.1394949,0.212358
4,99658142043424,0.02609898,-0.18322548,0.12037488
10,99658148644882,0.19760299,0.098455906,0.13125324
4,99658153617486,-0.0063915867,-0.14620754,0.11105382
10,99658158755871,0.2975824,-0.057870388,0.040892124
4,99658161966184,-0.047670584,-0.094808534,0.09933591
10,99658168429153,0.3276639,-0.1601038,0.09307957
4,99658173291913,-0.05006743,-0.060453758,0.06977482
10,99658178372955,0.24277902,-0.19395447,0.15085602
4,99658181598371,-0.03834952,-0.043409526,0.036485307
10,99658188206444,0.1231873,-0.2169838,0.15714836
4,99658193059413,-0.022370555,-0.0479369,0.0061252704
10,99658198129882,0.027686357,-0.18629074,0.15286064
4,99658201371705,-0.00479369,-0.0727043,-0.016777916
10,99658207979830,-0.04637456,-0.19941902,0.07924461
4,99658212831861,-0.008788432,-0.08868326,-0.030360037
10,99658217927903,-0.032266855,-0.17867947,-0.07622719
4,99658222777069,-0.03169162,-0.09347696,-0.04660532
10,99658227703215,0.10406804,-0.06231785,-0.094296455
4,99658231502278,-0.02609898,-0.07962852,-0.06684534
10,99658236566913,0.12005305,-0.051608086,-0.10770416
4,99658239773632,-0.029827405,-0.05219796,-0.079095885
10,99658247536653,0.10813832,-0.08150673,-0.217103
4,99658252320559,-0.05352954,-0.019441076,-0.08522116
10,99658257354101,0.0832634,0.03485775,-0.13528538
4,99658260596236,-0.05885586,-0.0015978967,-0.08735169
10,99658267315507,-0.035657167,0.1542058,-0.16351366
4,99658272151028,-0.06711166,0.007456851,-0.07749799
10,99658277205924,-0.14782667,0.15709066,-0.17939329
4,99658280443476,-0.08974853,0.00958738,-0.06364955
10,99658287087278,-0.18216538,0.22048473,-0.036801815
4,99658291904257,-0.082558,0.010120012,-0.05832323
10,99658296985976,-0.2156055,0.21421146,-0.033889294
4,99658300226496,-0.077231675,0.017310547,-0.054328486
10,99658306866236,-0.19341016,0.11201763,0.045114994
2,99658311660403,-27.0,-3.0,-18.0
10,99658315888736,-0.2039485,0.09093094,0.11126566
4,99658320698580,-0.064182185,0.014913702,-0.047404267
10,99658325695038,-0.21942592,0.08810997,0.16890812
4,99658329498632,-0.03888215,-0.002396845,-0.046871636
10,99658332979153,-0.25534654,0.18387794,0.17370224
4,99658340095351,-0.018908445,-0.012516857,-0.049002163
10,99658347884257,-0.27888775,0.31527853,0.21872807
4,99658352673788,-0.017576864,-0.008788432,-0.051665325
10,99658356383684,-0.28303814,0.31508684,0.2205863
4,99658359622434,-0.046339005,0.002130529,-0.03781689
10,99658366211288,-0.31676102,0.2686715,0.20515728
4,99658371032278,-0.070041135,0.006657903,-0.028229509
10,99658374866601,-0.26373863,0.2564435,0.2958536
4,99658378133996,-0.064182185,0.0015978967,-0.03195793
10,99658385984726,-0.2851472,0.16989326,0.37214136
4,99658390779986,-0.0644485,-0.022370555,-0.0314253
10,99658392967226,-0.2947185,0.07411194,0.40564537
4,99658399274413,-0.061519023,-0.03169162,-0.032490566
10,99658407224726,-0.2569096,0.059756756,0.49975443
4,99658412059413,-0.03781689,-0.037284255,-0.041279
10,99658416649309,-0.26095152,0.05956602,0.50157833
4,99658421439309,-0.028495824,-0.021837922,-0.030626353
10,99658426325455,-0.2841153,-0.057621956,0.5864353
4,99658430147903,-0.024234766,-0.012516857,-0.017576864
10,99658433428059,-0.3535514,-0.09113121,0.5960188
4,99658438267538,-0.016777916,-0.017044231,-0.016245283
10,99658445628528,-0.3539312,-0.06727123,0.64157915
4,99658450392434,0.038083203,-0.061519023,-0.04261058
10,99658454132955,-0.35594177,-0.011610031,0.6038232
4,99658457368840,0.047137953,-0.07989483,-0.05273059
10,99658465281809,-0.36404634,-0.022686005,0.5766182
4,99658470047851,0.046072688,-0.11851067,-0.06897587
10,99658473745559,-0.3300097,0.099617004,0.39924383
4,99658477009101,0.037284255,-0.12250541,-0.068176925
10,99658485057330,-0.3288598,0.14111853,0.31478024
2,99658489836132,-27.0,-3.0,-18.0
10,99658494361757,-0.21292448,0.18187761,0.3049121
4,99658497580871,-0.03169162,-0.10279802,-0.038615838
10,99658504837903,-0.19854832,0.17935467,0.16858196
4,99658509635351,-0.08042747,-0.07563378,-0.03834952
10,99658513356028,-0.22074413,0.13098001,0.063349724
4,99658518157955,-0.112119086,-0.06578008,-0.039414786
10,99658523247642,-0.26338696,0.11389828,0.079018116
4,99658527070507,-0.1587244,-0.0561927,-0.034621093
10,99658531884205,-0.29997134,0.076087475,-0.013278484
4,99658536722121,-0.17097494,-0.06018744,-0.02876214
10,99658544434465,-0.2907474,0.013224602,-0.03176546
4,99658549255559,-0.21385184,-0.07456851,-0.051931642
10,99658553038944,-0.2201283,-0.043232918,-0.32476425
4,99658556274778,-0.25752768,-0.08229168,-0.07829694
10,99658564172746,-0.1656723,-0.03581524,-0.31814194
4,99658569013059,-0.4561995,-0.11424961,-0.17470337
10,99658572718840,-0.12690449,-0.03401375,-0.5718322
4,99658575925142,-0.55340487,-0.123836994,-0.20692763
10,99658583984986,-0.17334223,-0.056970596,-0.5857525
4,99658588807382,-0.7771104,-0.13182648,-0.2559298
10,99658592434257,-0.18839598,-0.094727516,-0.99952006
4,99658595689882,-1.0524813,-0.1438107,-0.3139867
10,99658603772330,-0.12801099,-0.12159157,-1.0323093
4,99658608635038,-1.4090786,-0.1520665,-0.41252366
10,99658612341132,0.12952065,-0.16780472,-1.3683031
4,99658617175871,-1.9169434,-0.18056233,-0.57550913
10,99658622320142,0.12834406,-0.022464752,-1.4136281
4,99658626133580,-2.4825988,-0.24767399,-0.77231675
10,99658631737955,-0.0157094,0.30012894,-1.7073369
4,99658635182278,-3.0482543,-0.35446674,-0.9424927
10,99658643326809,-0.16670942,0.56496763,-2.1343186
4,99658648157798,-3.5856802,-0.49854377,-1.0823087
10,99658651824882,-0.2540822,0.8554621,-2.6282258
4,99658655086653,-4.1073933,-0.6487461,-1.1544803
10,99658663057642,-0.28804088,0.2980652,-2.9409842
2,99658667894153,-26.0,2.0,-17.0
10,99658671309673,-0.10019565,-0.30266094,-3.1887684
4,99658675266965,-4.999286,-0.7643272,-1.0929613
10,99658682827121,0.23732328,-0.6816635,-3.014294
4,99658687607590,-5.2062135,-0.7102651,-1.0753845
10,99658691255611,0.47476888,-0.87057304,-2.5207448
4,99658694620350,-5.2972937,-0.6194513,-1.0423613
10,99658702591288,0.5019493,-0.94753647,-2.2727294
4,99658707439621,-5.335377,-0.45859635,-0.94515586
10,99658711085611,0.22450876,-0.88971233,-2.2232711
4,99658715942746,-5.3859773,-0.12463594,-0.6937535
10,99658721021444,-0.79541564,-0.5082388,-2.4158645
4,99658724933215,-5.44723,0.386691,-0.17417073
10,99658730648684,-0.754889,0.19951057,-1.6378624
4,99658734065246,-5.3130064,0.77444726,0.27830034
10,99658742137017,-0.8524289,0.6244745,-1.3051205
4,99658746908371,-4.9904976,1.011735,0.57284594
10,99658750556548,0.36428738,0.50240326,0.6701292
4,99658753821028,-4.3233757,1.3763217,0.62557656
10,99658761303163,1.5251946,-0.7840481,2.2049556
4,99658766092746,-3.9207058,1.6136093,0.37017938
10,99658769732538,0.75330687,-1.0158701,0.5039245
4,99658774612746,-4.049869,1.3699301,-0.06498113
10,99658781688892,-0.7161567,0.5713959,-0.043345213
4,99658786550038,-4.1100564,1.0359697,-0.18508969
10,99658790196809,-1.1093979,1.6136532,2.0601106
4,99658793443580,-3.8144457,0.9062737,0.023169503
10,99658801460767,-1.7827146,1.433897,1.8197815
4,99658806226757,-3.6458676,0.76912093,0.22343922
10,99658809844830,-2.1066337,1.5030227,0.47463655
4,99658814784725,-3.789412,0.48629323,0.33742252
10,99658819932017,-2.3497062,1.491252,-0.13672376
4,99658823783007,-3.8783615,0.19920446,0.54887754
10,99658829514257,-2.4531245,1.2838292,-0.1332972
4,99658832954517,-3.4565167,0.098004326,0.90307796
10,99658841124100,-1.6526878,-0.18675518,4.439599
2,99658845386965,-16.0,19.0,-1.0
10,99658848835350,-0.3597772,-4.907298,10.907759
4,99658853837694,-0.9307748,0.90014845,1.7084179
10,99658860779309,0.22689557,-5.527171,4.707508
4,99658865813944,0.340352,1.0476876,1.1664646
10,99658869011132,-0.2827599,-2.8971853,5.0033126
4,99658873737017,0.5888249,0.88869685,0.8223842
10,99658880570090,-2.163836,-0.26447392,4.7771845
4,99658884806340,0.82584625,0.15339808,0.45513424
10,99658888203580,-3.4162679,0.79824686,3.419663
4,99658892271861,0.60267335,-0.10945592,0.49960902
10,99658899110402,-3.7758746,1.8068047,2.879034
4,99658899110402,0.3254383,-0.34194988,0.56645435
4,99658904134413,-0.13848437,-0.73316824,0.7459514
10,99658907266444,-3.6565561,2.7627115,2.469287
4,99658912505611,-0.31318775,-0.89828426,0.8628642
10,99658918788423,-3.2994928,3.0581741,2.1523952
4,99658922750194,-0.62078285,-1.1829761,1.1243867
10,99658926980663,-1.9343251,3.069673,0.47080898
4,99658933423944,-0.8772453,-1.4058827,1.3206617
10,99658939970663,-1.4376996,2.7803555,-0.16420603
4,99658944824621,-1.1126688,-1.6096146,1.4399712
10,99658948460663,-0.90648866,1.8969874,-1.3594108
4,99658951691861,-1.134773,-1.6575515,1.4455639
10,99658959710402,-0.5516436,1.7143035,-1.3010635
4,99658964635611,-0.8157263,-1.6029567,1.4674017
10,99658968289465,0.07587576,1.3211584,-0.45113373
4,99658971526027,-0.5819007,-1.5188009,1.511344
10,99658979473163,0.49864936,1.0781612,0.00121212
4,99658984334204,0.12170646,-1.063134,1.6282567
10,99658987971392,1.1876988,0.040385246,0.610415
4,99658991215454,0.29481193,-0.86845684,1.6317189
10,99658999259569,1.1383771,-0.053492546,0.5474057
4,99659008005559,0.84821683,-0.33289513,1.7688717
10,99659013980507,-0.7662501,0.1602211,1.1774409
4,99659016343163,1.2887037,-0.13448964,1.989115
4,99659030606965,1.4029533,-0.0743022,2.1041636
4,99659033932017,1.1680624,-0.06711166,2.061553
10,99659039903579,-0.1965062,0.392066,0.87291455
4,99659048680194,1.0727214,-0.0055926386,2.0287962
10,99659057476079,-1.2619143,1.8841033,-0.7667849
4,99659066272902,1.0900319,0.08335695,2.1563616
10,99659069904986,-1.0626475,1.9319654,-0.85058546
4,99659073169309,1.1478225,0.16405073,2.2602248
10,99659079458632,-1.3846958,0.8683281,-0.33265257
4,99659088261132,1.3222595,0.20639499,2.371545
10,99659094241027,-1.591207,0.06574631,0.6237936
4,99659094241027,1.4213291,0.19441076,2.431466
4,99659096207486,1.5233282,0.1669802,2.49192
4,99659106207486,1.7696706,0.066312715,2.5965822
4,99659113008579,2.021872,-0.02609898,2.6634274
10,99659119349361,-0.866367,0.21530247,0.14048862
4,99659128107069,2.263687,-0.07749799,2.7350664
10,99659136988371,-0.68335974,-1.2484341,-0.5313976
4,99659145790454,2.2237396,0.05273059,2.982474
10,99659150861340,-0.50546086,-2.6370277,0.29113054
4,99659154028736,2.1446438,0.26418558,3.1917987
10,99659159046965,-0.2223078,-2.6352262,0.08793545
4,99659166592694,2.1747375,0.4628574,3.299124
10,99659171198111,0.96772563,-2.3539133,0.38984,99659173181027,2.128132,0.66206187,3.1609058
4,99659188997902,2.1611552,0.79921466,2.6964507
4,99659192261236,2.2415826,0.8428905,2.2700787
10,99659198100090,1.5919212,-2.4029093,-0.18526363
4,99659205783840,1.3973607,0.99735385,0.49747851
10,99659211705298,0.9991219,-5.702033,0.3275181
4,99659213560402,-0.16538231,1.0743192,-0.5502091
4,99659227026184,-0.49135324,0.5302354,-0.8785769
4,99659230227486,-0.09773801,-0.049002163,-0.9190569
10,99659237370298,-7.227121,-6.778248,5.1873016
4,99659246158215,1.2809805,-1.8325212,-1.4937671
10,99659251871704,-1.4105158,-7.500374,1.7872757
4,99659251871704,1.2434299,-1.9912456,-1.6162724
4,99659253854881,1.2144015,-2.0130835,-1.551025
10,99659267951913,-1.6753094,-7.3977575,1.4248416
4,99659271423059,1.7052221,-1.3502227,-0.87058735
10,99659277953006,-1.747499,-7.3673525,1.2331161
4,99659287124517,2.0532973,-0.4612595,0.05006743
10,99659293231131,0.6031139,3.5651531,-0.70681906
4,99659295072746,1.8394454,-0.21758026,0.58296597
4,99659305498371,1.463407,-0.31984565,0.6956177
4,99659309142329,1.2735237,-0.44661212,0.5800365
10,99659314566965,1.2870848,3.1234775,-0.6708032
4,99659322810090,0.8543421,-0.65460503,0.025566347
10,99659326239152,1.2896068,3.1220174,-0.7652163
4,99659329609621,0.78270304,-0.6058692,-0.047670584
10,99659335654777,1.1845402,3.7590332,-0.5270295
4,99659344299829,0.6846987,-0.350472,0.18961707
10,99659350469725,0.33736062,4.1037335,-0.18290918
4,99659352269829,0.603206,-0.2761698,0.44900897
10,99659366848059,0.44962502,4.0720716,-0.29656243
4,99659357269829,0.531567,-0.25726137,0.5749765
4,99659370090246,0.27084348,-0.21118867,0.8527442
10,99659376776392,0.5504997,4.044971,-0.3223878
4,99659384462173,-0.29481193,-0.27803403,1.2215921
10,99659390679048,-0.552469,2.2507424,0.3834563
4,99659392484048,-0.6846987,-0.42344263,1.2394352
10,99659402302121,-0.43529534,2.2192168,0.42316112
4,99659402302121,-0.7768441,-0.41758367,1.2050804
4,99659404670611,-0.86632633,-0.34993938,1.186971
10,99659413123215,-0.33250523,2.1910424,0.48364276
4,99659422216183,-0.6841661,-0.14913702,1.067395
10,99659427859204,-0.16965222,2.1434636,0.5955086
4,99659430542642,-0.22690132,-0.12170646,1.1275824
10,99659437308788,-0.075936794,2.112907,0.5967811
4,99659446644048,0.21038973,-0.073236935,1.365669
10,99659450917017,0.32253122,-0.15593243,0.7578841
4,99659452809308,-0.13448964,-0.032490566,1.4615428
4,99659463756548,-0.41918156,-0.011984225,1.4295849
4,99659466956548,-0.6098639,-0.021038974,1.3432984
10,99659471154361,-0.6801524,-3.525651,0.10274111
4,99659481461913,-0.20692763,-0.0061252704,0.9867012
10,99659487904673,-0.5047648,-3.5925217,0.16121143
4,99659489703267,0.29667616,0.09880328,0.8018778
10,99659498475767,0.3491454,-0.41994762,-0.07959231
4,99659498475767,0.47217846,0.124902256,0.7339672
4,99659500446340,0.59095544,0.13262543,0.6846987
4,99659512295715,0.7123956,0.15313177,0.6306366
4,99659515536965,0.7366304,0.17204021,0.61838603
10,99659522201652,0.23663855,0.7643709,-0.42946547
4,99659531517069,0.70653665,0.16937704,0.5158543
10,99659532201652,-0.40034795,0.89624214,0.0704647
4,99659559663840,0.39121836,0.02956109,-0.029294772
11,99659588823892,-0.552674,0.408208,-0.163353,0.707978,2.0
4,99659591116183,0.27883297,0.049534798,-0.35340148
4,99659588823892,0.27883297,0.049534798,-0.35340148
10,99659588823892,0.016580582,-0.024819374,0.81713706
4,99659603474621,0.41785,0.06498113,-0.3187804
4,99659610990090,0.5944176,0.13156016,-0.25166872
10,99659618638111,0.5410695,-0.90064526,0.73388803
4,99659618638111,0.6860303,0.17417073,-0.20373182
4,99659620611027,0.7731157,0.21784659,-0.16058862
4,99659632242486,0.92491585,0.28575718,-0.08974853
4,99659635509204,0.98110855,0.3043993,-0.06551377
10,99659640926704,0.2965958,-0.70308685,0.4851731
4,99659649773215,1.0141318,0.27537087,-0.047670584
10,99659657286704,0.28446054,-0.71437836,0.3219965
4,99659657286704,1.0141318,0.27537087,-0.047670584
4,99659659255142,0.8892295,0.26178873,-0.10519487
10,99659665303683,0.03420043,0.69417,0.28400254
4,99659667282017,0.67990506,0.2463424,-0.16644756
4,99659680594048,0.46498793,0.21385184,-0.20985709
4,99659683808631,0.35260254,0.19627498,-0.21678132
10,99659689318006,-0.1532929,1.3966022,0.11626279
4,99659699178423,0.041279,0.1206412,-0.19920446
10,99659705434308,-0.17821431,1.405582,0.10603523
4,99659707247433,-0.112119086,0.06471482,-0.16085494
10,99659716038110,-0.26496553,1.4006467,0.4314108
4,99659716038110,-0.16484967,0.042876896,-0.11771172
4,99659718009985,-0.21678132,0.02263687,-0.0777643
4,99659730550663,-0.2806972,0.035952676,-0.010386328
2,99659734172381,9.0,40.0,-3.0
10,99659738403163,-0.17416239,0.8028269,0.49032247
4,99659748235506,-0.29614353,0.13528858,0.1736381
10,99659752966913,-0.16337276,0.80187416,0.5195298
4,99659756066340,-0.2793656,0.15819177,0.23755397
10,99659761119465,-0.14164233,0.7963848,0.5494658
4,99659769343423,-0.17789917,0.19973709,0.42397526
10,99659776878735,-1.0512049,-0.4533825,0.38013506
4,99659776878735,-0.120907515,0.19520971,0.48043427
4,99659778883006,-0.057257965,0.18056233,0.535828
4,99659790045350,0.06391586,0.12250541,0.6173208
4,99659793279308,0.10759171,0.09534117,0.62903863
4,99659800193163,0.10759171,0.09534117,0.62903863
4,99659807860610,0.11504856,-2.663161E-4,0.6010755
10,99659811245506,-1.2394514,0.08104229,0.334844
4,99659815123579,0.08522116,-0.033023197,0.5478122
10,99659820110454,-1.1054516,0.7641926,0.04447621
4,99659828760246,-5.326322E-4,-0.03914847,0.2974751
10,99659834775090,-0.9468756,0.8503647,-0.083707035
4,99659834775090,-5.326322E-4,-0.03914847,0.2974751
4,99659836743267,-0.055127434,-0.04181163,0.124902256
4,99659850294048,-0.082558,-0.043675844,0.046339005
4,99659853482225,-0.12543489,-0.063116916,-0.07536746
10,99659859503631,-0.8928733,0.33638477,-0.07484096
4,99659868273423,-0.14088123,-0.08282431,-0.1486044
10,99659877029256,-0.7695503,-0.014081955,-0.043010294
4,99659877029256,-0.14088123,-0.08282431,-0.1486044
4,99659879009100,-0.13342437,-0.07163903,-0.15153387
4,99659890083892,-0.076166406,-0.08442221,-0.13528858
4,99659893308162,-0.03701794,-0.0974717,-0.12010857
10,99659900007173,-0.7671857,-0.11869049,0.06836915
4,99659907681860,0.054328486,-0.12197278,-0.14620754
10,99659911427277,-0.77595043,-8.773804E-5,0.06726265
2,99659914153110,10.0,41.0,-4.0
10,99659919246548,-0.7874336,0.0042304993,0.057964087
4,99659927827017,0.1307612,-0.17417073,-0.2213087
10,99659932744881,-0.82625675,0.22964764,0.109246016
4,99659935078735,0.18961707,-0.23808661,-0.24341293
4,99659946825558,0.21678132,-0.2660498,-0.24820662
4,99659949378423,0.25726137,-0.29507825,-0.25965822
11,99659955055402,-0.387401,0.544276,-0.374886,0.642762,2.0
4,99659958278996,0.30306774,-0.36645097,-0.16804546
4,99659968299621,0.27324033,-0.42397526,-0.08362326
4,99659976401027,0.09267801,-0.50360376,-0.002396845
10,99659980640454,-1.3871527,-0.9165487,1.2368098
4,99659983219204,0.050333746,-0.52331114,-0.0743022
4,99660004634777,0.46365637,-0.73290193,-0.49774483
4,99660006603267,0.8444884,-0.99948436,-0.93610114
4,99660016407537,1.1060108,-1.1483551,-1.1408982
4,99660018788319,1.4093449,-1.3217269,-1.444765
4,99660030428006,1.7539579,-1.4817829,-1.8527611
4,99660033150037,2.7079022,-1.6767262,-2.241849
10,99660039310090,-1.722481,-2.9764605,1.4255698
4,99660048108058,4.5305696,-0.984837,-0.91346425
10,99660057031860,-2.1699953,-5.977029,2.674578
4,99660065145350,5.640043,-0.06578008,1.2389026
10,99660068782590,-2.0954068,-6.1720715,2.1918418
4,99660073744308,5.892244,-0.1403486,1.2125373
10,99660078865662,0.32507873,-3.032569,0.7803829
4,99660087524673,6.9892,-0.1917476,0.29454562
2,99660093641756,6.0,35.0,-8.0
4,99660095965819,8.239554,0.48948902,2.4234767
4,99660100965819,6.1385865,0.06977482,2.4173515
4,99660113614308,4.7066045,-0.6740461,0.97445065
4,99660118614308,4.1233726,-0.7845673,0.118776985
4,99660124718110,3.9691753,-0.7462177,-0.6151902
10,99660139274569,2.3006067,2.7687232,-1.1622982
4,99660141968631,1.9145465,-0.7555388,-1.154214
10,99660148008735,2.163599,2.6869586,-1.3192458
4,99660156740610,2.2287996,-0.8426242,-1.1257182
10,99660164357381,-0.05712247,4.376451,-1.2358136
4,99660166907121,3.0503848,-0.23329292,-0.6396913
4,99660179007433,2.95025,0.4412858,0.079095885
4,99660181725089,2.0698087,0.43729106,0.4993427
10,99660188792433,-1.6638145,3.651824,-2.7610698
4,99660198079569,1.2362394,0.20399815,0.30679616
10,99660203550923,1.6637083,2.4126813,-1.3401484
4,99660205931131,0.85514104,0.07856325,-0.09560748
4,99660210931131,0.7392935,0.011717909,-0.2548645
4,99660221591964,0.71798825,-0.07643273,-0.1555286
4,99660230035089,0.71505874,-0.09534117,-0.057790596
4,99660232003006,0.74488616,-0.09241169,0.0479369
4,99660246977537,0.8250473,-0.08548747,0.1438107
4,99660250240506,0.96113485,-0.12010857,0.23675503
10,99660256031808,-0.53003883,-0.5357189,-0.5952802
4,99660264842329,0.88044107,-0.23835292,0.2031992
2,99660272259152,2.0,17.0,-25.0
4,99660274606287,0.7613978,-0.28122982,0.16644756
4,99660288846444,0.64341974,-0.3289004,0.124902256
4,99660290825923,0.5717807,-0.3502057,0.103863284
4,99660295825923,0.5022722,-0.35739622,0.086020105
4,99660303031652,0.4133226,-0.3653857,0.064182185
4,99660316051756,0.40719733,-0.3222425,0.051931642
4,99660319313110,0.4245079,-0.28549087,0.041012682
10,99660326231079,1.2601497,-0.9104748,-0.5820756
4,99660334975610,0.54461646,-0.17949706,-0.012250541
10,99660341098371,1.176408,-0.32548523,-0.31423378
4,99660343548787,0.57098174,-0.11797804,-0.047137953
10,99660357371027,1.1344433,-0.40049982,-0.3776827
4,99660360093110,0.5360943,-0.02396845,-0.086020105
10,99660366276027,1.1188214,-0.43722486,-0.40626907
4,99660375079464,0.44315,0.007190535,-0.080960095
10,99660382649048,0.97967386,0.61589,-0.13701677
4,99660391344308,0.34567833,-0.036485307,-0.076965354
10,99660397492485,0.95482373,0.5620799,-0.17872477
4,99660397492485,0.32490566,-0.038083203,-0.07403588
4,99660399473319,0.30945933,-0.04580637,-0.06791061
4,99660404473319,0.30386668,-0.05539375,-0.05965481
4,99660411478006,0.32437304,-0.06791061,-0.044208474
4,99660423301339,0.3470099,-0.05885586,-0.03701794
4,99660426506548,0.37417415,-0.042077947,-0.025033714
10,99660432962485,-0.5662205,-0.3022275,0.6053591
4,99660441719569,0.39814258,-0.004261058,0.008788432
4,99660449107798,0.37417415,-0.0026631611,0.008788432
4,99660451058787,0.3371562,-0.0063915867,0.004261058
4,99660464591496,0.24021713,-0.015446335,-0.013848438
4,99660467815246,0.14061491,-0.027696876,-0.0396811
10,99660473190662,-0.60211897,0.0036172867,0.5121336
4,99660482331600,0.06897587,-0.050600063,-0.06178534
10,99660489854204,-0.39301896,-0.02335453,0.23493671
4,99660491683631,0.0777643,-0.06231797,-0.10466223
4,99660502357902,0.0743022,-0.06471482,-0.11851067
4,99660505596964,0.06338324,-0.06578008,-0.12783173
10,99660512039256,-0.42072535,-0.25276423,0.14210224
4,99660520807902,0.086020105,-0.0777643,-0.14407702
10,99660528251496,-0.3394282,-0.4254446,0.2706871
4,99660528251496,0.11717909,-0.073236935,-0.14940333
4,99660530221183,0.14966966,-0.06498113,-0.15313177
4,99660535221183,0.18455707,-0.052464273,-0.15606125
4,99660541678318,0.23515713,-0.027963191,-0.14434333
10,99660549330037,-0.3164084,0.1945982,0.08493614
4,99660549330037,0.23515713,-0.027963191,-0.14434333
4,99660551355714,0.216515,-0.014913702,-0.128897
4,99660560808996,0.216515,-0.014913702,-0.128897
4,99660564115402,0.14567491,-0.019441076,-0.12676647
10,99660569921027,-0.2776084,0.45564175,0.030304909
4,99660574810923,0.095074855,-0.032490566,-0.13821806
10,99660581465766,-0.36814094,0.41586637,0.06509209
4,99660584707381,0.051665325,-0.035153728,-0.1403486
10,99660589816339,-0.4992106,0.24179363,0.12639236
4,99660594779568,0.03195793,-0.03701794,-0.12037488
10,99660599884621,-0.52455044,0.08248711,0.19415951
4,99660603017902,0.056991648,-0.0396811,-0.091080114
10,99660609485975,-0.5916722,-0.1540246,0.20462608
4,99660614332589,0.08628642,-0.04580637,-0.06258429
10,99660621015454,-0.63129854,-0.24209976,0.099289894
2,99660624333006,-1.0,11.0,-29.0
10,99660629080558,-0.59734225,-0.17817068,0.19133854
4,99660633949725,0.11851067,-0.03009372,0.013315806
10,99660640791027,-0.6390908,0.09468746,0.11713219
4,99660644126600,0.09827065,-0.045540057,0.019707393
10,99660649016548,-0.49254823,0.42366266,0.03472233
4,99660653880610,0.053795855,-0.06737798,-0.007989483
10,99660660565871,-0.4988551,0.41452408,-0.117928505
4,99660663810037,-0.020772656,-0.101999074,-0.047137953
10,99660668976548,-0.5549576,0.08888245,-0.1498928
4,99660673906652,-0.08149273,-0.124902256,-0.06578008
10,99660680353110,-0.5764525,-0.07404661,-0.023722649
4,99660683594881,-0.0743022,-0.1222391,-0.061519023
10,99660688570923,-0.47737956,-0.0214324,0.16180229
4,99660693567850,-0.03169162,-0.11558119,-0.053795855
10,99660698687016,-0.320673,0.10378361,0.10580826
4,99660701936235,-0.014647386,-0.11158645,-0.064182185
10,99660708374516,-0.24838781,0.24759817,0.14137554
4,99660712508318,-0.019973708,-0.11797804,-0.070041135
4,99660718722537,-0.019973708,-0.11797804,-0.070041135
4,99660722722798,-0.02609898,-0.11584751,-0.05672533
10,99660727578527,-0.32242155,0.2172966,0.2508812
4,99660733131548,-0.009321064,-0.12010857,-0.023702133
10,99660739099048,-0.3899765,0.20170164,0.3269453
018034,99660742194152,0.03701794,-0.10839066,0.012250541
11,99660747547537,-0.029431,0.282246,-0.74637,0.601997,2.0
4,99660753055558,0.07163903,-0.098004326,0.041545313
10,99660759204464,-0.45023012,0.3743453,0.2635374
4,99660762308318,0.08894958,-0.092944324,0.06657903
10,99660767127173,-0.3888502,0.52272606,0.27741718
4,99660772864204,0.6263755,-0.06258429,-0.017044231
10,99660778967485,0.9435992,1.7610962,2.068863
4,99660782055870,0.97072226,-0.006924219,0.3291667
10,99660787216756,-2.1696079,-1.2524991,-2.0974455
4,99660796653162,0.17550232,-0.12756541,0.65061027
10,99660801882641,-2.1455252,-1.3019176,-2.1145964
11,99660801882641,-0.016119,0.274586,-0.76044,0.588279,2.0
4,99660804447173,0.101999074,-0.07669904,0.5185175
10,99660807407173,-2.1320922,-1.3349352,-2.126771
4,99660815905298,0.04181163,-0.034088463,0.304133
10,99660821886183,-2.1149487,-1.3510036,-2.1288786
4,99660824456131,-0.25726137,-0.076965354,-0.0018642128
10,99660829146027,-2.1171508,-1.3381124,-2.1231022
4,99660837449152,0.099069595,-0.018109497,0.19041602
10,99660845966443,-1.188889,-0.7784476,0.78283215
4,99660845966443,0.099069595,-0.018109497,0.19041602
4,99660847821339,0.5853628,0.03834952,0.37417415
10,99660855362277,-0.58703184,-0.7498436,-0.029478073
4,99660855362277,0.7534083,0.06578008,0.3669836
4,99660857198006,0.77205044,0.076965354,0.28895298
10,99660865323943,-0.19422817,-0.9881482,-0.7432847
4,99660865323943,0.77205044,0.076965354,0.28895298
4,99660867152433,0.49881008,0.009321064,0.20746025
10,99660874835037,2.2683995,-1.3984122,0.48717594
4,99660874835037,0.44315,-0.05912218,0.029827405
4,99660876671443,0.5584649,-0.14727281,-0.29001826
10,99660884731756,1.0994984,-0.27917528,0.87954235
4,99660884731756,0.5584649,-0.14727281,-0.29001826
4,99660886561808,0.8359663,-0.26019084,-0.5656554
10,99660892793475,-0.74882746,0.81258225,-0.39417362
4,99660895018787,0.7917578,-0.25193503,-0.43382895
10,99660903895454,-0.608948,0.901243,-0.3522005
4,99660903895454,0.67218184,-0.22290659,-0.26551718
4,99660905726339,0.5571333,-0.21571605,-0.17204021
4,99660918029204,0.39920786,-0.32304144,-0.23089607
4,99660921119048,0.30519825,-0.31984565,-0.20799288
10,99660927321652,-1.3266966,0.15652561,-0.9911814
4,99660931977693,-0.010652645,-0.087884314,0.06498113
10,99660935499256,-0.35537434,0.31224275,-0.5805745
4,99660940179673,-0.23196134,0.048203215,0.12144015
10,99660945762850,0.117148876,0.4375763,-0.3008747
4,99660954745922,-0.32011196,0.004261058,-0.07376956
10,99660959443006,0.113996744,0.4619193,-0.29070473
4,99660962154568,-0.3888215,0.02396845,-0.023435818
10,99660968696131,0.11348438,0.49147105,-0.2771349
4,99660972120141,-0.46845004,0.03009372,0.030360037
10,99660976980037,0.11787367,0.52687216,-0.25902748
2,99660980219204,-3.0,8.0,-30.0
10,99660986715245,-0.26397014,0.65755415,-0.20379066
4,99660991546287,-0.57364494,0.050600063,0.16405073
10,99660995178943,0.048544645,0.15513802,-0.13935566
4,99660999966808,-0.54408383,0.056459017,0.18429075
4,99661012845975,-0.13315806,0.08974853,0.1949434
4,99661029708370,0.30200246,0.13262543,0.10439592
4,99661062876547,0.5275722,0.20080236,0.16245283
10,99661066117433,-0.5152159,0.1258471,0.4496441
4,99661073819412,0.37257624,0.19707392,0.3222425
10,99661082194672,-0.5521536,0.96889853,0.21760654
4,99661082194672,0.27004454,0.18935075,0.40506682
4,99661084166287,0.17869811,0.18269286,0.47217846
10,99661091893318,-0.28761792,0.88214445,0.41804028
4,99661091893318,0.09827065,0.17630127,0.5137238
4,99661093859412,0.034621093,0.15925704,0.531567
10,99661102618735,-0.052283764,0.76299787,0.45588398
4,99661102618735,-0.014913702,0.12969595,0.52331114
4,99661104562745,-0.06844324,0.07483483,0.48735848
10,99661112397485,0.5157385,0.62646437,0.68814373
4,99661112397485,-0.14088123,0.025832662,0.4146542
4,99661114379464,-0.18402444,-0.015180019,0.31292143
10,99661123036704,0.091733694,0.22403717,0.5861378
4,99661123036704,-0.22264028,-0.058056913,0.22264028
4,99661125034100,-0.2463424,-0.091080114,0.1520665
10,99661132706339,-0.18796158,0.09777689,0.7970333
4,99661135088058,-0.20373182,-0.10865697,0.08548747
10,99661142173735,-0.13297844,0.15973496,0.7600689
4,99661144000402,-0.11132014,-0.08948222,0.059388492
10,99661151014725,-0.27603674,0.36069632,0.6459446
4,99661151014725,-0.07563378,-0.081226416,0.053795855
4,99661153059464,-0.052464273,-0.07643273,0.04926848
2,99661161757902,-3.0,10.0,-30.0
4,99661164099256,-0.058056913,-0.07749799,0.00958738
10,99661172863579,-0.16691566,0.6307292,0.42396545
4,99661175415558,-0.11797804,-0.09720538,0.019707393
10,99661183575766,-0.30580115,0.20815945,0.42647266
4,99661188349985,-0.13688648,-0.14088123,0.073236935
10,99661192052641,-0.33282351,0.0525043,0.45671654
4,99661196884204,-0.13289174,-0.15792546,0.07962852
10,99661205780506,-0.49509573,-0.23111916,0.45219517
4,99661210561652,-0.14727281,-0.19600865,0.17550232
10,99661214477641,-0.5040307,-0.22765446,0.45057297
4,99661217717745,-0.05752428,-0.21491711,0.27403927
10,99661224075037,-0.28886342,-0.08691716,0.8491907
4,99661228846704,0.013582122,-0.25300032,0.28122982
10,99661230934568,-0.13084817,-0.09888649,0.84679604
4,99661237736443,0.04580637,-0.2860235,0.27883297
10,99661244126235,-0.3096273,-0.377661,0.64411354
4,99661248587589,0.10279802,-0.34168357,0.29134983
10,99661250703839,0.15722203,0.24722552,0.6393175
4,99661257131912,0.107858025,-0.34115094,0.20586236
10,99661263814672,0.0678246,0.29117537,0.522562
4,99661268633162,0.075101145,-0.2974751,0.055926383
10,99661272286287,-0.15706372,-0.066770315,0.19731331
4,99661275522954,0.03888215,-0.2761698,0.05352954
10,99661283597797,-0.14898586,-0.1805768,0.10150814
4,99661287845245,-0.21331921,-0.27057716,0.048469532
10,99661292231912,-0.093040705,0.2239666,0.219738
4,99661295442277,-0.24234766,-0.2761698,0.02396845
10,99661303419672,-0.10857606,0.25592327,0.19124317
4,99661308254672,-0.25193503,-0.23329292,-0.026897928
10,99661311914777,-0.17689466,-0.097079754,0.038331985
4,99661315122641,-0.26338664,-0.21438447,-0.036485307
10,99661323148683,-0.17115474,-0.09814739,0.026239395
4,99661327941860,-0.31957933,-0.1965413,-0.046072688
10,99661331611131,-0.2732513,-0.23747921,0.19599056
2,99661336466391,-3.0,10.0,-32.0
10,99661341627902,-0.27044892,-0.21062684,0.26914787
4,99661345718474,-0.33609092,-0.20905815,-0.055127434
10,99661351340402,-0.27792954,-0.24218464,0.18490219
4,99661354595662,-0.31771514,-0.2181129,-0.058589544
10,99661362701495,-0.3173983,-0.38353777,0.069597244
4,99661366657433,-0.2330266,-0.20240025,-0.004261058
10,99661371989777,-0.21234798,-0.09175444,0.26839352
4,99661375951235,-0.17337179,-0.19228023,2.663161E-4
10,99661381072329,-0.33208442,0.110091686,0.31926918
4,99661384998058,-0.06498113,-0.16990969,-0.012250541
10,99661389367016,-0.3510337,0.16513443,0.25831985
4,99661394164256,-0.010652645,-0.14221281,-0.03834952
10,99661400850818,-0.36151862,0.03680706,0.17681408
4,99661405082276,0.04580637,-0.10759171,-0.080960095
10,99661410128526,-0.36122155,-0.15314484,0.11880112
4,99661414973370,0.09187906,-0.07243799,-0.10865697
10,99661422041860,-0.421422,-0.2739153,0.16303253
4,99661426825714,0.112918034,-0.04926848,-0.09427591
10,99661430474829,-0.3828752,-0.0027279854,-0.02311802
4,99661435302954,0.080960095,-0.036218993,-0.052464273
10,99661440446756,-0.37996435,0.09269428,-0.00538826
4,99661444270714,0.058056913,-0.025832662,-0.0063915867
10,99661450022068,-0.34578443,0.2549162,0.04894638
4,99661453494829,0.05672533,0.002396845,0.017044231
10,99661461597276,-0.31574893,0.2729869,0.12315178
4,99661466388526,0.05273059,0.021837922,0.023702133
10,99661470028422,-0.3479898,0.2431984,0.09996033
4,99661473301756,2.663161E-4,0.027164243,0.045540057
10,99661481369985,-0.35929728,0.16684675,0.0072803497
4,99661486169204,-0.072171666,0.02263687,0.058056913
10,99661489818110,-0.29243517,-0.046550274,0.21199131
4,99661493078162,-0.06258429,0.015446335,0.0479369
10,99661501138214,-0.24371815,-0.102797985,0.3691206
4,99661505984151,0.026631612,0.0034621095,0.019707393
10,99661509628943,-0.225734,-0.09760523,0.2835083
2,99661512875349,-5.0,9.0,-32.0
10,99661521387224,-0.25855207,0.12760878,0.20853615
4,99661526174933,0.12969595,0.008255799,0.016245283
10,99661529813839,-0.19523072,0.23351192,0.15552998
4,99661533463839,0.12863068,0.009853696,0.045540057
10,99661539633787,-0.20970798,0.14477348,0.20314598
4,99661544248214,0.14141385,0.01784318,0.068176925
10,99661547881495,-0.19668412,0.13122416,0.3079338
4,99661552638735,0.18322548,0.026631612,0.07084008
10,99661560865870,-0.19940901,0.029018879,0.2610712
4,99661565741287,0.19094865,0.048469532,0.046072688
10,99661569372120,-0.23594403,0.16698742,-0.049220085
4,99661572611912,0.16405073,0.08548747,0.043675844
10,99661580664776,-0.3144493,0.48488212,-0.12593842
4,99661585526183,0.064182185,0.11345066,0.05219796
10,99661589165454,-0.19232106,0.5828104,0.04218769
4,99661592409256,-0.039414786,0.114782244,0.06657903
4,99661600450974,-0.039414786,0.114782244,0.06657903
4,99661604407589,-0.10333065,0.10945592,0.12170646
10,99661610450974,-0.17014384,0.17221165,0.21906567
4,99661629834985,-0.007456851,0.10359697,0.071106404
4,99661635124360,0.013582122,0.10679276,0.06391586
4,99661640124360,0.045540057,0.092944324,0.02396845
11,99661639834985,-0.015884,0.256317,-0.75452,0.603943,2.0
10,99661639834985,-0.2443304,-2.667904E-4,0.20414829
4,99661645124360,0.045540057,0.092944324,0.02396845
11,99661648176495,-0.015884,0.256317,-0.75452,0.603943,2.0
10,99661648176495,-0.2443304,-2.667904E-4,0.20414829
4,99661648176495,0.045540057,0.092944324,0.02396845
4,99661651767537,0.056991648,0.082025364,-0.0029294773
4,99661660508735,0.050866377,0.076166406,-0.008788432
10,99661660508735,-0.16549063,0.18859196,0.15141773
11,99661660508735,-0.015394,0.256341,-0.754601,0.603844,2.0
4,99661664648214,0.046072688,0.06924219,-0.014114754
4,99661667976235,0.03568636,0.060720075,-0.019973708
11,99661667976235,-0.01459,0.256376,-0.75564,0.602549,2.0
10,99661667976235,-0.15998602,0.1844418,0.15129662
4,99661671375453,0.019707393,0.0561927,-0.020240024
4,99661676375453,-0.016511599,0.046072688,-0.0077231675
11,99661677976235,-0.013008,0.256587,-0.758222,0.599243,2.0
10,99661677976235,-0.20401502,0.3917129,0.09749699
4,99661681375453,-0.016511599,0.046072688,-0.0077231675
11,99661687228683,-0.013008,0.256587,-0.758222,0.599243,2.0
10,99661687228683,-0.20401502,0.3917129,0.09749699
4,99661687228683,-0.016511599,0.046072688,-0.0077231675
4,99661689698787,-0.02876214,0.041545313,-0.0013315806
4,99661697688422,-0.032756884,0.025300032,-0.0031957934
11,99661697688422,-0.012906,0.256784,-0.758188,0.599203,2.0
10,99661697688422,-0.23389435,0.3621378,0.104216576
4,99661700859828,-0.032756884,0.025300032,-0.0031957934
4,99661707205089,-0.029827405,0.01917476,-0.007989483
11,99661707205089,-0.012899,0.256957,-0.758167,0.599156,2.0
10,99661707205089,-0.20804644,0.2400124,0.09637928
4,99661714286131,-0.03169162,0.017310547,-0.0018642128
4,99661724397537,-0.03169162,0.015446335,0.0013315806
4,99661733571547,-0.02130529,0.009853696,-0.026897928
10,99661738977068,-0.24821639,0.16419268,0.24361324
11,99661738977068,-0.011797,0.257365,-0.760797,0.59566,2.0
4,99661744108474,-0.015978966,0.007456851,-0.048469532
4,99661763623266,-0.013315806,0.025300032,-0.09773801
4,99661768623266,-0.03169162,0.03914847,-0.07989483
11,99661775247849,-0.010502,0.257785,-0.764547,0.59068,2.0
10,99661775247849,-0.30021548,0.45338655,-0.14775276
4,99661775247849,-0.03169162,0.03914847,-0.07989483
4,99661782273891,-0.09986854,0.07057377,0.03009372
4,99661785699464,-0.09986854,0.07057377,0.03009372
11,99661785699464,-0.010451,0.258342,-0.764385,0.590648,2.0
10,99661785699464,-0.22608876,0.34300494,-0.12776947
4,99661790802068,-0.113983296,0.07669904,0.05912218
4,99661795802068,-0.14620754,0.08841695,0.09986854
11,99661795699464,-0.009091,0.260117,-0.766619,0.586984,2.0
10,99661795699464,-0.17549801,0.017445564,-0.08390522
4,99661800802068,-0.14620754,0.08841695,0.09986854
11,99661804886183,-0.009091,0.260117,-0.766619,0.586984,2.0
10,99661804886183,-0.17549801,0.017445564,-0.08390522
4,99661804886183,-0.14620754,0.08841695,0.09986854
4,99661809886183,-0.19228023,0.096939065,0.11424961
4,99661814646651,-0.19228023,0.096939065,0.11424961
4,99661822627016,-0.2066613,0.100933805,0.11797804
11,99661822627016,-0.008006,0.261211,-0.768685,0.583803,2.0
10,99661822627016,-0.20391178,0.14880466,0.08493519
4,99661825220974,-0.21145499,0.10359697,0.12117383
4,99661832157328,-0.21385184,0.09960223,0.11504856
11,99661832157328,-0.008071,0.262325,-0.768067,0.584116,2.0
10,99661832157328,-0.08987141,0.15363693,0.10597038
4,99661834044672,-0.21385184,0.1222391,0.12916331
4,99661839044672,-0.21145499,0.13821806,0.12836437
11,99661844575870,-0.008254,0.2647,-0.766643,0.584912,2.0
10,99661844575870,-0.1999197,-0.0048947334,0.5112572
4,99661844575870,-0.21145499,0.13821806,0.12836437
4,99661846455193,-0.21252026,0.10519487,0.11984225
